30 108 5.863744889886988948727065345101667232731556390745513515351513769415857548969356381653603962216375732074512583
31 111 5.85570956837628266155120492572421116913970482122012915030077307944602773229748952554319680942402024532652297528
32 111 5.848724728132608239035598867511249854424272033761154522595062484632096970957818504298398181870520485438200879362
33 113 5.84262165124657860927843606898249331573913022700279899293345985049952051388098774124557579916650707486091735199009
34 113 5.837263567398054336165035824060681028515996431347692550542773683381442473277556855577910202506199457369836955239
35 101 5.8325387231444429389601731539588269437691705059278762532118780685457869270869045926773990420026063361
36 102 5.828355137729372759384549413693385664477907824677924091108905364578698941099014288785706570105965905477
37 104 5.82463659251354493226470038133389722531079668097226352153966096185926987986824182160485034314352698453592
38 104 5.82131953361941347574757959430462036900974337589601483527141675349986091960251882854456068928044232859203
39 106 5.8183506580910095737221044262510168448312764277058207322771067418233306217976783751078515431529726096586862
40 107 5.81568501687928924507690453267680661107742388709585948906000291781214568838623931941158219485650605504476212
41 108 5.813284512317802242387924197444253459455971059605939469679049067376511324701772439001315391731001787820576657
42 108 5.811116699363034308804220686959898485750690185062274515650499047094253487808231193662354482814513720005447296
43 110 5.80915382265931902002703546995467867540332291251197773879302394994235727719149119953190927790209915876389323631
44 111 5.807372038088428741524302932558699972592383704393318024059495415942278748879725858406793031311412683354926720073
45 112 5.8057507796783166150388632530759470255190010163081523179299128589814282735399770680725567306432083781520486902207
46 113 5.80427224181640616141004841827677052170420744319901750732022234494945975617260020839671596305252127486307423576927
47 113 5.80292095350804925425724949861962586399766254971823805111720088878707779952330494266374161687566535673573061066771
48 114 5.801683426552919115721873551093165881785197446751537553398684952169721274036030686734338991550399282220800323405559
49 115 5.8005478634180800329608505566240139938078468664060841604047595679383026957257552492546657614825743805631131835925851
50 115 5.7995039135808478082438457004504688931047217775081812423479172011948960761466811208159973248409782959018911882005761
51 116 5.7985424694258468501860072193141380562764573460772099388607785295795265126390144839635824642672113192364431249664132
52 117 5.797655494576303082437500939642640861931315087879030441343524332601248150796477495609002454739029601223682570594027469
53 117 5.796835878943227951256098586108471907057272391924038750832176739328405531846498294609534143677637109487412377787614767
54 101 5.79607731587975049855642601872072478887239511013516209036004457746185379545651862781467693966751429216
55 101 5.79537419770039460339783511546572205169390078762298411216256668143858464036102853760983345804564965571
56 102 5.794721526518608114169753940710452214983926203536435208453817791353387137421763001651673963532514600732
57 103 5.7941148379098469198725995994907906366569430629292985148891237561490444264791937813998066155038227180677
58 103 5.7935501353521988896785492854101091066336439113274072424662100995508642347630292911241871515493982070571
59 104 5.79302383375511404337266463342411588492499870006688794542337894094304894618321992192474010989701179609938
60 104 5.7925327106772335513672659302080396513742132775908997795008253905186819265967320608833059431154615628724
61 104 5.79207386407052822020451531795082725922178000808566163531851026133726882224396202605827342993661045893845
62 106 5.791644675580862443703202036404381205637640671837070786916695884566914021535510039303915190243752603121114
63 105 5.79124277859324574225517379890219360164895567717283767293425671552512719905301996292379694561630158051314
64 105 5.790866030340167771863424699185650586464890998101252992307004836517272165466743348582916593912207901087184
65 106 5.7905124874988799059829108975248024382807250358185626320564271876800737548783747140279259129654655552489771
66 105 5.790180384792541446719541596853421390537112511674438606775149466570321628413012587574845529739091909115311
67 106 5.789868116184190986773824104059154549121855643336924950659247546082373552880848680622448416506180536255476
68 106 5.7895742183142612980512457120033291259259907629553953503351464421736032620500345654498401364109714232154735
69 107 5.78929735588402663601662582773629934483632731408493262855927789005939476911631044323977743130044778295826344
70 107 5.78903630873073101715696119609354251284027210964814846246829079693219069758675941284686077258595665204208542
71 107 5.78878996037663633758634912399711263358126800493081755374651779029701075578948086971845577379347793446965442
72 108 5.78855728786502388338343459330543174915759604656541094772483168537536806198553575725011663253980383847091549
73 108 5.788337352722240762099180270834305376647120960723257131002983492527287367719524290600280720071225968858363693
74 108 5.788129292906990038923559811941388108069362940700882148584346538297318273018578747223447516200150988154740843
75 108 5.787932315626866141116176271394121691868190983732405862759037716466413026389965530781939511758386342487283048
76 109 5.7877456909181683805496111088500171561416489020221111695111334313845846498164287161813701246827508640780127873
77 109 5.7875687458987260942722421340087724378407804917792185139631227172791084823449719636934293766473189786836383009
78 109 5.7874008596152046156978511322247813233304696544336561651516146928345777156688152609797480362252183664572182032
79 110 5.78724145841643625679063597679007755878809143510390297573664968277626151093605460138791332492386213303254552062
80 110 5.78709001179298841386645821731370879467686870559569788626528718945462951028484420893085213962793681088015431679
81 111 5.786946028630653961561066421700409381955498563138567728564193306292455757988718227129332163686471305335155637209
82 111 5.786809053832005126292234238997696885465713377886207083676674315283286020009025228916045424505298372569685686997
83 110 5.78667866526574049856123698974431575338135987157475481507764989059544038814622988985653018272027341290296349291
84 111 5.786554471008401661096677127928845471469538610890289846450100009661118132934955635912954416582903679569805913007
85 111 5.786436106847247386379263618730867459916028414590671478730457743431751969172911189277802793839871193135560815597
86 111 5.786323234016739455691817258963574535706878120633006204240926748641132469493554050238688878386830987557860980216
87 112 5.7862155371442911699151237359760442709217771216678605476621154531203011373505312650530285616571607119882746025637
88 112 5.7861127223837224053997072670581052422160915724594367421931049576226944484595070266331181296859625050988387522336
89 112 5.7860145157173088434609405712116069035313657687795957111644873864043022795941684943028719911503350802229783786793
90 112 5.7859206614094548998303955824888068142109573379548601124246150840926438520241668566929937460315947587253519807913
91 112 5.7858309205969002009039587992312657952447254308470016800715765447947856232918676650223328767935450267780993903664
92 112 5.7857450700020227227969821770759328144730094466717316525560339264842572280937314058843043519631551671851852704331
93 113 5.78566290075725756152945710481460964871833948571533486128858257172363389139038410433415315120665535563886033871445
94 113 5.78558421732993422062685549402505466547836848008660077238342134937032732269907832519425490055798227433463174852419
95 113 5.78550883653796923736051401941002562184700148299207913996892040774463567754082583963890222956308935896704351240645
