4 0.97476486058794589118102484201253639876484330078751060666038880851384942348956705650281223509763580617941015018009100512496403332307721435767538
5 0.27216489850560027067006377253347123446538147357376929402018063361792036454610349113162288398070773434322410598070862683882245971992270410338683
6 0.31053524291042867037171501764475865495605192239488817597571914722998835279942431517325821623655584789037567577968088158567010799980516737866972
7 -1.550915582892726766347839341176020991761626975894490509684333434231038078593771118477403068568880750355187716633028067104061988123260518600622
8 -1.3225415601735244683625614253401743203490497512419000660657570838699577312832772905993535052420246518411779095654004327811047220908289911576815
9 -0.95401327070626371353448772929681118413960579292345207334783541225251969964878631745990414147710323422681197127689661449983604455521596692601159
10 -0.67657916502309746153223451465403911825850636189618197850868883321725980551063967174583415389051579411834812490598986737091896069064909286126815
11 -0.4836323804716858394577566513605133340494040203909119102176734284509505627180734049176485567016088339535325337497453927938468612668588404255714
12 -0.34868681140949333109812352440748636316795312148905145310424788765146757801157558846923579196840710922020218027345132191556199353599125030805245
13 -0.25200302458762733558713118635777300388294227870892566200699608731440010413416019212552119072833128645836648328267989242551639896883047495029256
14 -0.18083674077397567579981078841846592111480993334917786054743715509726230466349747951261025339504045282930887953074406075979916014310992698088049
15 -0.12710036550863063080747756343668613711375099044946111612944045614031148008284234518541108978611213087181618841333175028219545360920882428149519
16 -0.085586895110663602222951793919051169331679397487722239654654594637894859581205892398894310583947991910521746031190271800685137113106134659750966
17 -0.052864287857652110136870526608984771025342392084455162001630574782933101876219801083127629549968142148919711808900788457465412093147289890569325
18 -0.026612493783347926228913168550370537793096511169347773652908154693079982423473007847097786807706848039543624704271532169892226651353610244504254
19 -0.0052242745821756621114905637940434936206550540338170905914393523390403288110805985694953938948443933892896726892176611793606794458469232304918183
20 0.012439475455243808170606463712520717058037100720243492259510481147637791896357578964660009485768797485885751327417691536362483658357318951506737
21 0.027203093379579996386425470960949757911155404150132915071894065021225566860053591300798436498015443479448124684198343673046873480709672285859966
22 0.039674532705931509492367708211239384596366665788918666474177634656272570951984738350898962900704029849482653524290428755713759809248392093244119
23 0.050309921004964265407321798095566438831768709391572418649815438530297072262925951347052117582210598517737264035196763297785918669232167778995109
24 0.059456835554427178087336202462398885021892728398294896715004112108874316511514721780773367731019994171327091531352537580730094821148916968970234
25 0.067383896577399218528632300871599204345265127138091249069410864717588038995391633099060927191535181367251228846011184975905343140586831307105082
26 0.074301380931459221512505660783399968248739521308277788671552574250957899309464725356112226492759560794624915496827347619525312296038480153881919
27 0.080375827718140978009542052837648474688094304186130100737655341653980205612522349807812076011266646603114052457351173439527565542812962219329368
28 0.085740550910911292697067778232858359451807448518386434033700349111213339052546613435268979215571300289847291184238143124286363156629797187120754
29 0.090503316567428880617422110815162696582650809807041249086580924659114546156920338513963342207050291454661532910279689733869772633161081196681548
30 0.094752025020359074002242520998719901093478405276461111870308183650259912693105845675792816837202492094075537807051629412772087293877674652897062
31 0.098558968936308792588220270550743730977091699374762632331995260542966684628482127875399451422572688230040698637236671327814785293422911975469437
32 0.10198406103398846238824097295777649477106898603680046531853661642443169394626046165865728142341385928992438653930345031463173882746389510782959
33 0.10507730700036159972255035046989089047737190911273652315036630783491531496314754699389665797035997493224623273110160647707245990008208338767633
34 0.10788071899041243286945942509622904241587931663346148298709150263916204536381051395531279677566144823114457259547775413782311452184203186590234
35 0.11042980999751684668230257921669039938816666127815187734887394245442236417859358571402302423084451838948279204613671269786275297126045446772251
36 0.11275477100255631163782565914861954468502972534469657926634498658877603385374423367903955141683436175501611859223702350512900744438580744510296
37 0.11488140574408557305606547928399699638123633175839198855024756072487092774851640414747915810919369768552818765694689750371873882989789389218843
38 0.11683187864093413291256983444563568857870867205975760510800735213104714069465980932938744091301802514651962706797018403373287856515240909217916
39 0.11862531746909843242019919884595037959434711172931969752372843568205054254068541022270569801918927297786318316322245429699313055660191220297516
40 0.12027830224300150552073382930054955697324893851727484034593716452703413944228485639290483626313641754088083480625551348606720481306511554663974
41 0.12180526428044874058721261249570167459632189191496438227359897972390324909526835715458278247378323040836777480972692172169540094219046430625467
42 0.12321881388225000521798638517552291613011959692171013285109151494757085438668910387514966158664295317769962233698261420465667549987609586308379
43 0.12453001090101524868003413413953702321771838033476453883079453235535021061361927469253180007712139958143313568960115106772412769652808782249652
44 0.1257485893342841618859584276076730293214028057002552251797825137629562598571122509479175249182233989752178643441957843952666925691039422321373
45 0.12688314468756638571752379465592431426865764412747734864089740633702401589363134256213374647961490435870121413380693921826594605202633173842241
46 0.12794129102056017705147464274457067004412312333915073795310273707799430648965904991635900768541637366511487236898633044043535187975784405134693
47 0.12892979317498135387889885884035572449772734603569925457242231915453288254033043581569285420993599549012445050377567384028855643207066818124404
48 0.12985467858268366984763271122913776636983839532572467440357675460125123481262393101169353816722799375321684469621287143348022292445186900843836
49 0.13072133219250561539273730414560601666705217872370687506377884039088455391769319792396009205143180362592686048899216759094029199751597307516425
50 0.13153457737732179801601342611413247827000259247264199382867208369224633879911775669927232770917121196043040781039456368782381981675484543161848
51 0.13229874514699636700066300770236092838330837903438206652086097182296210959320570689483725430381057188225818347244880425233390925159702606571487
52 0.13301773356656553763838542665148172094967858948237134233039270437901848210898973974486999372291442763290355250785291524107852016605842931509174
53 0.13369505893789768077395552339375143047665162061147167041222407763555351262308251857214644424631167407279900157191476098252922026386011384863683
54 0.13433390002886552547024596801501059458833027000844069769960110635863137213398500952552176764441037123893756327656334532114119412974559176099162
55 0.13493713641255232085842524545574139191506659961766194766095475731928171913605957128278809947866116507398500751965546564253306851710350626173908
56 0.13550738179925337652285536331874603850781780989921968667409352186709138027958623830668589073092702432387057714332005443737096732313901429598045
57 0.13604701309751559341311256777793599129570614477950404960598239310353436062798876052390405474670636324353018133450946673459354880839162659533202
58 0.13655819582053006519514294792971694927684339828633433563133674053886359166039940665307030329563545814851691621691924437486686271986800643264439
59 0.13704290635563353365095569425107976912667166538411138606676530093860383818312698895639888741348191392380765819143494215409960212925736172823749
60 0.13750295153336136643072475534617296632174376537217121769918928289263385181430907316009244721174877528166552539327243643784401915095295320620279
61 0.13793998586515940394804006349844081956476911459245858221612434746060738338733119597909008377477986252347957372369386851580176372830958785855319
62 0.13835552676290130900449056949143933425159105937103350034891265064173262662039709360796634952890625426357075312540561736492691792444659311183032
63 0.13875096800668958985076151141400200993739293983430095657710115854657519343461465566038509430853155142320767877062473828999856426125974643156851
64 0.13912759168836956637098116146074118458467169472341233029501151324491817448544890439066561005869951121512925929867811749302261886538319450858827
65 0.13948657882540718952776910565662167193626867398261215850367622978939849926078591372208994852515787015435539742798277913692609914995590448032237
66 0.13982901881218160266500676588510750746052708897840793057549993478924615135721311007305931733727716340273760435423374317390447231616796966534839
67 0.1401559178524340622578431387430568592427823879882666888406274201351021757309569242426821501741911886279944147063448498802867970065953134336473
68 0.14046820649687240394947660721683306385957862637736227881397000991370447973425278155670809069820471716777192840981693444976889116640111830274044
69 0.14076674639316216838288477041434135096117410066187340865869978933267257262014543432711792126160446876830698978099015185856834085328012131089722
70 0.14105233634125524537758713259877850592046399869313182101441367089320775037803285645094090445691719576567500463795028157218474109925405545170462
71 0.14132571773481359895678958530998215515663656203857328540010939206122841572281828477922444478885385926353234976381520621242472401647525642615714
72 0.1415875794590479997647697454373813938770218657072653635464449055762020752544142224029820625270721785891639616416220434217951796673147451663555
73 0.14183856230633506554019220850104793200560771388841617452338434213402859969150417751538689898190947093679107513947471563967552912779009995349415
74 0.14207926296327193390852560964983855969191645893112379395288854942666869634146896569512008276688344806404418636154897248111904254658394983089216
75 0.14231023761618614756113442474786846095689118455785383105296996688487535038588056831559203869894398370917166284843707324199342208168624058563559
76 0.14253200521637960015428131744889535907600133625555851122759354009975289824642291956560832227274019703433539594268191473895195833283886286387674
77 0.14274505044141617953130541996408544448952294681284610345389178376501490893182067587904028052561660985832215957523064282274770427541067037994757
78 0.14294982638445083811813515461880292637225102642811023469243897945436442932919559607124006543273283097779943371613078149317758634378740825381436
79 0.14314675699984865004265482275846586613108240216898114387925497815979768486612284387063579170715842574255953959217685152685731287475120088020956
80 0.14333623933007608713415472791061980255694090007517203587589233947159116065460285211132461809316530910105818766150317525704818509988826249361111
81 0.14351864553599560397993490098484998514056622023109562880696790399475725307062165218134238271037004372879762013758290714366685642869981606086882
82 0.14369432475020123682319127565901764399185422069437621362258468349086491732366796286826747783434804157645090136348641359674590512454310667788136
83 0.14386360477084843537281793212038912227550301117888550261675765568757446767789152649730047539410659385188315043602090288061808730118399695405143
84 0.14402679361151410460923612642556675617331228546686647932058199438264221294369544362862413452745395500431226460293262512240594094168995578042467
85 0.14418418092093724299179537294301122719274488911877846645088025875828556886801567371544993863302390256837897769546309639516866409410423015339215
86 0.14433603928500614918529829873296211277564218109602261297629797132890354869195299330935580358144134773385739087891548705633783706436916598299982
87 0.14448262542204878533705346360748875669973880642700904281358026527396389616001727624125973009896911030028193217468041243853772766103409547699246
88 0.14462418128132605436877187366783908629862903983998008888178722102633924439617169603973750211987550505358077975712477703041661783068023297750492
89 0.14476093505360411229346124762958521026829381926424769636804593519074290023908910485589215954033363104579424848587715314588404108927856330542195
90 0.14489310210177468844910004441610515710218015152352882593106854132827036918616383783746516117395849364127665605006298788453120509298175310735258
91 0.14502088581868728447659555295832447229855438155182295454916165213097466494363734076740891156135360000611774366672724616006097865404044025756488
92 0.14514447841864155909175458547537362921517099393966307810164051111368433076931849029959371007991183158463921983099479327640709835021786861701031
93 0.14526406166835132895996436481940583862861660347442141876055206579683961392508567440796507090946946246651868992854855967595677382084770034053836
94 0.14537980756262399615269070512621177117450139857670391357147677888064659813450172054198438315812261521716484537170811139386593410920375184395918
95 0.14549187894949264102856825942781734585241729065056620880080122988374468845607750156864440341328010005405968043879811879274702759086709054959076
96 0.14560043010908533884915468170716063054550978863620094302254042389013930092085957319319088791710885590213807007219537424898724253476230814006212
97 0.14570560729011121894680336069509257490058287129946444652984771543444805349589160436090676326098236290353708036619932993880132981471384652466138
98 0.14580754920747992038350929846489061237740882202021235972922365771586633060301816300835912450592197463064070204685036993514611869797373433717164
99 0.14590638750424561950827571316317067265398127160628247135505688964379743064533686400923820483731371891591449141350167416660083172743006312153961
100 0.14600224718077451220168521568800843917485458525953385391956525255063371253038712887342705184436794919185442530453473217846395333161278681535337
