4 0.421719328736633592606957974217789169428789528250624672471938125997539766335347129555414256284690682012042773938091495040495471148925955270877
5 0.253716434123419760639993422880710416973564884838663334941372648742311170432159598549924999422655346035283278860828799148668052384335858905463
6 0.180324759388445477412519095769846403767160734478342343501816303927274131899250069432075388900791896948374006614365045188113511838285454795918
7 -0.289060681165196858267801536157154653045354353730138753264157077040052718704323343744715097955179326742610682745934623571200188554764348006225
8 1.13113279506883682846206702745802852568250546972324460016846684395407437752078931516875427943268197860531275212844524836537059301725312478561
9 1.12459381119925681658763979119265571327734224862983276183075740479312279749180081271189815823797393839524574533229506029281913556679649112811
10 0.825789466672289271603270243530646678458488631631650190968873836298509133703652726824763487205402479915002516162306726390892968743017115755629
11 0.537119711233253406203341839813288669501215389818954380526911317502644576835930099172840695314991808925243983207899461325462008587734490564141
12 0.308759298278231401639546724431209807778363843838018765472298480586643781452210860707787814520389850895878923668219567210701282470714703436796
13 0.135754879573268380112347259918684174351110026509045537464093819553590433844784854474760705488630011767894982834708690094358882426940798044791
14 0.00500414230876010656099734705966907615157124967954476662678185079881447088314872130559540937088752489869250814765583282205065156586462877893971
15 -0.094889762813742618444838254842809834893730549617945470514036317607182586238301679580847008233385746272081768146971959076506891366597907008849
16 -0.172364282525923962930809816710993386077855593828260906645475986245732243190556455117036856334012954369936205139466387850594326537111751519109
17 -0.233407292788207291786354773882300117028173719513340601478074826149239386032892169407527431678408266961146327593997387284867717761420264818957
18 -0.282240851940853236763118113540134699557011855814636193575882960201230248040560717219931683688231280623293612208372627382576699371787127663024
19 -0.32186291321617027748824222996310342965841454829013383366733796477626297539527803669913449190010444087217216615223965933095466494158489894972
20 -0.354428778794175079856671186730598402815392501541142412523050338840426098817774483950776213358786424597360246093703733873946290872364473187444
21 -0.381510327445977343288229209804642494355972377548602707357336339370683040476296713162667073443653727038441214813320014945615222193634617505736
22 -0.404270944136302917597575867384724813525330591972564322446570647182276187865876453898096666091292124308467592810746133805662493906877957457715
23 -0.423584140733479472734307674879538436795393054493026993116136007196943796056416202678514271003208449406439709433764195144808429212255860088237
24 -0.440114817641462411317229877503205390045817892285010954278589675109093201449235359522045884466360752727815376105329475015601817390020342100706
25 -0.454375633932617860814641665872641067380024679551608514786023714941657583398079542923561048209060770369055978969618893681940988174400429742676
26 -0.466766636953724831890304628292120806189716347502295568697361090884813380769864135124136564053410515746582617002454477095859513320792727036876
27 -0.477603500440518513207132096171403597508101770824778064800247102781650481366770267042284131761493849995816852061189463624345995691696981976203
28 -0.487137911945750276559017050787416100214423709592544657510874126612911723438958822624731527889773758844031027140348321859081541598143310648059
29 -0.495572479401476832937126022622294813115423014330688601730847062021124587997993960746280233056062832850221081928351661202403686266994224439664
30 -0.503071762171903785228219468491638137460676048071515506116281635836977260077492914574301665986441394868808478955665338536228966039562070053793
31 -0.509770527663669004690308663801411454102539156466390146678493190483969156971323454481305247756572185637023020217376956363961834428045559830978
32 -0.51577999805404164711144212841904993503790634168207878235144467289034530824174669559423805116059845224009038055460287250025254361844479823343
33 -0.521192624462993898760938623397712146731838853908711373585808976608297947946082642556725620939730837884871203063645904267599137760596291805467
34 -0.526085770610403344340601300996830581852700474587203687940603534216698747794114194452472802129066472592855450114072465965425200618266627093545
35 -0.530524580634411977158839604289861501697968527675108231442303743525578118742312083756387481260108857380908843003724479283844697990165285671961
36 -0.534564230665919926906926472038794696718965196302078558237668468258098465973104189167721859278256585729837181808198791474404616379007532319086
37 -0.538251710671973801497635089409514978034756637433535114483091522139074374744283696954775850130107205390708510159055953562222375194838361537937
38 -0.54162724515582158667708638543276491664292514402121990888200904840182439495003882442344907958791358193779882781900063512286789318560135627983
39 -0.544725433932339492835045422510810506852546515921113369643389428308953570682990369312468689460086553275508812785582795781896357885408354293388
40 -0.547576174256205763747422075477481486956115733589284198490804067596126446006623422554378583388239510590363759978447931140956494801916056866896
41 -0.550205410917494196346465499331041514253329790608377484080522454215242599588576772611838182494349933675791106604736434286030713829107653833092
42 -0.552635750043774441987778008362966581358316026495769795452469708076778946377871271659109839271780815234607187608965746084966369677295502587388
43 -0.554886964214050041336901553297279533434731930474298569671902628225488637338751070524140796808809320329085294262829575919233664980971146693998
44 -0.556976410358470217030778045717693308859178685009542872700602581438693166201178536724864157400699704253469607597783909539682475325367406406721
45 -0.558919377260863743796020007108777191858043977178265563550928874321311161905787250842780908411569167015173827582712814379267371643048959489053
46 -0.560729375918699088520911693397730710778042675166644992405048964629554444475660072864286526851321009200128132852927477220923902625820700538764
47 -0.562418383271149988646933011811975208194578119251029239330818737417331265215337413355935995046623790335160931418232804762408695444447389567241
48 -0.563997047678626735226557254590384356183514825774112804087566761992615769645367087480045621043885358827939605395961892366132542679112628338027
49 -0.565474862877541639698174424952889711287333498428650301147044684510781215741702363077347993332508431569897071005313239980396955214024282734547
50 -0.566860315831636832522253154416460829017935212463781825490961476786274781368698390537232824527812460035829807539226527149255013615696125942397
51 -0.568161012873212682282955380252735486229061773314217718383931928869579825905675327417650517755456872197786793091348840369360852585933116887694
52 -0.569383787711788203953219774569817905388843071003594541353429324145870881034905365131500222683694133936773970452738602173713078849021209061937
53 -0.570534794236916980226714150488420067411058466074461111459420301677781959021577754432462139296238137792795262769783519229185328447987910729702
54 -0.571619586520098961560738081048691631415282887005967064562684750365290713687264052352101608526440335974703454135704447984015034412826091922298
55 -0.572643188000379867936427951032952296476480491234836121109741907628972352147945566753299399846798675845411899025385003841548244506803042588314
56 -0.573610151498035624290005040535390444407499421892506740552487746340139533977957919426232634108230055882979193199071837169268733766179777705859
57 -0.574524611424196470818925660518739423220444868751856517978374626815974953993336362465566376690835174982903073216754765166648482716263311273515
58 -0.575390329328508937445897493874367515444287586236925379806348581967141664599434964042362754595243593323142038544277069078521183026213195540869
59 -0.576210733741883834801306210670174557052554290453007136643285653349781120824847031376009696756027569276383885462574782155747554563998195173557
60 -0.576988955119098768359283708086739019099569966063346966020603673154708756163912347221651738568118894657656867742244022499332631470787317376769
61 -0.577727856560237104428820162686636549871767854130601449803778980060362106066513102015560078374167408355723583498853638088221555355787793221794
62 -0.578430060885664133934526045049823527637132774469209609229525103761074954526963968220449872107598811943573049057113300841244086615852311808076
63 -0.579097974552485209371840248166492045224510847106363288460906621055477636304719057194783889090626769511799843763143412414507627943809248283069
64 -0.579733808828010368822763108676839265358526389748425589664646542003684619213493722929887818529349125806580406666607688884619180385013992135446
65 -0.580339598575099184993083756358472398884189775434895106811747120745794141075585079590592534522708651498084501415675511751293237256809895976022
66 -0.580917218953305489008806596868068883323611497563866802319627485922749637502736825540767594287472016486698926218196534158280294348156051898657
67 -0.581468400296803662179236905473406419890514795747914371835314789127907844309199966742222131985307190544678448526858516629390297313076569909162
68 -0.581994741393788862537261477293422716378442415899922998487532737950868678391659404615888102294834150755424178579549413992455143159407788797356
69 -0.582497721361286175280654056579397112543131816026211612347675381840330138586770813025480354095227414152280866708722776148001792289281353993785
70 -0.582978710283163275652830751122499672060065818198340201424598592422754754189576063037765322709002233340949245579567334814862842754274933098271
71 -0.583438978756865600471591368171402036219618844369526756229694029816803392952719391198020747654638463087978416927823277686960546286843115170373
72 -0.58387970647536193277742409387339978697156680293549340123435870302514300128723493357942340819376070331936081274659648182465855496910560267423
73 -0.5843019899544885683421519289614415533526668720469131407079773762026350568369953141499542645448469173247224184883134619544820690487008335201
74 -0.584706849501886086249116967495326519004565754401731201444385529990849491036765489840933996682888680056331265094308802209684115834002000993332
75 -0.585095235511679894475411819286268354612998760909453716845445244770061778413360644923666379940683159464452983151404578602640374398267801630132
76 -0.585468034158668515471931213421744197200534046116554039588478168486556277073714293871186470144387724224234037281218054831968453808857379466472
77 -0.585826072556804628739836218749741089980757025194319595078244034379036244059659148714002762901402995392348141642260443590384705810218008067939
78 -0.586170123438975644535716943727297773583125066030792677317545353101097539478346706098785370825936412087126379076475398451486085128429516627626
79 -0.586500909408338463863162500490598326949949945649265227967028235812282401801088062896120615404840639260656593062737587553140316193225124782315
80 -0.586819106805589869636551348754974653825027623420047375424635616520777957068298675638610285997008068948826218107590401244618776156307274396871
81 -0.587125349231435251415208582538205835319852660479135829309297307458362083808752922401760535118587048550544466282092728681108723553812271772812
82 -0.587420230759048652708975186011628837141806592996761892783720122870863977263765241641694760289748268113304412741751468477431470755429142517735
83 -0.587704308867406901876969211406565116489524922114291702591593014595484895774034798226268326466555674471281121340482880790260599338961825326131
84 -0.587978107122953630012700134051300775595343513027615249879525214964459859102404537763584805629944055605233606749508581832608391194051249870068
85 -0.588242117634040280183014209155760593035058664604623615747754403037674325012024003154597147554538912400399170948629529672109055805989844701782
86 -0.58849680329994519908034040342085564770838302592166644795614905816745740848949657083907608012990991348153620249257879159256610095538485996259
87 -0.588742599873940972016875578755853930398600550599290291146456622205649218707135737960535947768659030451848526369630085385859705875867232767752
88 -0.588979917857823457876830153157803581121949908587626417866962020567334894564940938528050263884140321807989691743687787273577864318530719306809
89 -0.589209144243498365432264457748102361509533224326857274437646178333335689730226064154570038069467909730416627264073191691410336418928123337285
90 -0.589430644115612411514034049607125968421041414878287233057296700080706902999097514300171829938349652408214837874186449336772552918696769541541
91 -0.589644762127789980651889158852697643662340820048178961712174106757987285555819387886902186211354100722388048105407541341875420810694908679947
92 -0.589851823863770163947983052900175713674102153941982744789280237892054472528029157521925192242375942703287996217779798072749528294274728337201
93 -0.590052137093613512020309080922726165446553438323484197471995970810380212614444272432913789621627344919939483741808449701320460699310166679476
94 -0.590245992934145800501767344517669199349238549790840722546820779584962208234227982988613274317093022052660226696983243333752865942157467159282
95 -0.590433666921912805298361678490917133435602331008984660423090873390361951020266130925014804473517880374737162273354366285446743843358335130531
96 -0.590615420006122656482218604839789138608890786329610803395347639127363213474852070132472945932620919926324810986764210855669064285651176416393
97 -0.590791499468339566740140988022473009754506039042963426252029892628455639109044471656361439076249129162899277485654035230400510134074112137499
98 -0.590962139775054813995395071102396083356007635415309811127910729477658852407136900992141244110051566747069230774257757678351838066349345088118
99 -0.591127563368689225673683493145279030864660985358881869593368837419697430912134601281652612470849116635453173872065731756497089140630512755754
100 -0.591287981402068553091656791402261580632283475963241363186688015253955077810628619345704950496699736622795751799514555094845535175340883277263
