4 0.36540594467106271757643604000934857131807754758538229839630063403553595498357398288889704361751161592477490034013643238193618198446696416572
5 0.52791798512126493044404537012884144296758303156165250057030911781858114274552756848840450408426063439908780493189817823069698325684855382667
6 -0.58668852786270913083589873021510784021344893703490756880719608069018510552582837434164995088261324922747603872745825655812805828913470681606
7 0.41621942021857107879741405516445748719246552071811437611626582653534047027877057103380928867971897881262736941530937200443841052905604417829
8 -0.66235672936845722619493364483799926073771984015760683569615433291489428186381399358514259921245942645621325283681866870169338176758526921933
9 0.0076373394225934887962774744017450834214305210880754783972926878734269916983785062893463541707575949986517577284767979190675198590214099598367
10 0.53074873834919690893425305026665385341225848431109177963304726670784092451271829934677071615760940357783073639450670133722095853745814242229
11 0.80870343991004730578383181835080960325910160495432121903838874355403807008431477637850410521061849241761825881748148090557889757635446230047
12 0.93899724375753961259230253445032194630256614142846690303441335190182671317284248056491110063913876559798809143864212737172647590401954453528
13 0.99184373336577309622656815392885679861223338933506006774985030681267293887318537590290528301131875086402204417328063547680071833480187447179
14 1.0055881009158700155344143583461134667494695995593131680002172305829622225589233013873448203769899285073639049464131562553984093535023529826
15 1.0000896077234104310522497287892988765419964172951326793401874658766919235953144900565698424055885563162057001147022698202585882803672616531
16 0.98556930317566026368667832739972445133783526646028672184608102696772825431820503304898491145222077144138997795920086411660249044829635645289
17 0.96730208542746988606387112137907438503611312890403595820044555327611740525479818519366148986330619120989149049223461009292448352332721666166
18 0.94800340170998865474291102527524946850262832216790088743771723239705006755810263835110589078810656675009421844879441436046335046097643536598
19 0.92904614891464295010725707506828142310423614715299997514067743206464950535065594881703872395170443423782704680257092270458625597700731102625
20 0.91109088429535276669580618740684545510733161352785123321577519838880483635415522662810702083595833635059404189452765598826974848678183109172
21 0.89441828597108880468006693491329191703695386785632292397265300169995111627773553719725468516553260264236175619718874223869347004895388672847
22 0.87910755206183609401401298455459686127703599281751465802295800714192857239145161574946860856477250173665158054428337735983926197261180675411
23 0.86513341529058972128477799155640990957737129903178265893668906302997535805443305692437101177786932985337510135542700819258469071803510047261
24 0.85241932015823010665049016922299159865697019935782680137991047823703273417492674939685381985467226291169714080299561661433988506915415460027
25 0.84086658620305250865107583947512887425712815364519798092626578479412118879721698586378587361322003026205242806384290210698147231298488604988
26 0.83037023992602596077014797709535105659342310100495511129155791325001235130032252097280000080612941600193589260241381785464010721726331630658
27 0.82082737885496570163046943535987433348943843599416852781016991542653248543551123339107122735612911098187875910360758434057537324348814336199
28 0.81214133729024486339231330544563574767428317385661840008856489862225132472109861389379372525656205233859461242568102478953216430156148968381
29 0.80422350031135829073529999368859513696144306954218774547424611179167733152887302156004159596614386355307031579953837925221086966887937709953
30 0.79699381872745097731488303480002595178883307314365473900901161230686047664990346929269195730396282585963330209041740869970572187546578559187
31 0.79038062822068000320129348164444496867034940496102042108653096017110086351441102716776945321461241316920674384075208114266101219037015007917
32 0.78432011841228349072885855875171921062135077921485943111771002589680871325737614672947019992180051780620776919211323963744183885207075847453
33 0.77875564865016296687273245316487040488093609759106891968101741919358134894824591821551193880418878893433775572880317890402290230221191652466
34 0.77363702065807880184543886984029714208267844210223571377244344670651855397642694287412296308450854475880519711958433791570368850750657567777
35 0.76891976764711468464197887653232332204338603605716810324360979470243930944345835706753580268363516387047986905569904381491329779572810513626
36 0.76456449009171132827197160793547537866788355738833906371243154433130679547107241913037988727876991822382803885259061630019085119661909797782
37 0.76053625142974143198130363247765852067890112230945238887827043163671675772522754081379413764696675407107612936325734774478467150307407831504
38 0.75680403736813780107880823844280538159781818266262687917239021900726371280537959902628457215135150142680067438412839888383954010401918401926
39 0.75334027725244408650140622129429056586357685878731901937669299256528908505093714996068129289857530913688615804405487819811485607100343292173
40 0.75012042329846331822965994044975404641045846171297170046031086288710582492387753337227951968953572239737801434918239674588868260812169285831
41 0.74712258231551109745717021106185679778475402679663433433793043669848404521762156178133520994702343078900221705113267524174828395814937245722
42 0.74432719423193145706759513249788729560899012138010057959218293051320005931085946938253814804386358820170926430633142640424464905780898866645
43 0.74171675188085365818597250982383537533895162727028708035129331663465036332614188297615467327466527640485198557648940533019999028261910635778
44 0.73927555688974135917526039175587058819026000465413518170470616414870506945000565515234927862904255456313943615771828719924494430234079204946
45 0.7369895070074373218290099085382024063061516985581976321845641920410692314179311116168457081535365933211362851114876078406095631866624971894
46 0.73484591072049905168138839229648047453485930500836279921004322934007196705530912721997837230065494687629775057950203814039971893527023722493
47 0.73283332551442315850180873869307542778832659793147018690657549774995781457676165237865530954662366364499565022850283253462306257983463869653
48 0.73094141660323573019289540102173260353602243394360172944966594028780253471450251604096170075526234147193066356027540646549994267189694972357
49 0.7291608333734066291610292883979573066763751747232658137259384226556444067137367297099090570567628090094660718401164957795345042737296615523
50 0.72748310116265599333863245173330096429081246328425768565818388788239409541908335159953552769665429063264015547115608556198967075754413113847
51 0.72590052632236324743529152958133163202083629116769815507256206180536904584460517307277688968059632606738255055931281826334474649518577604889
52 0.7244061127973513465885913404690960272135513846845365794518180505351856184901231985940035242908873317938953612417967528823294675792668161257
53 0.7229934887030581904066460710785047459805121042432494217677678013397640799329093882651757919276060751755152662550719957053499638897127605418
54 0.7216568415919997766881637117286696208265559871275684332254221329640971636441698277692038338271375680999781292130242256948872738104157430174
55 0.72039086128331357633357606159663701944453304917930372155193606168240973648394824580920410721745397996342512189731832344358728678880931296255
56 0.71919068928506066558097570338361682149289149602523597850751736221108406878366449963098333785275927652660338994454759068613498803780652240966
57 0.71805187397247305267779713581224779002265983432147739221793118236771516656714645834507934812615438475072733765066269450842110338724628506343
58 0.71697033079964719516033668585749089196795991242337177939866172373291209561403058902995353862775511740369858322390610249146195853858387151733
59 0.71594230692008567005750522665182837147609369079841682085998471021578619484518440198734818404359821860703244464914451528613252419607225422161
60 0.71496434967537807742440348163270258154878538892390021794114516037579336328005669090960202775599239745824632561532581688264112815416747114989
61 0.71403327848325178771346433988716267232302393736203624004492930706183077064404206874027769051772752026704733905269767362200255011060153208249
62 0.7131461597179761564599016537465953775120835776167347374771276297087680893214446410672542009364767673389214168759980126136452028246940228569
63 0.71230028422917311652794975113272903293540417602375311020603646501610170175973579552298049039446270281127761122726901947568977284371633128158
64 0.71149314719075103012794031564122061953422207076877411401721123721322940575392704191609733800448044988326958411476193434589348728233175400346
65 0.71072243001102356428295068373934366184729185014107222408066777009206579282964390629152053770689624069371030799414555131267660515681608619474
66 0.70998598406902350580731949069907002941125041580611639648626022662083467709083875883780203758718028251676907032366991913006870320324665446403
67 0.70928181607135594918448764028043202943757053125136117425498645610044892165706184466350737736663477671553762558005047803075661792768012818676
68 0.70860807484932115989276456043014094836491634137403051522438146741881232451378861641416867309186413645118005584931585581634474984318739322546
69 0.70796303943803960072673694885324994689264654794109222074550707169214063935928034662928388392071924706802936060311930059521669706445366678643
70 0.70734510829841043259934679402533060067567041980026508563053333631469348713779996547528426985738756869927784886742884338702826462596799115633
71 0.70675278955933898576954382596396550672784695749249757103324727326244475851849773909077289380201824007783206240919894569582817083550086048634
72 0.70618469217212639014699587959647751499660522006795901659348404320135292151484059148285955553416013209607946488664033749392214001417983461487
73 0.70563951788152263993490340962011177619992465262353747880186907143095300678598302671532155023550772436261022937528037071867916496233823862324
74 0.70511605392895632744929051626446701019667809183696900280003917081172242159107284800988737976013049347646707017812954976660283222769737413052
75 0.70461316641308680979102169307537433809987905181469569065524509105993900535613679597343751993309667825265657412831044551491247400730578255852
76 0.7041297942412631684353081727861446358615957038735732519524800757527593836495440192532517117988756374032623533230129459777853467698265542337
77 0.7036649436128779957315065942218786319560207837221312835836162532380788217433860737720695269536658970724137921624495012297231878452270847945
78 0.70321768298210928900045366801124378180589197596474638259260575768404641138586820607222125335644652522357560702154780939631775828182041863482
79 0.70278713845326788744924550450142892608991089961947088118224166808963955687356930205234567318803390048174526816867967814691449453541834058533
80 0.7023724895670119587612729271355737266036055575389987978046761267035174169908339594289398226264919298837104842139375720133664377962276582089
81 0.70197296544014111142282265658687926346262040173088246029165659719407052858851114854120471360160989542857145030772970029293597495732767289285
82 0.70158784122561595648569587446189025254704946230335979012900797558734226777292831908397053594390055646639415412656610635672934647867297411817
83 0.70121643486292936958477101082208390165858698578848681420466815912923647182509848788689969157549174984628544276707560041519668221946242485169
84 0.70085810409203959107789487067373622522636245269008804879129480972644504209807555591125880850521711997040710120732386408326113500910482427181
85 0.70051224370681144866953876832879867559997327692494319468026077513750043647209322640524231359902401032485757590165516486828159433958330865323
86 0.70017828302634276588509173962068678613228825523284956517621567907251632348504328930067318620675591009844304895305974622724372614771596102962
87 0.69985568356471527601422148466068395577450887933733056981784129558443828918777990137201497550293191878951636030050076347441936952896208771625
88 0.69954393688163517699744603584454955029859668668688488251639456236635676576508706356051568223516909473581708903696817590860426048758400401522
89 0.69924256259814581228226854517712074690112212753942403918198838069111488915351237583084912822596524971698738291796379499569972359193616454013
90 0.69895110656312827110211713567658398135814622345916051710894124687220220891881993341617582780311295088236410717269202154956071673779210453141
91 0.69866913915767632416412286123216735674807206880035020989369291170866654484355878508451687520445045624791487228515602880698899280917826341415
92 0.69839625372565874334595553684273223213052585883396796755521304700201775159106902622589116064290096647359580178649070392160202296628764220251
93 0.69813206511988108604263853874270179315196178456503307714320292717696167661346170580664606444928619411843027615303154295978538301182333643607
94 0.69787620835424484216486540711875805931279621828732167830104649209318006566748132644598453746714314390389733440570405664154786961775138103939
95 0.69762833735318708792912454187055694809266633629944692227513738220905450666400606775324784549421432955065797614843358334578622721567884399861
96 0.69738812379047959153895288241216210694065064080272270439005695681147751695559157767203522630435805645137773590425638494539160312731292210116
97 0.69715525601018247450538195348597434813490004547500357620148014025557508604391691811886480442246442184458647034349044786372004098676382883828
98 0.69692943802319269628879128371745370045133468397864007471313843720926920059642302581544968250338773466782276931713495004916106864585305047609
99 0.69671038857340943680248718454653210541921973326576076265685248941031270889089014204594215040359874458716634444001087843279373506679740892322
100 0.69649784026806365471650269478586101223346719587412492281671881260599435476999021802964305647180388818565177840454221300359260848679374087428
