4 0.4153684535075121469804396450124087783228532012424805096463268323531336416371696202089247234993710292860500091609356341978898823593388286591
5 -1.703486827928034677695965061436020913205896380642733498978643583522660755980256683728454919774351308776308428969038937759490399227535487792
6 0.79584611795983596255023757610504394885753837266000897135451323101394993039821443483369741440380161541895158651709342075853910613545073613
7 -0.8325286276465229497501682311453867306961416139927023920624543827473536608709266871121302610066622685929691416550797841951085940556167527591
8 0.5525066603930088178963703195224710290655051250686747835585599804264039142654702783050497544426679931062974064827560297241651575646075483656
9 -0.248231245430928340093797794986428746208411874007858249122988511396073491407844493495454175780338113167300100973742195290998288673906041544
10 -0.4895759362652509261077220054452996363265983695408730623608102067075479855607502856684062662047866201608165896615588888583391548110849198182
11 -0.435420245534353763935508725412744518833494356764802563596600260065729943329243251544803707537693894175696043717959040886275314740337158293
12 -0.2971499696225823550833364170709778069980191705892111526117478622313948911578802418673451392327772835027714698075461546962364052745852014885
13 -0.1534515925754793947474883202651588109324016588157753340361519117105439795382237256485607651088142081477389666067770549906971123565420651169
14 -0.02735946948970979475390673040495039920655612313599639094091832023280771972337523360541932732820634819470647247600425836394942034491469897569
15 0.07734984237864408378323290435261750936752609541224690302919675029484489262427782753200127583638445034290716946373999854009481501108817223827
16 0.1627633259994325954586820573466134344389351900870052435574985202004881355456111265708092404946508246515478771265479062098137557943000590453
17 0.2322476941333466958015220022806314004593674053138805563845199889217323993088558861875918212362933547757106247560518284997539943791918781282
18 0.2889994200193086639312656021230053277618293454105644212193826541302546782765601176144354330663577803863884169867693769864713289494581593964
19 0.3356761345795880442136918071780684315669216484382272914260633780087684808849698170672090800626648864123652990627012222960461785709934872702
20 0.374382050697668272730439608007670139220896028924055369757456332602793938383129150382003372424700258572344839602527304079579808922351564984
21 0.4067527146937962235665888404990282299478304369389932464994144976569639271221897683722471386924821115080513303142216439075724547888592723964
22 0.4340531313331782247566301756121786555066030597866447004845011462417752008889584683737403312787319117710909224420646616314351524335439758405
23 0.4572633846729447166637080664328531107451061574772993034338085727860110467417784114026799443670706129194231721876219449971354090546248292352
24 0.4771466984445043190748137910938140493311847290787059935604598100404174017831558178570714517992813680364436276857809550023493840531303999811
25 0.4943014936688800573471142558342852407277145019331889661469773214759921936734975488075079137468701712058333912831925112329784226728397906835
26 0.5092005742492540742374895265820453302862112427573364170327232332240321809872952839017658283184785870408973896381332626479416659156177760739
27 0.5222204735130077340042969101402494560732452990184956456949420492233713911645826377822532291608506990635852555666998852864147615565737670418
28 0.5336634469196048518522662792019213794055699612411843468863789730497004007181345416227517849044574995593600488845698537165578255257777754993
29 0.5437740173459889416056664498495491162109041921262338682317885628674835888682292937933750497763970155053487897160270221203432763129599789237
30 0.5527514925466071525408548012108346234181237339769603593117912571676632829005630895391451632971756040815352424542549948573167159023645866515
31 0.5607594980757452067062635284831365340751252613914875147478845532465188795044766199832539458034524492195917598044739011089258368637365926855
32 0.5679332889358871378339390570991993963307188697590649405538853528944615020020976059742434549352489394075023366708534008507816622890991340371
33 0.5743853985142832059917172461125169943144365774474495758000058303701425134481471505775659346863275853007672868990863449775631809798326055037
34 0.5802100348394136569085495392098381887124734708093501044158220112064498078832214264244353975063556770939961845973785733633840990104615736529
35 0.5854865265964849760589056309512249680588999754712348860011801211030554488579531378525403502330302674698377315142389905928584231958509864346
36 0.5902820432699357109889884017995573729060174009453542191228820969011136827461191851330366334108646117440989610642177780658983136884600572365
37 0.5946537569181029508255383974711519924245572189731861698319375599627141616815470093508360768583443425761568484894042545492882793000300947153
38 0.5986505714619849994915440684703298614180750228788653569841856869909187730202245411578390359718394983280884389011560645149435002964668244747
39 0.602314514726713253296950576687997757387739395550353093194971200759375466186584903199459518064750947641556022118919869818260243289070133544
40 0.6056818657749710989698971110359642455374236856014543167901853679629937423535629543620829867904839263230658292818270402868842657637939270905
41 0.6087840731491389318916217681867003872177642315256056356154052155533423193032856511867927325799336950807017508722601794098981852254386518166
42 0.6116485069414635146204756489632933576610004665530114781478455038838782500030655742428725392723116618615666133422382423252794564663752053613
43 0.6142990780226545876022216630648127098968997579078328907166933330972796259747449288195716476547205349400899395622518736428598868027489010254
44 0.6167567504717613568009626998960728775231193729539937182727855448378175530700475186796842429358241590626559747282066882187816999884137251439
45 0.619039967676996647932535565124809683646104521279773019142202426717609944716818122624279017422513616076678810920237379891248510335264828528
46 0.621165008289033124553471212145457160860535755488720601189676120551203465892601023736046942879199716820685550687382487577943449388118825717
47 0.6231462848892996333074659443909561987795645808975034250080554371520058534632238481977211084134796865037015493369401390094155331382545671947
48 0.6249965956521229185047193923498893762273293362156537650518986049366173020224722623825904691796074675312272695158029274818051221435529232298
49 0.6267273372570634325602175058857119593452863747734148554673323847833610069912222512289009649459190568438156369663337064846764100384403189743
50 0.6283486857160501821967648209128767610600477344704668428126685803217016391091827990047064555016995454525380269852826083396515719749803889436
51 0.629869750520656383242410748401412783608903268795082967345470783897859625962719307840231859318677617592641726467710971170977145225552020241
52 0.631298706513612976869808373717574863466144200103297710955760922168423237402555928010669410860139671547577783287814868116606857971033276105
53 0.6326429070886963966681826281078260098890354829053112127132135879423847733447819048663117512775607922160156793655678516319442174613848820621
54 0.6339089816809893876037435582765016818842995719243318229355146889716694196188735567905751842389273349018872321168829361313596246381047258756
55 0.6351029199917311209494568556878782823935950601357033331021923237069288362889187483886257032194474122469335081969686222558526942583255176342
56 0.6362301449726409428399867071285336232172749703590194530698753408040599865347883881283914532179158729251804154678374474409460866933921061899
57 0.6372955762535694129162901683620958114746470934753759727703460440587169952134462583942547470382859369827538973923994865262585237195304668512
58 0.6383036854188525290032880625342721120315798132862978907635245271792419151537764327748758094045090642157343354102675166828895926281977796238
59 0.6392585443094543753147050235960161379844321055070150218249990278731116377565778685485216397677353144709731311513617618208499106731255977628
60 0.6401638673401262177222280388021763104602818686709823876268342541832437915337100933232782780434652565041252015130533722219147445330686656016
61 0.641023048665659370258862808578898040983977756391916074247222984525156701618810687909986969997629426860675690419741060265907033994337514945
62 0.6418391949017177019988132075794057653885827102002707401039635834613076317093561899981026894292972167588707415179125390380555626877783602084
63 0.6426151539987928220689529819070562347814622120061810247070627203943981547642334370382002336113079467792781332512141850919985621564304403691
64 0.6433535407785924255569838883436636612055318376216855636010449478416214320683415876878394143632519301102244880688703100950244697852472798387
65 0.6440567595674792556364993297412321231871929930837510865859989891213902350610622837614296114268636708105815065561498028542629653610844580517
66 0.6447270242988623460255003429145351667055360577066476300967546324541792550005854641155942183373111483157325469639480536821662288655677807461
67 0.6453663764036255624391544445394999332425801793112745031594782162529324368751893586974208099179162002788698836651758228248318810762285344888
68 0.6459767007630696566597915777550421146379036786314139510081472971553427775750473437850377297942838001422072034158616947194185032675992679676
69 0.6465597399610618862736444456686207338447462711367092362279629834810923678648124407950820346925620554175114798395157827061701767783722276974
70 0.6471171070400000661215492848190356435989709714828580287076801473323914712503449136798057998235193583221076256549344952831959212761196160585
71 0.6476502969378755088696030056557120031307095013708528268547512793007084427722609147740626233631684211378284094355714357467590155321940991903
72 0.6481606967603947154605302582295957557071918009932497908317381206023219896077466108186308897415645823867693556570942971822008226646312946799
73 0.6486495950221586020405655164085994058736785318824644063431029507127642423524910973685843096511524053478080914296016711125180596734461444746
74 0.6491181899737743962393076219277036136848583605935951315342422541153380260040030842324506687480460028560395207410734202979056903143229058842
75 0.6495675971170514923157659678700083425466433800712030645406772680272145726161102611963862440442116506926516293908507586974517538372703928437
76 0.6499988559977435117560435395426207325514136989922125117604812267414021849693280325581172829535329026957982472122644380580438848764389188124
77 0.6504129363543393004356891258343676045016513641520650590706624076708384530487856851216270201571027894354787538827900551847769999862069725666
78 0.6508107436919196253959511684167060814907400193903793586582355066539370371811910425090059176682601817775723924859726727633039235139016528723
79 0.6511931243418687212968671740007413620387036370231786144952583208011331393227715294474190087713027949521565282904949304911225759066315801585
80 0.6515608700610792274945463209014780168549183242062142178775969628597058722618830597520305415544088363001821203092995631054264386500634750971
81 0.6519147222180622516224871476046029577104303446440856740027869042265997436686836201095519539547726359244534637707682613968499339599706773864
82 0.6522553756079415728871478795741090746010222849607738664335816240549751390867974093874787608806301484824430151656003030397162905989445695172
83 0.6525834819335622658764408419046110744666556850027178546624810482104235883908217782665506590710152093519835171874041139523481210470733621758
84 0.6528996529857856429580724689643668317273127943246288874142493984147981289223467694450931092159675208685853318368328836494427941403243599423
85 0.6532044635523945604798336854457099891252687734288822324012448843883331589237190880912611822495626597476094598424128400673038909824899295025
86 0.6534984540818276285119609155123943097768757329250423721686218885164972332294667402484366006878579582681658714991769162081387846008304425071
87 0.6537821331251393442732239070940760828763378393632400910776015744555729295199236318882602230360985409249250829084867300254069739112551993228
88 0.654055979577095580338309564859513429924305254564447089519012057144044770636463773491227657580497846663262741674816806843663867438251044394
89 0.6543204447351171850151018826865449898896508921974384870309826554873217456794955827784450117126435952948469401886632014277691540345410625051
90 0.6545759541928416581204118213530726878675130577765555385875503173355757281698792648304026664585798487139730780480781976521195128693155508373
91 0.6548229095833520038884484432819582604979716989592826504535797910665636848516559720164105228757653081569523711230215463021482090362252077709
92 0.6550616901855953266405431639518559386904546929987094299620298674923243315995292145796458537647365663963619235545199126464981327112520992223
93 0.6552926544061576246644886138098062475988320275593610939629239914224153284462977661366745429988724174800495659695650780938336283300867251682
94 0.6555161411473548280397072999043002758474406581416087441575818052566540703165627778737252478991159649900610021076208543263512937017075871849
95 0.6557324710715254135184588675994901329712004661542904068741221708047532888495449108746353538902684741012690489676549575747098315529734565001
96 0.6559419477704512493666240517938315113952131039321803994887165939431303632183123649727615644587552877947352804203684356278290646043148473685
97 0.6561448588479770235086229239222731486554733297629606969332960942826851188568948091635261521361250271818239267829689595467682418858167884681
98 0.6563414769231327730977217338462778704067416953760927115095179128208314233533542004991059073847344543755913654608182471217249158358963080766
99 0.656532060560378245223125327832207455355470704631093459188324672103384954846649353806213799178207417249623607641953817455285637195529436932
100 0.6567168551329729558797860393843673385047901469388059762893295473613218342340732670966571606836542400890738028256405185261010998752603569305
