4 -1.16270185386542684308866271984521754880786778069719862762231157901020103722580162077252714647642100889656416082748403989658112164061063039
5 0.679239565934874582102318770278955378009905305580628968413661288656617096024202841369812141402367286457618287721734951220448365527384821454
6 -0.370855582988276439681413036494785556128738850327463396066640943188516993903218285648205175240498516360505679621114196855760589200985586632
7 0.71117154845699584855925664782994485990029623018651816757656437534107279581086615862836658457539837898066362915007124961252861296676762488
8 -1.12160629692519193356398636852023021531093294617417564722481207152650509123162109734933694849691905290513595424970210015473711628390879489
9 0.0591177293580953864834218705748064773843907487654012247799603865129029286521345901460540913404556890438808490746893269756516999851726905951
10 0.174833738088333409044770948549448942449469301698066817869528927196305578094311012644283170472917422107294045287319227495670105614724721032
11 0.0149543313189218979631913866828805253693265204373741707848746116909750318309887147745474055399533441096287616298296735864538501323071586773
12 -0.144561714198433154828054021470546673836654410341742953421966933863990048578440819682960310131486884021506537912831148247951474723327073337
13 -0.256037760244338903855559371247973128956680407606885639226338059184659996169762057292359626236075301292860151397207130372221566137678249044
14 -0.325432637706601095419370094065793368275585216887159140239695077369557126550539616561669949221969519733671216524078493403660604689671086705
15 -0.365722169280209717160043999218985554941259887345727752920847600802293844097788072747611041126207334577494382207455474109223183184022147755
16 -0.387314057093812715362714391020396556591068130315616761261901362394785786111903897385623117519463501131100451639007801705801035094350979564
17 -0.397252939694655660130426139413968798418087769816190870762153339809563921156868181417679676229657014094067405478965929529451365232609141003
18 -0.400056317817139310431543445872891637687083607977930079412402523007672183041710439009137224441596629233719997953447356644551754567594797829
19 -0.398568561467419618262558959631777769006903637557802361615089433481579447964258190925098866172203180107102272672263485293798364015050517355
20 -0.39457119597264251700858451282653569209237625500900465326148911635496903002361932725729516221154232422570421125139675823368640773521539309
21 -0.389178792852944744511339542826706980240001389891953263069450601995006888687888011667816434960158589109836347859315461129743789956092315884
22 -0.383087625241767349019759437699783732071595884317499913824746347037640602248856058203922435299242107403792007622267009720032686174248745336
23 -0.376730541493236092627980498717345496162239636344879755780708170814454771132701573157906305000376115222750867779327441036606814336013270695
24 -0.370373603883704448662269071837358816224727889243186561543414039612385956629991150962051398344239603979182505384190582011414201732323219689
25 -0.364176769555388850302068451963663361186846582459540796653688737380435074732445058238357796030136828717357692998856656599739342902175844699
26 -0.358232297149586883042129094093929507254691664935194945993273304292544170064138490824939633576126017210269360124680743680799366508358286734
27 -0.352589253939446784083039240505293875529157901954972809577732042341539815689634281652346240703707695190082656536678886101518707245854184079
28 -0.347269270468134145447564837738082464719765030777378463668370366700044189421911807101234081332940143446542204374091988622441021921251291867
29 -0.342276730937838172601125070387899879890023840514990289033893794776025868213244002830862280200015039301824109037634938805810757231384376233
30 -0.337605393238464764548316331792311671100046924704617822179889473345310810819625754898669027119528116464523231501556471055646640004851070543
31 -0.333242698285701847547723453561983581212421652922539818788708175829057710679258552741959283547468618154695062449137070399837071525473635139
32 -0.329172572560725890486965369065039352454707301601198690696342774550872013861748295060213912474776653896432687344411748460085755458499465964
33 -0.32537724186106863843362615481415492752355602191816877713456104786335998755399260905918802602647818725310524963260690080626764150709617438
34 -0.321838393072174650208302630595166629882402658800204134820490274040696472919170680583918018846104116811699744703655413492598982939413207479
35 -0.318537904746451470602304041963540395816072098557891010476817712347501076503548727672927890964760466908052280446037042037610762281762238989
36 -0.315458292264558626381652519802413262321955234162944660349638731937348536622006782677829789334720439833887541592849989456453849657169020186
37 -0.312582964415061003748757075061574922593462227791576292030142162244496448335219050437092850698400292123637589149328679255607624733295345645
38 -0.309896356033146434873931052833119574539609850502510775184427272702491969905574702529372378504200859783798221516043710036771602806372119503
39 -0.307383979998022287613716180328553699577707499907689728638221178791016939340805316814343746650069382045762270688748731812542506997999954995
40 -0.305032427647325902219924308215928956980208355985156560368222883488852368329639973958973293524405167517215779208788012213614146501751192359
41 -0.302829337108315070057049099760996468886481513611044413346023269605377441803474999414286548842570179774458054540516116598007875157228099248
42 -0.300763342599250610618794061156795193439230556073517702860204110533549272579207445880262233158151392341576592714943069107268768581402285634
43 -0.298824013390895454823984140458438801674873767218757797418215910813822033190939023919244073413268981215113180588355885372989328376770465873
44 -0.297001788157240968702693136432407211646158743854677322215330069439022547517356968315967690470031246219144638003702757075168763895829287572
45 -0.295287908433534187554423993916142987898645951644774087750325922055515334424675446358648213367782551577187745165373773849807578157394344647
46 -0.293674353534741689448118751900461589226980647663806121744774625418956148461342312752518368532086700438379102308060827977945703351343408858
47 -0.292153778363815193014578064555692046622536273357305536185934557746866538689761470221346187377483827478597480712107249744072009337208876714
48 -0.290719454917422688988493426418700631096398371875403918680317678300231009255367186492660261134505419452916238424600534641491813853856193426
49 -0.289365217882277161314584772509058920317798913316941623346647723682528799747625333661927287140532789051848639021971938839344072149371012338
50 -0.288085414442797604375692046645178472507263253717183948328509231392178720526387544452679184057168747211753257821940805716335966353755252032
51 -0.286874858245838701479816365676959991670912685065996496745478929664266389200169336847124592149210829139649538168807704057493837431830988385
52 -0.285728787359763708912753791763702975071894832695601116139895199790017752261064143620525496218286444325690752888410579228144726827343044658
53 -0.284642826001874235038756624827665982805486999476647422351423802138410094711011306299068895091954600049212695503072537071568642610997072455
54 -0.283612949775385657179917747796941684372132953076363930397432472272503416409961160687414477150508008459974265421096036399794043035926819061
55 -0.282635454144531024572950478619284539004056526249288022929901928447355142010231633711127803574654440822239501655684879750366776487022773859
56 -0.281706925876930472313222379898805741723895782786172346530924597260288502765191155493853448573163760691269620215765638036681790046000857536
57 -0.280824217191216063608467570170381297470205654016670802050440880011833810718619519387628899941645976343391172041639172257969284459147048431
58 -0.279984422361723920081408866685826309919864570051520773355750800281335142111856021566093129477284579941209922370019633225948320167443433289
59 -0.279184856548595022483918453244586988396909533717169464187774995717061282864661972090033288552578441167052180290478223178052744732189134237
60 -0.278423036639346314437717107145679193298153569784353646188665230516723910010972285399897865646526349004031813117863944429226313889660709544
61 -0.277696663905886026580954120592259905321633694403298249919804790633008964915224458127007942919271785942023395115241155354971109494698274194
62 -0.277003608298412148251333835642234191439766937698929694015961844931190238246735825960198104601260159635922558200516049327121965420675963609
63 -0.276341894214259338527200948218123630227639979846552297301258277404758516623321241852533765771293619587785092276838224149710421758995516958
64 -0.275709687595325614656169257292516327108574629822056334938093765914584740417500076168732720840387489090141066037727753807400540641781389536
65 -0.275105284222109012822461560463267766783302454168254077887541422762889765850850878694239906412663677996046244356734803294532634815435580853
66 -0.274527099085585574953683483089414738755063519063010283137476050757110468606398665657237825874003316923436344439580647680305467206164035364
67 -0.273973656730182498972930693986372923057466424751129963957627186685991895885734080696862016360725802027136998666851394003996064302012982882
68 -0.273443582471994023593114317783980157239069835892803684263952440907193695361902195497506794901504874808078713839071799246439548433085239745
69 -0.272935594406220590139410436108399609328465773643009817743544137778563468927484196394324565106657069883258459597478928623723092073300028816
70 -0.272448496126661330168173881593113316610130826923846305402113932290129295387894911067471118176043174135368942630505095781200330577360460909
71 -0.271981170088036699726407016157261959639121235215461492802296614325834985216405601350987135294057721395076997819008262785927289484859546901
72 -0.271532571549042427460934093163365150966928240659487450401826622365909622401123924422019974386820220308041872327156544790215349892600804826
73 -0.27110172304041530503744341845866819726272350621766465596541548464919339728884401059913713426913675725379424077734858767161060697257340979
74 -0.270687709307998829897698991780594895402783071468848829821390933785481732979001031738994322355155638362079657983008125806619735230778611793
75 -0.27028967268590028685249670154180066576075336739427732308230272564560840584598373630757067438011162604905261091238309971708949298344421932
76 -0.269906808859393028983873483858284197844699510916348075802435839469532507198755559220800840456983077097652279276305667274623246612884609486
77 -0.269538362981295480743618967231444265387161673503919183451463008055193292793608126336770197561771826201094752139468246961191327884271052765
78 -0.26918362610920337047311225853722105224405294387021083929354690759960286268049869937941679849583905517371738367168272244529655063125526732
79 -0.268841931934210455052032921087753754352373315159302795231254352095105604183790697484418457842524286256546111643056273057744313389313515119
80 -0.268512653774667331284368219960764267789287297558691323256560222490254182823549994921687800519272228661784100858567248228038278977820321833
81 -0.268195201811135270414186509550474940975680698379483687141416120008978084485326345510229720308219482450687966413174916247196084340185223666
82 -0.267889020541025805794243260726097114849120655460623991398406543286963183762422839127813039588010552528351664756708011002722578607175835568
83 -0.267593586433506872740515736490557890368397420322178578049273875589373197968188913287197731547545942384216524096666083925103392228104228495
84 -0.267308405767129205302213548579894760943503616680344295965627750558797739630553808715925221483831348026630493812480272622709489742288550937
85 -0.267033012634306069863756075825385534058868960471665216914707710735976141250646603107434894449646498389377757152523933334597586093562232496
86 -0.266766967098286272856243459681317136579956796367155458725280733140781354773680991231144851851384737248123294430814655869202452143594903938
87 -0.266509853489613393997945077748706042408920151784894263004037613428471185994120667781184812054264573433302008465853275888343198309350939185
88 -0.26626127883027995986933208800776559279157069539781778782206196240507793363647226925538128084073100316030381688684195634277647900427952046
89 -0.26602087137487852640629083066382444821311173416009806549139282325947892050815628003214390308751665290768549805119289078560184813964183991
90 -0.265788279259035480096785425050137005569312851842594026376320143858951125820829575043120795135685722703275429531576696849292054982375502508
91 -0.265563169246299434497897376001541898660815207949798346869748093975914301841506436629013933770838534884370627228252877833365856356942431404
92 -0.265345225565454735746872292511968919971723981510021385458688471941964351283678168248176847559638866276886656461180016622162696901205154095
93 -0.265134148830950995974467551576001744742732950276968174820328763371382957666126387844437229637165470576985115831868117525794587283198880963
94 -0.264929655039789928755325684659085773239651166287173976958223245934949601814087233930380615753903639768246099952196662263657858614926582355
95 -0.264731474638798347341849317341873889454682226605247021442735383924874387053550931456201644620010555179222128449442388551344124228651712366
96 -0.264539351656747487898496604941549992841835142081617396551792347503810827467076768551868842933277782642090940176789659495668714957300662341
97 -0.264353042896259612555385712731726430186264275776601144064108639650265683450354121074446214217535582853274023325400314019635376661319684847
98 -0.264172317180878280154264293156179360496145646303690459112769922383372714256248114508623183576757966439466678185515081140622960708434240142
99 -0.26399695465307333939470338066093563658563936766874259366733998203260611874827967832898419972147551677179773756549099384316784041904542789
100 -0.2638267461193096997740400189132766934019398780417570141339783062081150534518303389539669582178736191115281473716866575793173911117928588
