4 -0.7071067811865475244008443621048490392848359376884740365883398689953662392310535194251937671638207863675069231154561485124624180279253686063220607485504
5 -1.02505232273507587066955052209712287551232076065558832472096703051036681031191775273836349837225116970373333129171362345450106776799530851939451587539
6 -1.068333551223570806669286226276949360099544188550427311231594291728725483295645299097924283791753875883759769567713282065362877576031715360791678640211
7 -1.03195815577595592854952163106807292378082235819569192248468204008954094961134969631039790415585795888518135584527393300729580193138798259458745229417
8 -0.9839585561608857748407993334056259059216365133695708744995701163523114529265542712428418772871407552653539773126509977860076081873219009799120393701398
9 -0.9406383579231876716101717702086496842204889028246637902394916458584464155258467208552500796207835180973711260209476740003330259383415297486089400957265
10 -0.904700238834808816878495202393754720446499219993645567529848468406025148685513689586998600625262409885148363724583650683951146660053478830799220943304
11 -0.8755312833796049050097317289379891323685078242052389390550605059809405087514044043780247705706623633866897055515003753818273012882091938381868358274509
12 -0.8519020456053884488669678752272489689206209643097738613953490038183079951824356022091006393388531206290579205720314915650882863094061242905347355227524
13 -0.8326567059667140549176286492894523495746259758693401029958434252790244639551773358282687746881911252757861297345829077123267013886552088212217606159386
14 -0.8168542547806252307986268030104119469275866097562949268022604253767323905668973388043476663498992581827171452475771179448603767771665654643233207749357
15 -0.803762435723034114804318648085134792053308106699553947027132465315726126145603501095444132319457979133524802914224774302924184808409902847001748410964
16 -0.7928190897426774811291416087194280646216254445605299932735220275740140773854050227861243099621474717902684056351307283267511034320072937010898233457562
17 -0.7835929841782782848930223547946135773649765741863840828331050639938542584485728304955001287875362937944124891582133217800406534501273771406103702965364
18 -0.7757517177562029894324420171090715253786981849433712316445017250549412677093734668866236704214568169268997409555333292692156455631855199548949060616715
19 -0.7690371776010797710814356832600717674127717690010458428455912766958832103500950995330606322143028314321134077566380945793452632491378190729043353058875
20 -0.7632472437286753056064548887248143088295306852831173699751805981648056377540545392325005644853981255794629004382990529376906383722522115918901529525573
21 -0.7582222561062275989497569217701174856070908834926324718312404768469878343244544292634647408748683935118767760375491011248386649898830267873070589756137
22 -0.7538349993675521957336927192498382926827092970952635852608008000891803381396131068328099955447590675476718916463145238477165375535966603233636680609436
23 -0.7499832564531932958787226119133048669138036438123681188214260012753885093274104268133628160785495585659514070208593087393064724979065115804076434944364
24 -0.746584235026214911313255958525651248225136550771180274144967700503020848993978456083986340795608979629334864185048995066014617361635360902483340004732
25 -0.74357036340975863025078993112390732564419807682356055568105515371054119543690496697390604951159667695727482837609228006918998510358564671538049837391
26 -0.740886093714473655391973482511334229954002159983268043331450543883393133595477351433308003150040690232000286049602085227357541668069234824767907948554
27 -0.7384854508829563436870266611115894348997749452153183048341051379170947630750133042055270586050244093875155571376425290424794785217897763767638625662701
28 -0.7363301383886569282626225040447907904491492492941551403338427672303682897565132323020147328879093135867845892789829534754387514909163936315426792028082
29 -0.7343880626353543831961361986002033460220089782102731507251783672138766775042093990018076183209371791919267079399297387016931910062705160798632123959025
30 -0.7326321747873026585630184275090343923055454407124524903324351630822327610201276520636319168889790282184509645825755721140031832175035683249391349048167
31 -0.7310395551298153917711421577451566138515357496597496786083075440998141474541762402821515228391138818374630013846501441804808186376394602317242304548141
32 -0.7295906841387357594450593672532833177280098701505536035336320203861632730600656085602924965508403008969590789699672951173122947393583759634610899716726
33 -0.728268858338620960769751788476269262185567721372304987771023058835874878706757684467965294640432427270858469177740495903018910273241449398276433984166
34 -0.7270597192329150889487548179638865028673376048235072854902721001674606950113365039706171160274038078988819979598924296244581280941736332430927763278271
35 -0.7259508711340931303896425848579208954705510619773355070579874388032687939751229784110049879723910126199487519410979877404295510450176830872266290192755
36 -0.7249315693415388825460287764347291927698155492659652154320312757651850218855734678442948236451558148846156098434560815710171241801007144073786223021376
37 -0.723992464331088345349797319481361127576988406732861140907581628465486799249424705108017465589194465127603955696724273252296035887959634280961259369791
38 -0.7231253908055309368566766189555056747432712430103587360735215117458302720374124627517839544022438456219928597341552926628701437510904574123241819072164
39 -0.7223231928783377963631828131837176718282755526606936930149788384593957591160295033132046315292150120786542512722396282390429181470706986090024039144783
40 -0.7215795785180894640357784165353589613920792361530592371673279708638304410632762219645078490296007691967334469633279785303287563188696064256834217771485
41 -0.7208889978105743118189381122771101068612705203811537200908238582345238425193812275204602602834874469877396614954675760858548890472563705849109810773532
42 -0.7202465407037467044492659972050884430311194867805850345762168731844894247267968121168795097495859518526364845623156169002323739633312379119467459546543
43 -0.7196478507649348088542794121902914260750873651970710249188737310916383914909555888598188414066478876557867884874016608715204820821346071582352647174014
44 -0.7190890521574155601086201293954896245591903847324060598314362627376060508022639561809691585352140227302146151821323276549890341022559170027999286424986
45 -0.7185666875778560721407715419635183190446261482530483897869115185901040045454489461617024123962952894213407327272552595521749135490879525759401531947703
46 -0.7180776653196788443168337864790607950823711703699574662920107030741155406946920104799524696312003623010939523966111897220073481186500542744678138927475
47 -0.7176192139648131751977150132723727350861432052190043878846755388256529920264452185130844000009860701762825118206899673617231059424457240797910647129152
48 -0.7171888434763698528168457477664428585653467764986110723529515529369453721966728720241152991474690032366532441244065383693862962974094308108912093464024
49 -0.7167843116819611492883163606192662755552850761063624572371836383660741880938025123807170372427191684824990241627988571696205755570324454145536225302272
50 -0.7164035953128218778731411942209311794464117160651961103795060841387801307581230040062943940434300384639739157985913131174439564528416979300699226707419
51 -0.7160448649062057484614883519211319476355132778312939412225767647755185771145638393335315916058923261964129314222643551370082512089760869851561059834461
52 -0.7157064629944637568714005151744350577015989325700761499252203525095806103602746257825727679876431089513935123961535931665808718943928322419895847792368
53 -0.7153868850990267791265273703734747140336727181595233396135671331672350052210203966394662495018901812136123459020734526374416295528378246243072695408676
54 -0.7150847631253576625691823380237307213620336007883179659408271691559610993374350242603526730132100006887345302319415699272381972850978007778583896569411
55 -0.7147988508190840527264917256248841328771840671262974077704265992365107375334365317617107155321653743458855340372828115167778384042171028128795750367705
56 -0.7145280109965712319405181024515968238261505840404351020132311560027969974465242150102967415358298595767783511402645659994324605368064762627387439227029
57 -0.7142712043072159226184288055513103919372919553113386329174124716635787058819956536263426611078418273944762821886478705157555843542591694486903525374944
58 -0.7140274793213950178145069015003601245564117660662346510637024614372813755071824012603676390931861462789685844053612855921764102926276473254704270965378
59 -0.7137959637686192815511688339850467673739854076428933175832574039498038571067279711623224468791994746987730973833183418639404748359624495338873410175138
60 -0.7135758567760951563159122519673736126049922395750625449905017309659169863458046141309011603186830235223279134211826119704296573825659373953645354821099
61 -0.7133664219794571706132170043791299479644311535314546680973870304123510894378857597573260305352516188443733676096694416988914643011825691450560360701008
62 -0.7131669813956051245610096032130673646319965477688054343423439283170220127897430188548575757277639760442592011959995585306462646144720817715013157361799
63 -0.7129769099629397505408611371677283531979288872873667258618815043274381813862010549163290431498098967458017210002391131966056856295274856561107154589116
64 -0.7127956306673085499962931331774506572775722156731202213590128822623111075171100277043276522679639200580116486497215025634070957072610399931793074343109
65 -0.7126226101830361451037150820219591707407843277457108191268396517014972395492034429134801370522706437277000661101259511431956282059884436396374081859198
66 -0.7124573549678385679210007174391870330514268793758529385248876735290750815445570014578853687187979574651218852081480443525955915134013522787041912916935
67 -0.7122994077584708065380466580118662496668232818835922679112274924179070899022082532327720915064196921359106055908041600605869164250521063258662112698936
68 -0.7121483444208488717220105345515758313146606975715034888715266008994999324709437644057958873731576070829275828509949038242057858182774575893301725767843
69 -0.7120037711143020194284898629570751925629493968317938912685156983733021798198311633407303735899493068833608019893789671218950687171866879666579907408152
70 -0.7118653217346977611285683245622242166964567303300004639800076399971097425575576872691162574251495455730685095701575790828249503377572397438918332639635
71 -0.7117326556055673169796422817183355919558468091736678441437304945052215249452843156508724823352612191971415158350418739845994897296882089049210300111173
72 -0.711605455390147191613620925199921261086781854879073669090432574803433595519492486387595979783559181583090144277120260317092433834997130851148298073334
73 -0.7114834252005316789913519342676191033926321928579030060748440480026592287956596443583997458021045597082470123030625107915483107001387840878326515835938
74 -0.7113662888829754530153458463985690843262199389691702308699262643645379545722978061876699982659806539467896220962299617784056326346400619096032743035116
75 -0.7112537884608574860028866948533428129910002330901465670949568573559981322953221475493812206946690554630513577836378255214452446825524976830987321529546
76 -0.7111456827189702017043422902021003925523174097787345165010689029889111319454923718030088524603784588049338671244353509607744994024490966099746374591951
77 -0.7110417459146757870317178942255294406180205664748449600204301476009578445973478128684482148861171169192259557432794186578967959686958427330979287311596
78 -0.7109417666031129774649863873892692753417693304586065412921751291810547056538610193200377824058104993933726260634767600816077440693298112287088788759661
79 -0.7108455465650747510043561712624774700493612808336862328132784298114124620434176147482884088865439647237923279577865396125707979283460385643095457205641
80 -0.7107528998274378078327144335705759520797639434502587471808674464978336189828311793935727321899788624717229669882055948491077613470114714946433831519252
81 -0.7106636517671320578274315273142533528880223961389269285015229623383582075143509154385530646424089596199404457312040684384784020945630998626381871901948
82 -0.7105776382906127770780008041419169079499946472994362713077693575206934915793577208123209475912553088347076943294104472488364791025643205806024100921362
83 -0.7104947050816569509748550897853861667919701533178287322298390101943617365884297536217716313878938612561096120755996146022958609739117849965298849951164
84 -0.7104147069110634863366575309866609102507777160552480735685541826166189820999548445000993801453233598551120813169374091067148723636298923530665297110593
85 -0.7103375070025072726430643414737900811856068148750226634844229288130394014627815439425832602673973845466789276028967379573669664178568045814574753817722
86 -0.7102629764493905670215359489811992336747833244567061475403908575112067131144051328055345600498204874091202545510752302252557989001416523504466014544463
87 -0.7101909936780614320372186656579196340935788537720249959580272372636993500765341290410423975556619353937777762903964038893014125876781569274619992823743
88 -0.7101214439532362490268070687007061985712057536912247312625079654582952684900365701382982718928571198671418040887072008719940547508673673312152938983914
89 -0.7100542189218788431831566181255237888832019278318797255897259297216915692657050717816341540949363813210696659491621794665190347646086345205914937017147
90 -0.7099892161921587275126092412443769902452114579283265580600277779889982390958195170490017641418685640579322139185142016103690725197425777742478748406528
91 -0.7099263389444408285760617513290591006511907044797992728323201487735319186686639864372435699653400304375680557914274437003391805816883796449455819386572
92 -0.7098654955715535274767975831931349392033000217010637544949773709634680198622156774870820420328292750273005971635122642958394843746885371474932912507641
93 -0.7098065993458450632467903189155477312415131465264649291526970665319643593687174437516684465335677521072270622913740475408587950726399604075171072627202
94 -0.7097495681107739114119757874377461742638841546577537160191352451567971446945841148405208841925075395296042157573243665055949904407099095765737493038953
95 -0.709694323994989827374662830447053044027295223245191522811850802214188586899113582968453712113670206080985917100070027326182917584308414875559753677797
96 -0.7096407931470516021065177699244547357749986533173984898684127018017363581504965985973621505236149527961868734619829023570644795505312258682517993449076
97 -0.7095889054890976482117801361786417432458055013116833337055768465712102473844731919487785781536582603273895541030500173143605706084190127290931896481445
98 -0.7095385944879384555759479687580955469137607552163445884720615940375454234130610289303901370408672447993611719134459934412552780866835437439497199772807
99 -0.7094897969421776096605609934039824860338265618049551432690098279944764210587751872861809049992690240444216071175467734358016728371512099369196963679121
100 -0.7094424527840921111668135637894403361614877244817681903591696386651732321366134163971200605893828508227025736144706878558036620084639239937116605731117
