4 -0.6892628429840961581308062533069090694381130586070667816869952312155785665481726940375879959033003073305003433372559707218134448906932
5 0.5846289436683445992954208655867607015577133265573263117578922872085219043743666415009338661421755138196265058959586916652593874835282
6 -0.04108266385350227541903259253579704761639218412509595404887238976799253645820064403350580566749828529839352422158994540456686549442788
7 0.4418819401364663728756938413363643905213534938835114438021344501973178443544851087975484612730323477661095177146715461208425810532597
8 1.33593748669940416194154314372761680753306197728883559832801716101360662431854272287606251536914047036756321593336303235684063016102
9 0.8787291982452168662188479199933887434916503889523142403195033270057398127797170398580426275071018445707746840839577017448599322598643
10 1.616271338013674597234492480480252149537914618981029632987504364265231471682937677631586715581370914999348498670014910752978577078849
11 0.1742653361259986074811346815126076571162727291988655375808330899946657496336475517597445641890906130872938654300133771061496768827525
12 -0.8593742526001917546783485960428253378438385468836433628674971687471675193395059795833359209153783651613986562771785041062762975157552
13 -1.322914108567512466788261190136984302325467713657849202961823363241507826860019113800774140581028507291922847107536880540717471272422
14 -1.450321965042618816650884420003295293311083579814550186742653434631519488220761383046149279666490143938082038159090788633559512080217
15 -1.41611158824426417358035658803795633259182039159932706410847607020122323516519037416216121612916556827761054410195113834588200257396
16 -1.314454598430939938396746056693635003698190936635292842848318115301763336713363458935997941586483787062248429112002292688480189286678
17 -1.191223830133425254435521934934217527500187660423522343918908468133974897724461997505403655915597735672742941260683822904850569888635
18 -1.06741474145324246911248896850219942698953984069153602398660674534664231355254397943155415214249922712573240996214063628433581515927
19 -0.9518711946299203800115474941606259294833457354312406761215219315587026912951805370019915390496245161055941113955427167964687688853709
20 -0.847669396977157722076566816347885106774703818596239163696419317164475541529968884788186898883702387238442749017826320255259659531198
21 -0.7552374804562572576236710932329892968294956125244718144323334487498767975287318983613409495521451255189647484068202174394294145616866
22 -0.6738629580325779763295883396269376295265741357437225418721934857685765145043717351218707799845007151493502849211166836451086760792587
23 -0.6024124308053160446309984675914053834478263248409765191208567545594378415521017117171352910647226525708408082983161758553117915485109
24 -0.5396667967669453322705131533350431188349100286957164758462913334529138819453469424655759319650119573896499786492151742985793487322705
25 -0.4844690043732839641971987984072844173736696162904406448550209510260396496645942308481728398940341451554905768314504321354855291863359
26 -0.4357811178417775362210108608244160210075110574436380151174442085704413774596686479520354718392071263535670382830999247545146739132502
27 -0.3926984562547468973131035507972295215566468278360639419882725907810928200334584600350147391333557180715899639611188629925507195644711
28 -0.3544444065618330668326697579218441752918637673211327532393216518932169319349826412623835788743679468471337436817782110096823100619111
29 -0.3203574923739697498403950016881128960955673133069491192451089305795398777855382800520463427269755674285472684663893893851504751457444
30 -0.2898762660514451692515280942199599129302285673833840140755127793228042919690136406068705150824674113525765581876440983378902029435718
31 -0.2625245785722327238597043967102474931604928622385735883407238640110470790083024513073508986408051240232317251598502814997530667939821
32 -0.2378982827697533662284473977265236193715447113255488810822168988008965230769274688688254707063862954223287341373478895976694844029468
33 -0.2156536947399502642041769599042008630100745881796558826276188323193305469487964476786599461360409027874154145513013581730249046286594
34 -0.1954977972181598135998094128048028314479560624443495103232015157248321991501322900331366984247121693613085888036014585001855491678307
35 -0.1771800240622564902291194728410676482770305127209881778966716797604913052046063877291884778122353044641922271129925948678960057193326
36 -0.1604854172686101773361088870436774544613094613856127108138110759259583172472830588134622051827547293239848523050601840175580322838754
37 -0.1452289461642323020188607838321065857420442290276417688847371349698543590178911148323971300959775273227006913086248925601507698418866
38 -0.1312507965696510053454783511244784163089133815691109776096750356540367172533076606117677349512989707039894569302996741856847698246184
39 -0.1184124628282076940477142630211060347630893703405171725151700846217586046734035547097060940538406488371394491745546254044021405011659
40 -0.106593501414171587318547360228059053519070328041786363593636969386375792328211548697860622908111234654407582603094144147117749410189
41 -0.09568882860318077989989848530524935160096712598934547154750796611104569261841646835137164939653791780239418119855801502002498597463221
42 -0.08560646540614283209461057785769876862968295780994622903491582542183195595000613735915086337370403182824514652254921254179166616310697
43 -0.07626565047616534647802408791117055223146820217068452824363017326954937927156859992382870156877134511872203814651708709913250576120225
44 -0.06759525622591145635366546096277919647817817240038274544856272870475557940140136621896642781742871778479138254794727016528373346671386
45 -0.05953245531438584923395703771962596228443537243666903372453042876537683836432217861265228515909767912030364033385215574744501431698774
46 -0.052021594380576842797576320641419190516353251152148184927323576664822448136251267433418874491666230670452161195084360004340994110318
47 -0.04501323979454476254969051579752949031351999030346806659731547334606286402347730581679811216317958485513153922190413045631068054579376
48 -0.03846336659622944410781699330696950831440838346359849195965246724778860122342261923791353947736089750448456745563852727439786412086674
49 -0.03233266697919084217013179240860754396372935613636739200487795905704272925445526166604102973626117214534922832894283602726555113516708
50 -0.02658595888307192265171098055078135774163839666323384563797923876319292189533722984348412074642035188164710341201429690177407332292538
51 -0.02119167867450418098532086969215379374605350185671322292572843004858720836079823446490187367102260046797209171862841190531136611884509
52 -0.01612144467503676092361541463183764920979433097067745198647727295507120480402280766860674518256275517076923249856605177587041054854401
53 -0.01134968056012242908368656585796592575917213479806795829880558781862859572468647328438935328816752817753876490431149174559761913918453
54 -0.00685328950451773859387889917866487312957192364659307887307642929851871997277860827704164577036128385532418130669530288324172880269974
55 -0.002611371466244320906141705277853393568778128825243821062039407989171503774162151980793783429147197747271276412779995460395136998991182
56 0.001395022752693224475440388328043421254060623388631341272160390958926041288492953024291095716176967274174745286648102486678535900348037
57 0.005183106004172601404502335838137240238798646421339860106527981812167014654886418222003674548627164688717881124301922605012914383068385
58 0.008768542337790054833839994841469257095221236012729517971122147878048100944997642381480391750828046499591198380468680669280841132448036
59 0.01216561137559086435621187147016161373252676890735916650141773192619510571334117692970204715105848677750951731254817992881076541076201
60 0.01538735271903377398932854970268488755702085838290480516325736571297518339291879789560311009895789415379613996772689551970903760078516
61 0.01844569310334508345028920168214442456411941103121404019555930919500460613152081472815622405451099712280081135524928509434080630385989
62 0.02135155860825032807321865897395879382875970268660908510159075046571319873073507223181583537299391162582235257338742746560424330749876
63 0.02411497389381803407994871530297904665131991405917625363300207101937774513945386277378284375215736146483837279214928228887183268211866
64 0.02674515014434239482098266083042577728708919892621412547135967240950629232188098446258773156145874821191514251580740495941252158483744
65 0.02925056316247874067435944771282619448928144995655441907530935431859958498250728769831498019636655053847182215778575805144552182015995
66 0.03163902285258277374693831084342565305614427718217250508383581894757896608952821048823945112784024935699584994155743690612114546336783
67 0.03391773516012576680276564954060862259216553083181525931957849234271697198919692238977484054946516436107292595698474181052203969301143
68 0.03609335738801385022420187810652073452193047264390324212335735154170594682576981165986445888554199644899761546679187661655557650653417
69 0.03817204768638716873518535699465723355391575804475588583561128262786605088597202616923426461670281247196271600756866277898155576279774
70 0.04015950940650892826819442809544516947810190143910633937455782875577448424314360774407439800491155271818551138558746244361294930738178
71 0.04206103091877207784804456617800006126444638088370961862174681086627080191282858028419553488388102296430692435149868489237761918762628
72 0.04388152141724202015647344221414441537547544744445451911456499949884657852113119777056871405961991480893903237567464517239941115318923
73 0.04562554316651071027611842728546368794870446788604173430698085841131914679206533042300579985968438441346037797093838681303378813819847
74 0.04729734058928631713878614759325891136971478323492121876832322179524470045630716682254582078566795183646764308297659459869563468396315
75 0.04890086654368259114039776030407794384603706295733074521215866637122547165411160975862768191377560335701256255551199382242531750792102
76 0.05043980609642872765110646391924179209680405237866451588150773362171477851403701157900626572428107549235596614962029464327858280980188
77 0.05191759806120674269380200224918590946327450447372981560912224489547786104810476319591442203520486109654599027133090626321019569266873
78 0.05333745453920766753575024426938651235907614789507933954009053051652150545352014584470870382423664728671774681334805103412493112623164
79 0.05470237867107819008167261789891507806213413417532397119667491058900165737370827483970923120296359996128606799573871513278756615198168
80 0.05601518078511170286655177403656431787555166581689812659841545785946277526997263444010630741610695015225773582474094976719889091504632
81 0.05727849310531834931126998505717939432389325693839630068053062762036577642444204188765620653098418238779749796629034271206841329168836
82 0.05849478316445955681672422983820138207875895412277158316066314434733423456100468175632227878233042550531450216986281501726649084236241
83 0.05966636605088922561428539511331232825583162282638909316018437470116219667435700099344334140511152689333878868349594025855704824709822
84 0.06079541560379521225665881577509357107534337677920497875242203603404977020947340309898537766045270354696580344455294060040214159172986
85 0.06188397465891512421784826904298702735302476467265787469903992478054866486519443925620707347687352385774518377981875591957335769838862
86 0.06293396443578197170460977909679526001359806421759146345034499995969977142715362491630346149820590555723822299009565551178598354772875
87 0.06394719314784243720760699792023468743209813304366610912300967574442999125489162162310250817347051697957100156330796875881338063216366
88 0.06492536390821535399145784249734587110813318706830716731030954606279133196449112355935652689114347702000536047510071848255580630029117
89 0.06587008199627565812250620875177030649749770768206806713426697250488777640714489484190827154178455390370674511514702525773438317843938
90 0.0667828615435346651842503978951699336618360245425119452694894013884606221956049583608011537837402738368567306999426430005283204157119
91 0.06766513169133302881544650465411858559636012756890347131701387503528595413924553717886779067722331683912938481990287902445302876326149
92 0.06851824226757465045488864773057957674986291800015197947906653408760790966209908947734060765016883795557381401411659646103133794030535
93 0.06934346902502701854142371204560757468311238912531668480233997402456687067680671458958806580710061343243474411252412853972905000477475
94 0.07014201847952549443451811771643945857626764885275229999221462141379632441127378201180916867879644480972263920812791374081927767319576
95 0.07091503238268461351500661349188493499849413699175761064107798886195398957439500979237706404600593867074996742109334852611594406766144
96 0.07166359186038509236521398824447018086961573352222372528508360739372947178226311484184136417460726861963312264777640813139592497101301
97 0.07238872124532427925464257287049412341870805842836348812552625712578218121392833988470654453361007051058173397876327286143157983031373
98 0.07309139162924947669422700445958352723458966052192822543083440831424610606920480978465157576242992719086569882710188459867817944016332
99 0.07377252415810220068909607661746780928189428550977751055749297824853272004386959247564121459124318147391099760063063260093635106533941
100 0.07443299309115572101060867132935205418692266378684137675316957816231916625563032212747511678781565271648538028608953686940340801008478
