4 -0.495452483421592034255965973400664685121639470635098858071032231133032031666548918575120267536884959638454502845210797570609769613988
5 0.733342990565393049049506334090235709249884984176542389586079339531788638509107514870165560124721825304765179060938552526143491456668
6 -0.950436328188628278016738923492507128935669778187229577135410832915235538543343399734766529372219626552216830236027479741162704187398
7 -1.43740815435221577973339072130504275607808976662308750254921492443399716680020710903766907391990255056927939750382493839492535421565
8 -0.0395027536846005161552200494517387040626806966879442614160396486790141777880252963432324534230076057451800464149044641483269551609835
9 1.12688513248132585672029859023467605134284488903490399513648495112667839717408096588291704484253346803415053333322895316842430713732
10 0.453278612189931138609694938995642249226564363077209801112969618829329523948304124487236965939726269920829147114670444031108231712245
11 1.70098716573632601780672545036198277797032418560298300184267890282493950200690816224565698406118737140396816349385741145223580607352
12 1.93313372236459749223677526846067198960069448711972732698990957298905262455528391710786939770607488665084253968462018872629708301128
13 1.58249309122391005365931400292693561638250418129736112916173340679071664737060735813626381898522766795626956900075788762251424887988
14 1.08663814765398378281233118056220205537369031506662275271004868261075795097557456685976144455181736919616239424926915135788364769839
15 0.62399900363594028089554473358434508095541391658158429616913433416391554545047928016593302688250515085253805837570695879230241912097
16 0.242840120355111333907367158159490086152145830314382619053878590318416691899952231554976278768187102507561973361840679110097782310909
17 -0.0565004659909610716081441352052918858906389990927744200382058281258288381791224377050005139393972245171702855443333686050490107677533
18 -0.287371787682851528826035238593422256205162721436189062096969322281339796397070133926649232920288770070215095785239472820381815819998
19 -0.464631258699824330090454513168603169184817524380257876161842487824090437800439298367249464114794648420398657541042713082197097887292
20 -0.60101219390148303207540796750889588960282922166119667990839263277080447501658443030555946980542383262558252814038082182288040813014
21 -0.706504999655893490528405850581246163141973836683945035057595207557169311293561194308176713887319565776295241692808793084650867187895
22 -0.788670858351612868518748924460054167910336665246870353558024420135249909532215468528914038934968077866996110949801766186137642037071
23 -0.853152089841615967141184430228372720976545647123842418753210482804909178664433980502646396398927953098708197401005001879548524420192
24 -0.904144173261798084644998729220203640291244832927604896514634653026402053066203720835741441163652583701016308009609672750949151011905
25 -0.944772851099712934694019543289559680941448133952269532300630311361679578821604401381354046561641801291503710127268365836037137194207
26 -0.97737833389463138705389648159442901580712018491040060472251083002999780599534638063819594306789629690359134228244374095316423565565
27 -1.00372408996469132564825329545136662022114578163816930472951014988839283753244751342708796154678792972405597603529563400311551068006
28 -1.02514865580561382321925387730553204322757637525434968015391923768288578341684033464924267138170598557916119846196422016249163370905
29 -1.04267575073429875857634365277504595397916117767104918854956568781443627460482028089059903889354655560154654682999289749856748043075
30 -1.05709430494269338615063925926338571253586313239239641554825825250048169417273564186258254891527970242364060867105045965411742429446
31 -1.06901688158567306381705746458640238693018359887417078684745439991673120361730822927496650604270192201177369567872432658424406973445
32 -1.07892257776353905615242564288763093465538292016749722733689106277301092982802170957186678264154370094422046871289941537400629073037
33 -1.08718873862386032121085652151596759195116240383617322764518716069365007228505773889049930410321223566380577195009773445927951753078
34 -1.09411456764859667874126717135276209292151610769797648116885106445881590551565549693746495102238168601944348379535555443983200151255
35 -1.09993883080870685132814549598977564902062465975746013285356324728185442005042026183203133161275612453334066064524553432374959978875
36 -1.10485322768066987248670261959853465730666762186463852080554808421302810998716354105417231078138009991789494253803485002069431603297
37 -1.10901256164039253136255157134380862008327569810630981617772811563643112582985932427242220438986679220566089718760040267765489171427
38 -1.11254252889744899074414395855515110142385351014807698581655068093051961985456580310101469012402592683707866732254187161448877780616
39 -1.11554572384621332046193663208577600595627378143854993152283577897641058484294766923771206447241155907811050483794410748740988066454
40 -1.11810629913255345985700982637654594981966179709404910363486536014177233153008086339792558814220408902312339192760915318098126056789
41 -1.12029360429282629153820385819239128201643327604992610169943511385458498254015025683314336682548266953490286221889600537457445316672
42 -1.12216504381762878516845454696358911091234972960054627724112047727242639923625324221200488139579579747026911138282605145732274706176
43 -1.1237683349486989905434844008775958091609769570594963163291824249971977704433830123103223944964276824060114463986973684127011718384
44 -1.12514330106609473148280898411376169560299616737433487543776654766105493308610120912193793610983418150308684548196024760982650040727
45 -1.12632330367447278153418121718390449869423259103680257325702262518462399532265914203025553743086020847952714129634934768671676802086
46 -1.12733639156797233713984452570006774896317117749054973904037162772284129918190753291910555073784718677439078955467856022133352213276
47 -1.12820622747142663755663509294020988289013041272148936620485133220493324183194808665398755914301009951795747804289317574216616209953
48 -1.12895283869100159212894614300910869134721809129302396480518376211413649559479555345131345408554151384811431829159561168724192084501
49 -1.12959322788241894546301711916127715267585585603143907997312340227018140767999445083254694653962232309650862429743428429172216457383
50 -1.13014187210405796588443384922089690715595839906914561221943884832063413599659811183072351738749963266804143108907040532387193725
51 -1.13061113223994028657773998600445168136139132525995133302678153516205650731433081062506107357907379268001511589282337561168847914129
52 -1.13101159019387005771339211933807214893289981646871882952999809890579154403833509308629140950826882338203284664706919069493670920928
53 -1.1313523276305329929072510243009041264202842165314873917595022072165794098618982586216550586736467381242483528264616845588433718997
54 -1.1316411572189867357521594028248414347146763716043242288911975590143060242647697270716891602307517131856711966853056426089995837303
55 -1.13188481512930569957516711393907735755129833494862001927532599954535497258332247248891918219566881502995340061256921109118150123406
56 -1.13208912180172126654728802393934083941918968787392693866860652690705858479795755749795843284437221743633602720814638297298885705997
57 -1.13225911664171154587977735135353887268447007622968941192611387587075672102272301639443310060216831725288214794184879045230133434048
58 -1.13239917121228679518910041277308926798115080750519857253595968833724679780983526702124447036706053981042257413522187768244220440291
59 -1.13251308463367089321898098716377401586827687798221969658747229352134987607226600831429880156613364502945921310010159592482266124994
60 -1.13260416421272181901901943577509522647070068350248395551509180617586524694344040313646596810353280829921593869556249481450190350519
61 -1.13267529377277922257892182056986938663668660804000399143942817155339916047159970011044929429674334266802705838434358986346391598671
62 -1.13272899171053229856179907770315622730774160575991163764521911005950021610824605848984638363365803937861657281852080554464817636026
63 -1.13276746044768812137192346218584155022631792047785076572117139997731379201780428380647818565630956266018101915933477180195082855747
64 -1.13279262865428819738293614841061558579802687057478522666605502872188673693669849219552520928777244189172377433601430248375483639337
65 -1.13280618738382179221826021636925329776844631391760376665441462173724252365474494171037336327163273776092819966489196362661228495139
66 -1.13280962106707267528145418867823324863642786334730547190255036283983129978292234210596318007176337542460378769701679372299475726468
67 -1.13280423415341748346325888267031078640685639225149574362320017365566273546578607491531375052186942212801587462289085191428331762331
68 -1.13279117405833023560334890381939005700395135061633242495403397887147445900265699892960593368475843323795442145482963175933322554705
69 -1.13277145096877304600530511589667182432121198912009375821792116359135445683123786314168649803122100265751650072240242647196474026037
70 -1.13274595496968056252511917933409536557527451883178005124023925580746788751881860947662202380202975430790123285825395285821796230096
71 -1.13271547088143785423765247106813847285822572818652050995479433528772936867648479426385613386875760685151136602766175995161335649333
72 -1.1326806911373435375742446391300884136867036817966091498464316064550003957365165790728148901718575646252283306108491348432193210566
73 -1.1326422269793107329252831655420108606265070321340397925181773633014792215046896348504490652862906508342573817257539148895348894525
74 -1.13260061820768196573543400793783258663327211782216735182834774206752551119671915707594241628708099675738321876232904559269044619712
75 -1.13255634168555404289494340982156833273095146620776312147433077256684705691415272750532873706904312700288755927719056305920261880073
76 -1.13250981876823123472009027927048717248839710481212158152358459786225548637754499286988840611654355905911412610125213439551856946021
77 -1.13246142180337473423364794763538143881138488750967914674826850510380447250097136341641572314282103302902350585501204517883633971968
78 -1.13241147982629491730707085034920895266021160079733566758070825295899086842623970841394461481080244096474471992993696139583713999059
79 -1.13236028355698481802420775257431238241591515753924857371396183422563993751935704132021919584985655399020039495681596269400598040837
80 -1.1323080897903787813639473195145430445071623150826211837641374215354979571405296535807405112776292757909031945462842068066736180314
81 -1.13225512525849404945288532539638972294892288016697349876546215079580114540548230267896367502018089405212099012316785906866017942375
82 -1.13220159003220656084164390844007792777885022753236805088299429640719418351653816121347244035361406680216628838171861293802767341765
83 -1.13214766052111986042303680125168394423501991288866713020438648533338873118195549688415996022827747435494861656163634323556896964483
84 -1.13209349212205365429935550511340217621016888264072348223068944310571781159180095080627922386593568180732246185849275072216811062587
85 -1.13203922155989449993139473760498635617714863217386872815159914325155449262658900209392907161928552115569158870845059161874273976393
86 -1.13198496895873861423591865139635153719634741994731321712954101097601387259850178667126905176410479857756069998193091970462538810872
87 -1.13193083967626786474737862785724092520005972843412421295551306651789105429028037650016118616777218869928978312117214124464951961117
88 -1.13187692593001060631107156986958019630679775674011291200972692112809267494108148509629590946038833551567262478685758306743324846958
89 -1.13182330824044486758027142406822494652089933280935466999114303285740698463978287616593232723635266367058488684525911599742030933692
90 -1.13177005671271467467801110148327590903340497599755932860112902256872521078829225240585694794356395462072704729236577554006104862601
91 -1.13171723217597694214102752370396795516748017062147575756086754426932845412651110227666914163530906451962698581284297020347189100031
92 -1.13166488719701373963260314985292420338075311401981282601156648531839460379039181790324061078086599968808279535842006929424213267006
93 -1.13161306698267981946925514984537272516013759426792895393272262930215510568728351034864771697813865184902071219155842106895471825977
94 -1.1315618101839630645259906787364590011790936798241042718790568904249653077168829139465484460733575856280529318729026189211790860593
95 -1.13151114961287773963479935325959357909779433283668158503314082410990824569991929150796202354961981137053031520056694049534965208956
96 -1.13146111288205453514884601775728110967202656277746736206060018045937120954558359364437708895971670065444609819584942237102610635077
97 -1.13141172297570960267585648278421936676928749416512877397883828687847094190448420815579210182170552469269200190967106007474125134185
98 -1.13136299875964337060720594907316188578990466955962215555934714046890968155480885126148377772482419454475666283806557392054893784003
99 -1.13131495543701858583515244930954970857159839212366562723015615361500014152314879664905879149286115508837617277121062026547493429252
100 -1.13126760495587835547691052661524770998209915804949016830991897469590827608951453366661999873667297555618164276265330175109501144941
