4 0.96558025790444163123240572397693623820485251717676571669531789864015312534802598410819760806261324992479823495294157794949883364753
5 0.093900858669854344354931072824053670838480055289785768094288535428890237555399765354765293196164593633527973526304438246477038860055
6 -0.17751814525518534838760498115973940258600991687681152873520093342186391680137080907356566993716082945519998548720357827614492414591
7 0.079070523736750454220807931303422749294446915545220742315752834491273403829587508442670917025558495448165887168078941219709656640015
8 -1.0164049254796682707903441805439554141597324818676511051247085979932816473511585175742986045995096925628521664582540035546174280832
9 -0.72694455731586962097424078788011833280753661701123752956252647765291415568574671647895429997014233181851245378444301329186725483112
10 0.74373717497021184921591333364965361399236876355074517071842260849037693653861552272705798390755100112958186963763270983601882471411
11 -0.12701028083277805709813084209315004548169342577993923355371257687319640862000598541301984787307082529014411635820741546261235901577
12 0.22827614431078228966632988383318801384043164608383633052944230580933493128493561945944726206278151169068956775596243981452839619268
13 0.87701855178558029034041854962920769604670488564646323759657522797207431971883513153026531207307791180211902140349283276434006664107
14 1.3845342609218271461194509342823662585782905510730571794082999547248246166867326926113197235687254861881469011253361220148047040694
15 1.6927112489891024490117569627274732976585554656125962966497784288716059181328821547185346850173182627352823630467260333459045755176
16 1.847020084999641366794880025071243361960483343835632687797839628704082979850707061059482252939857558145860580348377357262836024728
17 1.9009048029559719148631600830071404664781733131967177828913500889692989343943037355665477294232934719639257326321979847007183236106
18 1.8943882221489574684713344123312784242239452093147119927407530810560056458432114061157654727655189170114397849245397513084611062834
19 1.8537688093259107641524291739806142386668751017540466175943230916840133031750102195537014412808949226148385534816143609614952967796
20 1.7953853137429175458696206888238818123102930510001943596174180260480980704646204554934245026649199065957253976404296444025371325258
21 1.7290771772192076004396146839747075900630880226589548219249601091603012783065104831486955451927770585441582620710568481212282836667
22 1.6606234123565251814046498153607275650654061988038848802953068025473793063501365997473560999735260167477009155616610248874738463422
23 1.5933169828448391007972101369457176354966989864904416655720415840867747538612262251101567411128806148581047393966706391213121980036
24 1.5289456687274925454648882654827846627110792047216523527438302255421223898947324628112013989910526666285785098983066741449194603925
25 1.4683942831328240158284625653220345849331895201427268502869994350030063483820985285099812460808630465740036164965113554083765107822
26 1.4120123632873584978691925311755300713570540527003778924339239490595491227378897923927265291532301058183966768342476431257749097635
27 1.3598382178465794416633654625083334377790891444884136337233771351936038788476448779021097000520316262703132181936691033709238453278
28 1.31173522781301976094879430413634508518943227725000518068128862654440244515801790099691862304711649096348538987141978556780009904
29 1.2674744808992918478240987438353448269851640452036568741031767867286728729584185565129132222440877901540288129593950885373711880175
30 1.2267844981770804283607245485622411663430834604517496058349295464332066191646172975803108478654777914915681223799278237445924505014
31 1.1893807345811663667906823492688232120953270636135301218234892127734492223063959882653844038131383148812809407903957418913845426601
32 1.1549826360857891086597957468303157675391018216275538066828829431823120913895961208187426907001321875388049622346365413285435635867
33 1.1233230538047086728086423110188238330364707292421575501573901183124486626397053734957795888732740026410560860521266802471434514559
34 1.0941529890644435731288256655960665505208022294876281923645784332609854481385462827552466059087796759729031843030655020980639304556
35 1.067243518253787185955170157501230467546167814626648881170224570643135692364471493252495364186427119090864164510751361037679914558
36 1.0423860485626084085360058027876619356658855295577801161694592646861633128285015765799019258809612770685171937314317347345284474769
37 1.0193916206612885723920389014779093693785165215938614078379500525629634636560760477052915605163702198015646793322692998927857425871
38 0.99808970179208903963794006723860104703389670547342573207259626516227279173630432929979056758349665121300643004346183483482577224478
39 0.97832674138376072315874819381722770817149519834477578191277240233906260012492075645361241419271695180714387490131878960374520700022
40 0.95996465339801859118972419394610138147759919058622314366964377756440318203239889988360699578139617868421616778893031036179561444658
41 0.9428793217167113902578732229842002355327249799487956933839515164032281270073187045006842220747579727404460856818050397773060085103
42 0.92695918230874160899105888737638362191329575922359860551440229632028900986925107597542079504840065958023980735667753827681818671312
43 0.91210390943547076300895436045092883502464128083748354641502696712434012499419305555135818192182681813486375872019767031604818483023
44 0.89822321690832743052779796027626316025928954112933800665341116129751437407981317710080823232342965587774752871741914619142642902233
45 0.88523577567496590781645626178912307645351015148974295373619800696655697011902994073982149093578096441313906945944114446646548674132
46 0.87306824339737835048625521750595213446138404585053106700911008891716985026870253898237243095664102257904060350534349403981635972388
47 0.86165439866886013044517946967983655831818602133774403097803907392823162673068602439585379940847087395737379215786191940921012650712
48 0.85093437111569956735819210674731264599516239886718385682563681823511605390302652895154655490083396309554416034934120096416487671494
49 0.84085395821442839465693200423583191982354730710299322032689391518696870833725468808789133534193080038177850808447785403258667192541
50 0.83136401982361932955454647034915237169077265911194287152475868059371254760285866722973978448437745789351914537461027630964979304593
51 0.82241994192429069048639773715563441623053423734766919091443294767659781972556174370682539130397377364822146022968185923792781382562
52 0.81398116172357218680506927539272559441287850358862544418317583523227629074542788958521178646406307720490699768902732881584479315343
53 0.80601074700237171668218339247838656745925026359681215312460792700119771420731111369918143267204196476812086282572414408246682065618
54 0.79847502331894290711809311477409416601582183681289423446960986175967760990581013667886278432882482818571829964942904113650736918884
55 0.79134324338150615897517098130172770552452244121459837826801822979849703623620596378464692219357602467556316228321299993409158185634
56 0.78458729355563402621976122656558025044871296293217083162415784872167253162580107310571775474633829172525319988195858033247891074714
57 0.77818143306735482591940568147081177178066473419170407108060780126079992637746031321905422653521592414086000086337155184271199125209
58 0.77210206199848590389578206556503280192475165790085139045529749417401797050251256929581290738480545247128027783477246441026330958407
59 0.76632751464792167584335835931335249509640117070889378061213704411053809103895558216741765439739406012665320547781258072083573435595
60 0.76083787525489482342641564922989847060853508949426055357414818620190934837461375233337486572135309411814061386319670099342528750046
61 0.75561481345207133957540275339205594985175363118892456950284757411877890059026548293035140725409707742465717777247946737374744622529
62 0.75064143714260110834674445987088429776381130666429610165510696896924768372896485260397975668501221757676437773535641681293532428374
63 0.74590216078080334047966252090296552117430457874207436299254153413804832027214503768018725623928581463936370827848118276115426062566
64 0.74138258728567971890291514995703604084309545516624268820691917508148652941903443404689457519649129064201138867751452898610170125719
65 0.7370694020342366826900043764849565868527975219432032117583783715897571382392626939009755987925542334550098181134266174105477933778
66 0.7329502775715862857710827082339243961493996417321476367585017116636542545930764435565046999906086990384208072709137376300042330749
67 0.72901378784049869933426070593436689209984244510762655742200166113336053912146181852885725914991722199066812856279410097904112532838
68 0.72524933087761772854258319755397657261139736855643783051884299815094741874993199424432372411063133490654027602623254756799084189868
69 0.72164705904967033984216031124068954423607719867992752518345776020056244241270327957376453171066878461999168104725587961806516897918
70 0.71819781601310797316280149447126679732351779192220000570564561221055344187673670614332190589156718489960550763455482158528937452641
71 0.71489307967681039420126850856085781149632187892832948295030317691971248688129666823781431999642960347921846078807960874753927099122
72 0.71172491053158820788207126646184506063529473786169721417786224238553585061777789734438914959652421916998732578107503963466417893653
73 0.70868590478382347065598868448149366694143634258565701935227621345602274220727706386601312557192340260139572498371137105824601922032
74 0.70576915179506384389663307515052410664690914650296512349736380998176611230475789961889370698486482161206783849929100556037521435042
75 0.70296819538592530337995827902551775826023443138050818066559229786851517535485135462103360414990292466579146396750815426831156895723
76 0.70027699861229266312285131733427998449657617476867583294653380405694816422985157409742601277485147968344967198583181260326708039082
77 0.69768991166542869091617585709629405305526246591140863466889762626503410342953665466093399896130626799269146209746988581392557017592
78 0.69520164258598416144715346487942199661220283065053648648188183919737056731165780501538429950991321773976617195673178468039102464316
79 0.69280723051571203417853833219000309739758322239580114473882344210993352485953006695925688249134700678973285109230184506371396129914
80 0.69050202124050887132605617296919206186226226358411212778675614028335758864658987227709326935747402289458748131371807877903064111102
81 0.68828164480473827645798575221621288576378491313552386731744541406340260098133809296683372157351817237795629235998849494494256714439
82 0.68614199500007060088942065797507151857875546934474215066387806548851853242469111393663515983838976818327695907584361458163663089002
83 0.68407921055267903561216217155605853509419696197797480518291817660769403565364614449355299106418140813170731001142922548708926568873
84 0.68208965785089348137850013248268605490093049307805398024881328045437710773531640177407788416094380248703202757582379572626615075359
85 0.68016991507161643336553668107007703892712187153233407596111973316112986610650351275444866025965422627816141660448186819209592347084
86 0.67831675757819868090841041695550074691923961537659017546602317514950486247928783337138550204846348221318757919098259839838349090039
87 0.67652714447527405473324767983324641583536310813422462958531767343805426984271879545891011690622739668194505614925530630461298855075
88 0.67479820621745120845737095295148214211038852718637841192630535407794943098101690601087364736263025645372780654945661952718517413186
89 0.67312723317892196932573478423311295886512592773095190884650312070428235643770770760330884975425418487839944074841925651789399321961
90 0.67151166510011481817991640300312467006548325227028278525383418746642250427243133404821771796083228226429165501714806546883876625283
91 0.66994908133562520706600412013646284744405084313747873045658881294090179780753191334401335413278262185546335530131324448383839462558
92 0.6684371918349026772935729353759345480563580695928049519262397747696667808592698046304117247289393808675544387573891384799685100908
93 0.66697382879366546649241152727457427658257603908663903217278061354917346296940706376767595473355556175670123567394871123349311379819
94 0.66555693891983200533230139912587960888904053364612029291596858463556240631506220411100421606593805591962894385359775331100714061206
95 0.66418457626298059470416288362639373750968589964581958593841065431734786729047987902960336919000487303646183908114845761575470254945
96 0.66285489556103981103578273717760285685422052431881082116600551751765111561684264726596357381679533466523515986568428849269245673586
97 0.6615661460621311400008775537053158886913195947291761153370196837503672918498651981653634415561339364454451918474935544710302466404
98 0.66031666578328344693516515959182015878722142450126878843651321979594989999954257474671408610458859992104027096439785008292064679054
99 0.65910487617116160552107307776756404125522095504290494984858012667462615310500631671105690888099001209853807954995400196026279087999
100 0.65792927713303911041169365510633886616916171700821188643809931715192193498484399916275516749990743300656702460011606509891830298484
