4 -0.1630033128910970826002128068854199488692980255508055157972865711158773596902960874260903753446795536997917605603457167008985172726
5 -0.1071190205288296092065421732068371135889652242404288387329206837370313051050220075879224879958468048473529329646654526506559006299
6 0.6629689585924756556737923891487216018429423313517129999412265274848124255743768412796354400597959438056571544481179168331434279307
7 -0.7682176028156051991895025684058680543294794136093050824433382371581400897824496411219628476872712042373628893962602275779391131225
8 -0.6690062580857633041615817825258402893435911585568876441916039602955763574522390083526211316035257306127651815660543822163637996646
9 -0.9053312772935456114210652628035181695748558867299154244014475227685701825075333675979631293559161869636128019734706569040548249323
10 -1.535084096902892830482172228929731276482149018775391677967526680836701835065298123765260343883048155898535025884023600007816596182
11 0.06126483338659894595031634877765170411484129894484681924635903118007705087874534931156925121116110776454370803883783751625226591308
12 -0.1259061215342877914543979421728261164587931128087193043964226814002042298825758122689524910381810853128720346582566650792370293494
13 -0.4637977814538601460861289451269441876483197888124526760612489299992767201624268249594998027262726900337888234205905660920608404454
14 -0.5580364017089647027419469707833866549278181942633960561522929079550148078510164669966537880930194126930758348226745018035719647396
15 -0.4627842380515035673805012680323329279282511318170587187779958350141291069616008718451172089108356381301804211021467570085937313704
16 -0.2761377276965844064385252530610631091141460988753059007021834054023915269504571861959764300595000993166413128323655345249612792045
17 -0.06198415364986618379829274131965574228790821137834048874999641429943439203618376646732126619287246616500716788847692295077628543538
18 0.1471123811018258568305974336573912797368277908054099238315820674444639199283299612542015411578640471746395300792012662106047920561
19 0.3372781873300812503560697140720559531744074122145939167000166921223129533310482367903564321792814771804335842865575184713679791102
20 0.5042735534394760806218003175954206919129689216206065893690770984441478250278538559784941265255821315956064980726680891639354469752
21 0.6483626566112261069872700102626517816423046482859862853296072732044126740104637374760917462831974252312348822614899593332506991076
22 0.7716669457404378466276131961568981542472182996068588077907013287725635350862361328464225658350100677844378631105079687828052339871
23 0.8768786397732154754589088155566769323391063688356750550659165912806292780471438911426720276339814041041987726728382742314263824302
24 0.9666744721064657114204701281268723986291073365839342458637044435476962041556511743478761041734082399968845904734135624240681622747
25 1.043476549382134011034794068383388910381244050528175244635642651700334234912074187346013060951561957666757543418311262497399346261
26 1.10937902332289868212813345334072023669469267253355001116565137288357800242579148521637216374113121181730890464302970903639655295
27 1.166149728384734341015624530260439031868450130357316649295655187531009645930112028353452669269848365325830644372728975034583384665
28 1.215262248440986007626401666746759715717040295207509830514857230802374577649686548317457086861970658817552230883006322585967665052
29 1.257937227299330165184139115564152052734085794916892949005420414370404030313996844500791655432735596467361387864867823540578673459
30 1.295183365134413891035502541899574201201956486259959485625110101846103930385467741741572675799361328259680883872531149487490030348
31 1.327834236101919040980850550630253704946450410763901536996138880459992512857953353852953074007411834614347166129449467219314882112
32 1.356579771635314518646490208421619189144441779688557891167807992367048597966467195056904244079445719864827940792105543670700154734
33 1.381992475768598756245575236216191111354053364193518140802989864523536682844317091087578448498081992480026785997990306530997160733
34 1.40454893068162875681993996330700532629796495137248645936531784877550601737926207463034173620473350820706816235456213174848239607
35 1.424647294477427204066948147001782455778859427077347595384315092329635059765627071032690094751172674575056664872399711204807446761
36 1.442621480082645084428193243370613649155420668596549934486692755188542760620787881341538454526313996905303524169357811919433198321
37 1.458752628231836845869885214320743782710258291776568531056311860273018715585980314797795729106822350464761521580824323491532627471
38 1.473278393721723231714997458058850157737677530426359584727090407200927841823476903879138685724807116994950168748533898333940966028
39 1.486400472765765749769543660055902389328543668624592930408056108326302714102552455982726878574914611686261145299111818433942643619
40 1.498290718393806456988240112228357483099921375886849034885757610257497104100549239163407708343042007633333330476997362390838173019
41 1.509096122633159906795871504131037703418211409127963858521190014964376096789689096332366835562413033679562802561652742904248755199
42 1.518942888253347376654546693024918751635509274699809805003380907710924205400059594442732137750807255172616108954584048356356703501
43 1.527939767697794799731383429613943017494034643697165048703659684600457324501687722474600412057440903483615998315647569424171347073
44 1.536180810731638361668325846777173659701856426837408890598965632188935483422741188844754260632130449727003069083020192765886412063
45 1.543747633645889175966497285548319332924206794813799933603854961858835750848106959970693350406452441883980763670082656220559352338
46 1.550711300120100954567687069651271975981402001939697350346622907379542573154121739466092549795905977297932381672930746803913389461
47 1.557133885842042675928025266130205721992170472987309416169293573654651090763637981503122273914001444099414710417955187916415336999
48 1.563069784723896199606472987155844992118537022803046672454514036097234796564176067974900841911012150317812112640843145591450808585
49 1.568566803247920382881535067549736525678749983385698393036438364073706593981106860952526147008571431852358052743177330137314005099
50 1.573667080492638349754784255114444478746556764566642635458696546245386010210216847439518305202849679009375865639521271751382004967
51 1.578407864239117580227064188782305748864264338652343148187573626909063595640567297516825579310255488034522427993509438146162105456
52 1.582822167847926131513425342268508554393550649841387366524621163178608536820500762465970395467207640144916369147555478082800836637
53 1.586939328026946832937442874755002447853896908900266694384777378714559386154360029213700726574208467430300220466882432247227280131
54 1.59078547994036766737432913463467150488752032297768105133209389159794316228319973810646876954144774365862875788317705208173701932
55 1.594383963153266327316506817404031515403430766293904767210127737573672052559053906300586463110569835889918912192824554485018610399
56 1.597755669517844749514856889105074818454805537818946847919865456657827737046485687988673007077837865117994706799357494792348549053
57 1.600919342171419966616576984807208525162506138285119170490599457283152243053881281557489416758346528540803881611460304923251126425
58 1.603891833242027048311409192694104623362115332894556805774182011720588278422620426659834888197886571895857864548831847849359043089
59 1.60668832657328448763207991420594365667069167125852338594319151010841811110380896865823236140718292905489347089677834567034900077
60 1.609322530729264192753501798484254803845440531776519205716263436089131134200623041428474076290148064225411646408268108052679426815
61 1.611806846677429608350841599730667917881454213184020815543627700143405623370034839977548030458033880373772257872077487639912539756
62 1.614152513837362259725070935965687323176389106564554348558504390370481852975668526157329305757430960392024046153101753215399016057
63 1.616369737596317623584185527625876557044508911186587573322449931079689864672402350144439535070157277285099880750083910816972012581
64 1.618467800906665616821175520516358871605321586538816115467349341787527719489146608313040643216671923579556440842357487996282315815
65 1.620455162176522131623311649795335118051709891738223685719238323598203192418453344523537386209565706706508753629233145755669325924
66 1.622339541328491213292335991564855986691421684290553371789603877073801706893748743219373000270427091161358697124455294660145963325
67 1.62412799562038956858061349520428471630475709719823708553361608913790437200044323418934713490867658322951531571513189654083717261
68 1.625826986586369462950536603339156043352164128204652312084238492804907746264379725102894308864478361486453319716053586423781057539
69 1.627442439259068611630013016291663523385502235156626087204294741582648268689677200816051485441761784291399909793151601705169186999
70 1.628979794666835602153511717680542527476272029632310116288272133578345876991283687837702816174798508801549960282259144295283065618
71 1.630444056459424157229763251849583547484471260976512303523784017495808406276540291920793572478109331955906027604667410390772261075
72 1.631839832396487995782071790785568953265750573305165564569619204487010080292937862798278468514248518841364734215191827475574778451
73 1.633171371332179376623400892028343153292168522048276288350522318601507029221132488284238598203447502747538961866703985088143811613
74 1.63444259624322331478794923521107806835890437661434978723761883365695131184658470396646302160060828086395236863190634158910367323
75 1.635657133774579912027822045147011066376106924845335273256580399368037114891405498239191879656089137660330913213618198382663421936
76 1.636818340714208949358183454290105583031803302370144998312364516055214727389934682193469287416261971111183552297307904856003234365
77 1.637929327754843848880334473277406294603867658560873820301233300009357148069295403155538891908397724415573844315789774753402364022
78 1.638992980854675575295554343009369298822206954991317095334811957405348910032890611297722800529979280892996721935837836257053134189
79 1.640011980469280013719027605358247607907764855548178471169193040361585175156570183407361701451842817585001524604791688071424977375
80 1.64098881889302332144114806344634006795683993344414877079388560488002668640285295540006162544151471587261515209073335729658492497
81 1.6419258159187338731599577868174441519218414895623676862971015221419962011203765015451195857457405732759565129298001565949936308
82 1.64282513299895171946535580527784517335786707456893343288486958776477253387468492946178927690057924990184052274502320635960544168
83 1.643688786069979849668110506127261935529824998660936041371553041765456929311733583449516330508356682292980304583244687661116903746
84 1.644518657180778710688508654687173169616494937063552190946873035791102893625225798432212305431206371652710528220283343293658376324
85 1.64531650505205406772872715806241959467408847519230870971347003656755014037363422417347897150536403784401984261536582211343543469
86 1.646083974676338787408408888029199789685024187225086649997183851908597910110730877000620434333115902915402137218201085883055114481
87 1.646822606057164428757205561586551768148666814066468511279861123201321720603877885571768999317752328208761774864229971598287020309
88 1.64753384217430574438841306670009583720527283732401907024628083123147480742131515233811500617664634988754427290447199240828855606
89 1.648219036252344594323931601738722740314965080416682534839318290795268968356119328323505554020182779271793947178191716611929287083
90 1.648879458401254981960650401995757001346555961911088600664779316006807808687629538386872067832084516506238874701365811148065110706
91 1.649516301690200059177037981478652567002235915499571112746915701764448440372964578983320705471884740326534680877205232465355142056
92 1.650130687709119581648412234002551626389121533781029402679464901585513819097361238731683076104748562274488682713679739151789290279
93 1.650723671666856035035408036189680025058755469486820754066853225995348947206315612458729027364476381400296207271146170347374480195
94 1.651296247069419295647466127554955893885604510323014148993208025299896744679972270214779934348449333227026840850629877266606485872
95 1.651849350017436821337813732254498347154939805695074312297260132098686828054343701526195198805066869891230086577220566616607349833
96 1.652383863157804340272742966494007356082866368815331724777565391453957846693671384135798343208226451748261437780329269529491458507
97 1.652900619320976223379093917938253160243186948758099176922547984131926919648804987582509950296987870449055026014776506487440767812
98 1.653400404872159207819655945413647566959681394252226802689445566310096516249551731326317445544427649676445920366972071310338954077
99 1.653883962801849286378512781996084065529900997178055212381212959800977176050289370565925282199101608085894061431559724371016238588
100 1.654351995578637139101058521538828192258790536281262375447927785574775116924368444230237097575007602220957301462452868279721231409
