4 -0.2583810213627848364543244669169849993164251872390951242286995481210069565463555330589025194906271720689675704317570346328942315
5 -0.1675931271482745275664069250855879447404148633039953701100326096745897094210245951982816754203303934964313956971471670583900122
6 0.6267790384336969136639211772648499383139624956260764625818017892070327776169925643424806306886474656490489392318388392855080387
7 -0.07342608671431029606591731646630186804814932890535905169792414428004011774229389782066670043891795434154701479501772622445855273
8 1.705105766616176870325760345079103029363702833778162105668742129375981515335147861923793565114543096521564854400668087926139446
9 -0.2068571480032948214868104442744727495450317969952636093008526355733262056854903692046268683957804265716755520587932128616022312
10 0.3418507675768300516090316626749819951598574880570040183137680598958386150941121308471256160661668231838957775854411420647885063
11 -0.5882343777282003274435546868322562938103383216585816014479963951290406022324057724224156057998562417755065070833587682058583984
12 0.6585649736491655139135531785907457593943562477837723758956949901921824173081601333963500569475566561642233513465687754740201897
13 0.5850154934971327015530847716155016735439659191473447651997130875111104881388833788389215177119332375014322485603496042227110212
14 0.0520245071572872611630004438011345518841069944464588919243200291084511058699528267186290922154899396818521617732427633908123167
15 -0.4230451451188251092827600962474297013452817306701062230154390801483865259829525970669363707238736506522405461721514494864726047
16 -0.7316359640686599342324739028939452412160122446219681619987149037609891071289235015718975865054225034985413598813598775461447024
17 -0.9000730917326115752528024892816383852872738568617744649417877714111136482692031448319535881648428431862762727966584837002420316
18 -0.9753567605759284171223328064959975784846728620365176185496417023980039277456986085926382743070689999598083065527683261520024965
19 -0.9949765263798453080408766491115180407650238360682207721885018284500724503392108968136168671353588254181272830209616120106165433
20 -0.9837308736355716059607173290029481186768631547713840055829647682312842970090641801725633696657871637650269392561222513703686583
21 -0.956766985487510773493394058218016134090384193185478992170675909715267877164264312886120349981447798991858012276558601589568594
22 -0.9229231863982116171487992426025390703913903267824062861384718588669257649483088437884793372643539213005077400378069791821039961
23 -0.8871683626014583342132254824852809109504828195166125939488023311182010759352606916007015099771546516130747451347284826875536024
24 -0.8521749179828463603449280456134836138609774533180676614561709372229654478881110543621744613160496086480478036778459048434356342
25 -0.8192812173037994704675148918819466226073784792187155919655693728323850154772530052631992414266493379085106264115888789768505606
26 -0.7890657161032362109651729068716271038413779979603110285873755262018107626121820172300752282239545897280606983084278587356729844
27 -0.761684698563573226004096887744252067887386174592550909662729225215001008703232363274318039827019962824893316275549653891480022
28 -0.7370690011800221201850545471432603847348560262411492718502808376790988579948747760623258811021517396428693595391007205367327082
29 -0.7150374264113602561284834489485929669494677279289693660579347252812650613078593726894974021724215485751628188246828053834528702
30 -0.6953611839943995787668411203212461550572566947279907391818618210446100361262631009220791693391597227100723118210474210066838598
31 -0.6777996533663643157633428212831450167187076426838707739299286395896758046585175774105658020934917743296940801825037600673129079
32 -0.6621194339771831175983209554804079639056786281123970328633252624893695606059847472124055094457325037467112028071730441874122924
33 -0.6481037375352092116603598123106802652510941740712107006539272683492767088817164594005265517138079014688035938247477166817621937
34 -0.6355562789917037372005778542037102057423512910618769889563166816625778743546717062337606816598095033932552034076651797276192821
35 -0.6243021116920863819631269860070018236664282567229471439701016893171044679815666582647234029431587814604874694156700507014623433
36 -0.6141868390001170362517894635651687026745013398164239923150994270490495959009197965710242807437885121787185353533170132533468329
37 -0.605075033898656497416545364761469046095946551200822241570483486838211684278784716776577275717834145808047663899603306974852639
38 -0.59684834164104030652155339217302620058881473245913374750904760945241082824374501716143880409173104003070505291340916216497006
39 -0.5894035294639945346400756101817277591504275683924310866257808870447565582158306237280258160156235905389894385836054533135948127
40 -0.5826506230414557438577281484595137586689706124126072815627319247875891750750956744158208593867730047736521912361352181228110369
41 -0.5765111968650487942938160982317688952282048413392392319153526420073923962912797069808283748190883467548083941123782681328016195
42 -0.5709168442222174057915860074081461306762591407434776060010186708956498576804842031795629381919963109666654970220533519945819052
43 -0.5658078293904598659309896483475718599641088957044201098305472047925594812807008201344006192944850791623787057351184719948105236
44 -0.5611319125452404469271932161491789562607285879770796940282180534331531869285159311942808246860610082528749683837250465682573233
45 -0.5568433321543657905435668323142050108933509439449328077211187007823534762552627281191517754297192496590682934990723869659982156
46 -0.5529019275740753259761412352200384379652606272789452592957275216827470203539369410238048169361160285621755207172054693053937707
47 -0.5492723845363517422225845636782355245897653962337288890724076267750777047780615036818243492972914539806030535321255844731370233
48 -0.5459235872505649571381288226817244123044426668627419145729593351822850177468855686113894270126839393617915966636188719006328428
49 -0.542828062365156198602382409139037598620439468833953267834826225972200028233117067697693435695014700287487212287076272502653566
50 -0.5399615017196227556985761303063454544040119635527123537547553505448027278379368308412488118954383280671565451276633295547920747
51 -0.5373023524830722994184357671587755974744397177570346731754057888522671307551164947149779950857789982810687684862719448800549811
52 -0.5348314648299743829436824270607655370571206517294450277192361412445695064010093153459761514521450757465030311198504951759650733
53 -0.5325317887046770242605677958321281457031057892102408659672938433096352552832762925890351816120554600284911647573791075172385358
54 -0.5303881124614087696953122517510209221881480432963206235753852603218690066698072628357172594671431207435064141648750179232949335
55 -0.5283868372396240526347514747481557129138185652140173588319811762418031412116986367238575158980602586091587766328577180736400151
56 -0.5265157818576603686703013697280113497162685011483401375128616392734666011228283039928427899900641017215731821850172750676787677
57 -0.5247640137963063650806559445854623230290725426029483139764387916114004224921977397600337572197245937366049888412211261838967722
58 -0.5231217025144740051125177507653363059117384729236204687998876910039151335520862761418022630928007084190488332231049355504833756
59 -0.5215799919076149587999257304447573931569384926040397236213751172268054746948660240102176777709227774301421717009143473372561768
60 -0.5201308892004298019417582265902502842915845416252883828150415999222290500726144190492051845607309073221200173123444955135835231
61 -0.5187671679718147460281585838615431822965241810832025265479304775160736790618377391585863379192543334626427920718416726606240854
62 -0.5174822833532594758988690817469596871552440197425327343140209622670967432558523038587014276677615872250486453083401007695917673
63 -0.5162702977318669426894558674316019720814590623112355831556992759610252684816272546198530936996504959848116100661784358117893203
64 -0.515125815534194375796918704259045849994040083314418525430344497391637705090530254930344923348286282736396520909838738966179652
65 -0.5140439258743256702822451433215891767386422299371138845101659036122498541322221984085765793086789085992471533980557774321436971
66 -0.5130201520249832812522677299776170955832113795762365081046523629763154788440262839971276673573559492110005598980401175350622024
67 -0.512050406819126599186353662167002412909233380855940049377320646637375458173742318901601920462993241676263539533681237846556098
68 -0.5111309532156078960427552548029823724512556439004392370153876535092946745546163162860134001150793236050788616097741153958994835
69 -0.5102583693696262457646849794305050751282264539400438414848484550486256856608645014274891882629078250425481499921078945298915021
70 -0.5094295176399180804220983774422364651851915505594115585170081465855996636402882962370270916091179152086148050340375467200850872
71 -0.5086415170423505489848080444571302314970872580349880726814726917527245913711617770580497084565301690330843574944994956624056921
72 -0.5078917187259361633733869510560583712589713653801426754993221927821019903879034900918259607148344599398669839033098098637539277
73 -0.5071776841040215322839955888711980551446701001270881687753657313185822625520028246554815597362997119520280373318272764185950046
74 -0.5064971653219938097386480502111975110383092349629480381265435020478509206363721068111561709680046694524506293251410356516318653
75 -0.5058480877845342657179289652260387017235567395261959820641215185226918602836846080454752010907430625968411439367499275948855845
76 -0.505228534501270400305632720066189407673988931777905737021578932580822061874691453327556312533140261298366796157616516957094585
77 -0.504636732040512817344053079347728495938385293046035537990780801782245619363919821534804339579728798855830555193922310381819676
78 -0.5040710379073494730795876437443344793554579240090688703253817069577535636723435380244874673508143585348403964926847819951169422
79 -0.5035299291853315091998782665582442520031806509659429975555727575730731376464428781338962689915926700464161675788481637726341471
80 -0.5030119923008487445147428021035780464682584315267547264581900103378308905949371743506513617887618638464897787105819336917194644
81 -0.5025159137865051900990555460778667135487688214776968963374466636938356457544577178980169966262430258916436797617224604386257906
82 -0.5020404719347438933179004251763151327114716009091945757463468202916184312268714172070767308987403930278956012939209515727208839
83 -0.5015845292459571333061680372179427819901598318444581656686169209589362077577469731652867902239863282395879597373425696221506079
84 -0.5011470255866255536395132008731541060927308309289008560946191089986573081523232905269761388454816810255519157908824964939644987
85 -0.5007269719828907924564518885025095335565305241746752885475800965361232158119825283836341797924464104991205611229415692053305262
86 -0.5003234449835789344153740242157146943949491420846388345337022971941589877158987311211723838044252361352325043348722783056434444
87 -0.4999355815342261434240644311379886366777525688252582860550332681807805768813705126547110824823509109736703514919784735861016638
88 -0.4995625743102581585298712070213865724567732324823366983973569219097665499299181060692973397112757919920520841535444403887154351
89 -0.4992036674632662272236999647841271137711796475670967785814820437382108384461205413850465674481035908341624142588100256408786153
90 -0.4988581527394101814825744581202631531810077888332600579098565079653649412981876938326903396839595038538236756774608236479046635
91 -0.4985253659334564294302195616498149816699016973002948124420327249401617651000943638216888640786577733002444424112622357541596389
92 -0.4982046836459035849233879019825425010509514079607229597545834977825469527040475180191048646784057971142673677846813873330654376
93 -0.497895520314129357827868448769859096716559552889457097564812258860584260419753843711056821193910158446939961040722472815815399
94 -0.4975973254915679579980421147245241637620644876672391964259664757492707141131815607391214253822725409489386567116424627507650911
95 -0.4973095813516484571698164271471222681999491557060475562972388074932391976754346625826613546392340844253186193455331906482408558
96 -0.4970318003956353272784534265193391287661982143677791028387577713385337305927818620521606124046614806142371499389706782647360437
97 -0.4967635233456509112031315568595031313058053891254021601733631610148936058479691577433785066501638826325824054591003103715433406
98 -0.4965043172060590429263073545152722510392085674085277297379196066144955161448751844185665725497307916229120161514017584987586775
99 -0.4962537734780782594404396722224584944333457500250922852167890284692380628394670306079991021972999815361749005933252377101025779
100 -0.4960115065139971551687697095360315436245676320745564959767677904594810163036673577945976840287037275358022039688968493913493741
