4 -1.08686452674683005790007707802266520531056658774490306922783361017769418136509330106116529608718970181069888109819572655061588
5 0.0412148533120096706436231831743693774085399181586997794554179999592144850112874951326420901797349441777568201940616391228252515
6 -0.5541305478171852560159820904153375753714848761195318792007794522050105138975763059476992128173135794825319624471011508409692
7 0.101672434603094821300652563986153531925905409740882748730507197888099862563634612916467733906161501137407113963843093479541094
8 0.297342794232719071790623224552568356767786836562107090298248421967107960757572693743434462817624644116911899815463844700493617
9 1.3087432177527903681608519493456845556566951374903172841615991739279080071398294783989413160670992505235167098770059743952598
10 0.115798554702764538359573917448606567998245290165532586362316331090531496176797166771113789764426923467690976058281724898742424
11 0.805910268455250066082699814490164584599415704938919213088120689155001856760601724349497642344546723062115417352744572727686208
12 -0.548045508317153180425675262768142554664260129602625533171073978758948509611065857093063762061989498257504795815984319196988371
13 -0.179162572743995735369460924529797842195773802502135467505144377440102185839437209307161457618399719262540614194824694035706615
14 0.397899629688262568770384858519600877283659476899390580325294015195532611089105295691415447745108729243425233985073249699471795
15 0.701019535216415052863485079022495208279174777557735036476405983308390934564902960755846913607067849908120059458274079890801108
16 0.759506427344825989182328079581080174911930813496943551781134498813905438473805282608204515523746083313199891503296095395804947
17 0.681234259129687198688267446060144311823891735985778279850136144767227705977274544097831585210030607345170427834256446831950475
18 0.544867703680771090426515175206186830743137276772027407910127424137110819194533503382386562180068735237107732093629118715752746
19 0.394134541190404055019483204922347069364712032100320357234443412413692616435049605284341416605204278832383652315465093790447831
20 0.249970592857743114777057165597182784863125395092813643152836086793313764811893336331454101542782598881898770964950694138898655
21 0.120812503435065558893098999094915834699208912271136211563762547726017964109946362497235173673072187142749561249574486841109278
22 0.00885999601931110130300796443622528526599295698579133115406077344208548534627160455085336874558287269791951105781536838704001607
23 -0.08653473477156561270574924696729262706728158593790742472782199491041371999264521601300455793769715209230741904197004938509431
24 -0.167145460814761497049276358035657653009163167461048735001150825679635762533613804344424330458281195208709387838176784235970142
25 -0.235042929886913163989420362106997403422007711288417659639461142331523000199072561513792341351403789253344854344526946194609366
26 -0.292222989099459751250363023310223163720730225031500443824102349147004171691488484470862706617942630336214490029300467974909513
27 -0.340460954261146371434818769763025513317476127320853843326413395453244985103360246960890282126446914916495523711412460587103706
28 -0.381273539376292806370699301079346685911556167523894429460926331100877260907158074994251245858421955466400610863969029725105691
29 -0.415928678104510224603734235096594400473995017096409540152579734048533019129277870026748187400336779660079528933034820705209194
30 -0.445473956259070125084165949431054384352284530597287455466678448082934284878006819228438806579301929222389776113710813653434294
31 -0.470769795717329464176780957689653002670655140837275345445096132825635184895356836024280925302960748897241900793499675124629841
32 -0.492521242945270241235746734484262348468173197316041466850113498200467415292825644079726096495448521053658325906978996436521539
33 -0.511305993263030184053610891897779621965026914626962125080122249407074808728452518065500519681318402850959468779311719265367753
34 -0.527598068054739031193552868519170054884015677973266355355949640721947499532381379885280303201902604662259827870819348140412473
35 -0.541787351863882256445727004830369614125317967739376539003802788367612106817323843091898833488003874146640217475939819135837583
36 -0.554195497640924843885393506388210554264940921391220984159925167613977998064134463085732494854128639146517129092208125692833363
37 -0.565088778865922760084717254598507556546200731712088314702119950803488640055451303521338582825930581497858524503582157278892106
38 -0.574688435969862716036928193670773476451039742104471180258882122541026461610994042250419168825664263393217846577206046519484667
39 -0.583178994823831380683393526648689773491113196227259287002935999477139214723444970402026256497650764845046379010919249830289067
40 -0.590714957021659199963812183598459254557416327446149651462630835009487084658310376164408219564935802798007139177553052598817899
41 -0.597426188405909474189417289490583391352429749544656582683845126710469673302771414944787329425206243987153151591080349122640226
42 -0.603422268666249855395444458878148365448288221828509671270496573090061345709690240377918954618582788926387466680840917293559639
43 -0.608796011853519970855560408062592367265007440525571301865922299487123449759945284584377666202741380670482814589723458949153555
44 -0.613626324575244240386203920012269804517903445081321256876156483935558155045682337144428346963513848614166495585309634866967916
45 -0.617980534118733677411022490209568059170635157244181664122703030949619336885018016633898186110215170994588228767674819770257506
46 -0.621916291324469057304852397710303433751826295498692932870411643264105136837944200664733977428147046216860157363660147368823375
47 -0.625483131353995567917132923367380712804442643609355917129036559355040845476268943278876474477897533795964086099826765347430429
48 -0.628723758402068706372303028366260619707316033616364255989323058118567771760257518032697046013008594537979724729506176807859432
49 -0.631675106933633218145915132229883526958382629538556625208468201937576009579991999125138445213761472692755295139835777517825467
50 -0.63436922140933904152673992423797862239254668670359064767799673223064018096702501605410651336842878596117485882553146107310357
51 -0.636833988084306131832793187189817774750293994824001091166538833709347126671212135862714185892279830365644214608600931449895785
52 -0.639093745839818381507173419528711765665477301786362010447158605918117142995586268044396166463342918112980548682504129501360227
53 -0.641169797757450535088724818355891075893536786454912152960481054155620437431553719075367911868516503167737492965101915426596279
54 -0.643080840973708661530315139561418554287142850491853013279604356933608301065552782706710705495254019772065712089678300785609107
55 -0.64484332902962405124734033782122422980328087913900885170463118333296739391645349097982987666247855104188585009536257724276027
56 -0.646471778273737080517002128998896803237910348435929573410558007425487966311888554828438583897188824115775897663602506129910954
57 -0.647979027747931064647866990570435194967262933002365251279322715849241393224333103228776516839023579747995496516558939584056038
58 -0.649376460273721690751575629473443289236254503492865451390263602546950758846988289576311174213564725440922930808724954016025503
59 -0.650674191075811607665342506681829221137983309522536378317866790136045192496734133224572519299672189900011657208236148054449796
60 -0.651881229162439654637230837623541475708819146079181812212146949393168191080496860640620278295688697066107381986789826831493515
61 -0.653005615775153067943133200392883423691077270042418979401843149563973338736918709801338134870263972999790195354178889264825027
62 -0.654054543482194990767198052326872122235113523172406107963150319001038510208664694531863170792313682945124237140160479633716841
63 -0.655034458886576364416466338443729397097537067337719112325601496997223213920128590564848454567084833469655043206894552168759332
64 -0.655951151425793792378258353518883050303696615107658795796568355546926222829582053643666919038402967639501106987657379738079776
65 -0.656809830334143462256303083520549490892990348806801826072979564944307655181372645745291665521925021704554088096023593255366708
66 -0.657615191503974750032492472778036934894567052369223820208939338128672627956515390527728427824167971514856828027534580091937621
67 -0.658371475705669537002752632866910426509576999322867497343626369997290419594866384733610417209013824548121679179403413673998651
68 -0.659082519396905381265076145284876110698127010841967878261319376774438209522652133972187127842704107256582464386669318495383195
69 -0.659751799161234504570449598632452084799176751857692555496647714852722732464204577700391248276812774296254079903073487495931089
70 -0.660382470657221102844198601124899710411327372973949559742986534575103471270490476633845897937758635699781524502147595409198378
71 -0.660977402826688094064621960327822132126926534341957982703027695631889872334781391268951577044601845333094225066691746850447842
72 -0.661539207999453192917917349773873082164023699729202854784986314309961372594933854659377094571886105054388459260376105039084121
73 -0.66207026843855607890106022974012720629007589906688866975851292907328028558955767945939278391160782896859729917715122496681836
74 -0.662572759791350664434098923921828271031786628845108559011728974221969086994332557863501754487675060940441413572668912514766631
75 -0.663048671845468282803867018172291372822510213465277708662321754024968102328941073691987858252156356236214826368534190574409926
76 -0.663499826932504612849592857701622008253845537489742592933450713416328373206339577935801994497633215739677257154187285822751258
77 -0.663927896274662960403071591643627421612100174283608289672373189129833381448056387305319035320733987268713840188266581573519833
78 -0.664334414529111107304591997780720716761721090949303339563298334807929258954984665573643428341576334255541037988568138222886036
79 -0.664720792750330277207835109150058688323868236846513001359395374070006434804963362061717912686522733993523122536198804502454112
80 -0.665088329961300961591150940225338564825055579130518267887489201159531549972428354079169401013624540590778489846515083042661183
81 -0.6654382234991902377539774136231070107813037576944702456361573028987099622732344217762298209194881100919119522310004610817614
82 -0.665771578279619666656084508034075040393078667844400179775187203158561283964891461227952539143246287357279730562515106744480705
83 -0.666089415105051484042265851238023774794961883146542657377677023135973495241207921308787365169539392343970720335075336606332622
84 -0.666392678126872945270378249241680524539134549298205439804764467452411180843035420883687482766822342037287799695544823943855841
85 -0.666682241556997963278678656770139864959667358518588243081765792305822192393844700454749889557222140624581742158781229874606817
86 -0.666958915712916783869150664388187697191423147759687248297562582510926423793617023171140686675887156719711124213275806712031468
87 -0.667223452469834753107371242723460526348323665961497254695913109573239624370368825553418762226270283786154949004124227833070195
88 -0.667476550184619267712917166877595358831842413202486543538849476393076480911440101049061069881389387466800011633029045972916207
89 -0.667718858148524377096741942195636681683979089638713006156743029810554065489995917405981071074508011834974593664380686776898262
90 -0.667950980618919621959204257638225320247203466233793942476151478709109409730533571074928223552805765720118411078926818315126954
91 -0.668173480474372912497608205348677083777139304428993894974544853755117815383822490845713161189392470660325409934520213024871741
92 -0.66838688253230690641203227360350204363878332849456324928173077004170779041980213919383464792745159614844283230289376005659196
93 -0.668591676563962434891715779211400894184647419531345741110253035032520059884672117082686165427602130246818940919777466583209507
94 -0.668788320037473925600077293167182545111130773611031677420654263768711687335251308881838083809760051031351848710010197299620763
95 -0.668977240616415949998647418557722558976118925743905152723660031338247665456769318281914787277351237422721913840624587212596328
96 -0.669158838438153095630658795842811879590038342882343251486708859015047857750577484073764232459543088696961900509462066432589182
97 -0.669333488193662485366857413190348823199054726003539688985671811191902269507228022826224461127360888761345765643469161392889539
98 -0.669501541028152266153093224588514384777697710788180729249417726313827770859532138497103961550644853223543023836004536659898234
99 -0.669663326279729636324715653860880504849863528421900682420879735382276899071825653068678921804691010996416974081913123892641126
100 -0.669819153071543413148110220236137429562823910332730377607177853259040065038189849167369450882764816526662403414001241499990105
