4 0.036510354195127389916975628030986546106978436673015939404154835278864841736518044113295245380089517058705090353658964110199
5 -0.18035562178178896598170667634314454561264354124836988537746970027287211816962002764980646843688338955840046598958402033381
6 0.78626844138397801418820308604618711376330494311259079635926850868490441627103359772552110792511609872686779058835050657729
7 -0.091889001897677481674228892784560386325440542182224452071284705005251342131688045363845749607350147488826198261121043765911
8 0.00055038191519243879358862823631328775152931254436599143065220242669591952257679100500817982153788324972727932803284134678211
9 -0.48054216022626382194510923389009235672522081817423251307204486347195873825833070929659568721669635504999777074915564799005
10 0.663449427921598273219566325981452030129529447892870234662234963738452571329838465523746028936357497880914673710526351674
11 -0.30022909142428433488057438048969620331664509947640333251714852289953615413491031438058019563029208502442614437619172655752
12 -1.7808932990808921441397518689564624541680214117264408628015949442636813347561895636036640750225544792959313743326318347806
13 -0.31739600630029196713206130848921877441806638252067961795305246714957983489653233604076133341587011461002252251806385741085
14 -0.18654435799856173119929475076623837359377255719041445600777292330797639657755656363248162686284232337562800034293022823917
15 -0.45655676998010587230857963088964177405643744643264900476376351385232050040919010206205665263416405389963614377047051966391
16 -0.60074924038116255377639288070716019771188725424711828755308655983731703359415374702678544931365584798406318770103257061849
17 -0.56405183522196482700161512307443527768900182658783307565428060506424138467166066777946445872603809047478727665564802602834
18 -0.41626935563395209599674016661235391329512517101910631681074009823927280221178399055593710254944695117215797555431629425416
19 -0.22390767536826129942907918795744908766005350323343878274394528502611225434551710228546165084455928966167291255991112626042
20 -0.027459645049565065173770532931490315542918852696065763804305948158241781814142077915689874336116533230409480935816333648381
21 0.15325345217392692327968859511565214362840392438281142768364777454639766967953245998632462755225477819564159275813120367893
22 0.3107489217379356953934852045363231568736420448918758873775649990149385630780163486999997779545340077040508937112435799874
23 0.44393825780695099369587676766143523986658972026737958339444363398740661333254762473138990681794593102159691260311966624434
24 0.55464778927331785610222339048833813931499722526986248213815950859857140146810499705721961734164416116625203479191514429262
25 0.64577550733744080032339727497742277970615584129201588491841659658103410980477164301007075446093535347650005334360515424122
26 0.72038919259710773758887932410757592462630464333011759685116851820952923488824934608893129075524705844953476437546427226858
27 0.78132766807948479612870899210404422580172716677103184701049583831337093601992464403650833814490219042768596980829910383489
28 0.83105679185425324722074368780693407611684475282197580332621685573066750161982067543985333417660259016369462922110786116337
29 0.8716470090590075854274615376052098965872336023448930542769268655153566296873790977891338305563536934091495836430564785198
30 0.90480377493130677614048668104123974499154507696342605853436854976266186171282041157225204738863188076345041755437164103088
31 0.93191675071636294192990849394745333954407625241348090677866130703940784440008565324875955908516041973505480607306860954637
32 0.95411170386468637475485306202324633335776275691963591079891762427623586039876918627425243676356141458738999741579727959597
33 0.9722982009627234663350779676649316210377434551001783208019304674100343978868941752167118566637444066881774333252998373097
34 0.98721068567291593627097203887163658270471214780687787103290683734053594543941415032204411891651522591264889867646744501202
35 0.999442640985950783489271988564623306256460957647005278168631346398391063103428220728525809521757851749836115889024192989
36 1.009474432867123295861146838434845124153178307631053072793970523607893352300745565939028553774859343813407825560954389622
37 1.017695738131295622147076188317844092884038977732091504634511773014188723559270142136243604218149034490231824729830185073
38 1.0244234895771084479466299276701614557265583863024046309193321464457117166093310659126042950057144067804628849316964842449
39 1.0299161852938765428791268801558233362926163612966955880640304621036465138057801717877860251997626706713830463891076094112
40 1.0343852843881950412615575374303355182531222529374001811240676072803999375517470990882645103002087673672148884302847201206
41 1.038004284198010798489462132013913187681701473968423983799350094605313460796288408268573423688994583597269224975301895696
42 1.0409159594265946689457828061308811682007596148616774280578731082378281984278212345710551277307146722313981144122208601221
43 1.0432381463669849619017191187232698301792166319410569655243811498738244185975458467679633095921907781652554586429550673006
44 1.0450683756100545159181873362292854982894945961215919587658728361099258407120295688699720943049879737042709161741460707418
45 1.0464875924983710718666281513903392241856239152958435584233809212170728461923965989953022038699131206851536258256913240171
46 1.0475631536644644173259335943130094713004465448600103259529191542091071816045227930115977622264827208406246987193878766218
47 1.0483512478549031173218884216841203429990246647440775739395304823266488861695186534433967936063913147585717802939868926271
48 1.0488988577398893955657175931506493109300158987042384321371974334028974925253425188705711942048190798912035695338179299339
49 1.0492453547355184647049334442639575862516825739717474522256993342182685764680567174828424120830086416628786680464031419318
50 1.0494237995533314956288860195732704711311275004965655582777655693439036698221166225733104019372641291989611493563662550475
51 1.049462006067715642626984500738988254380149936231736940733772264933903423000862028950918284607356500132884387871942555943
52 1.0493834142330687454985220111687789732660984166880226552987764874341908610759535080742590356495377438201629290891230107775
53 1.0492078084678148696030825554757106131132691969519165362063837735805242050803334936108967901233688964803716061798371160414
54 1.0489519105896948395773086943756071949457079885144786958632700938612284324335292488561287453850829177166533045555896106798
55 1.0486298706002289515421710485476796877238721694045989945780068440431990132541708707588250813236841319394988857647688128007
56 1.0482536740376678842244889502450525148734036125935996882747901273838685325466738833721954453815570326956564748065167375686
57 1.0478334809847918121586781119811526703620573395192131871395164264005343230243105131706871583673492976502768340441044594322
58 1.0473779089269410893986223834138514482645035017426824040500935507735248443835724997086526039252159906472957282388277264247
59 1.0468942693483445831414996500321520306818935362416175458981172600412569726133838606477753357083359127602354122532196246906
60 1.0463887661078442380996401459266050307592857560650644023188426953962024178611372062135643547631076185756359448471186730357
61 1.0458666621522485131153636675964272603017852900136778825223598974544213441144189904186173053071031783549698627886527814998
62 1.0453324199314781275771659303857072393745047820977059653443876279189124992834015560040942465584429829030066862213193893992
63 1.0447898199153262632978195868445656543201629040047160652124308907882826587171664854874044342682613135409962224744205175363
64 1.0442420608305851356785198767648315595172258014347415206633093434598950879522327019833341206372546234052226218389990737937
65 1.0436918446028537108297110237037789089426161988076095382837536604107132257203500920401002107726377413343622549159108605821
66 1.0431414484705622304958153618403552618723526965614150545777760538579323744568488340164290439025124597564746466552747200598
67 1.0425927863166485972830640287944552783416353201359937302912968810689861867060240891873452317011882988435147675434269029432
68 1.0420474609176234397143473906851257735943455445764976145364034869730009099989108057479745568317693617439967222023711294217
69 1.0415068085258883573647758272792179145413523670070339116016602160271787278663083085366881704153001868447663303193202177959
70 1.0409719369674670798598128299201721438710563194071037925120815389835616948610577654143267727573115406588091553901611838913
71 1.0404437582444216789576297032538276121334322043489817806199568297426362595667876761178521103884844457637509754936859394811
72 1.0399230164716356231247558382872664144333960993222358440091499620042722255631261313547462249858967288826234636238016189116
73 1.0394103118452881485669183169457299296173989438309587632965293280081212305945877401632277076635196346771353709367630394082
74 1.0389061212303167864127272693452829825449137883106461039799625174233082801245131980500064487234469793751166866601093250268
75 1.0384108158624918053889120406678020960269820134749726350785636933813650271477149563321163907035656860182539186815389006919
76 1.0379246765841768731861701604871036018858981440758601830428638814883296788102151607363283006606956326788194995298871718551
77 1.0374479069687917068828461847390259387175029836242852927882117590891621127461549142878543732225247054880386218940316630013
78 1.0369806446352743133578011786955477480251218620576719654499582748408017154536556683196690624610441000611627209148962778376
79 1.0365229710087016293047551271292741306471504433872915557964013584667353455701711049721306789932280988062720057165786271136
80 1.0360749197452225439092590640798628181647725718758993402833466978708463970427274741068957152024928671497858474370147328858
81 1.0356364840073972703222077398116242282697133415631661485353609093623689257794985154654836625739997349878323755763162126995
82 1.0352076227489412671173930568109235547614970045653988922767560530814349781962315814411944963295910487309499000451357945649
83 1.0347882661449300452875173810848299022402106161076964185724386059844880704130242944271992748115436901622097484783677270237
84 1.0343783202840620798359256781831410071065731341665408797364877254416403478408621572248188814802401022536070936145307199879
85 1.033977671223043634694697929804701655310508357164080533737474590969168305104803361125884086507346023950077702014014182703
86 1.0335861884890883080512299937628993925015351787268804540682865686580888986720825749658649833538788866152928548234080689207
87 1.0332037281045294007021578740362168787252360895284021802717027698313928245622053489224918156615470800934078067212564820022
88 1.0328301351973023793177967762168037131733250270371925801302076547128767860431406927566127359510943491539817492955328365252
89 1.0324652462522979869674942386462446175097566782190561545068886712184523982737823107897903277377371740005258548365906308417
90 1.0321088910510878150095766075063202376262384649015796262792259078297695008962070819138759750743224284110558396910454107742
91 1.0317608943410934884174905739475082453474441439813453641545307772794045069547222415341202591420270663883110894764646980173
92 1.0314210772697482596559909744739757062367250401087963925002898518546769594778617786733953349350487702895424860764071976131
93 1.0310892586144510986130727514544738909779539297938148155027061868085839741355964255472720780689057481255989355196819794794
94 1.0307652558350246242166564331252281483228403294277487503577599709070107545840437795699327049484115989330486056141144084304
95 1.0304488859718633081816247599178947651760667879264577057597008771124172400993413963961414990688938458471793227575585747251
96 1.0301399664099158574691294677942733052818377387460849563311753430414929009141632716333614792555446804277466995122545990714
97 1.02983831552601645860006126089123660170952895559772712039036847971444497424494216108135693071441076756501724541941807452
98 1.0295437532348049347288177575484000711505878254559796171339693241727191424203374634453934808250955072887721662039113060921
99 1.029256101446505861810138326978389669100227675864602059125139749992217249577615051094385143356582071964846273742893810977
100 1.0289751844481287293662966381924985985884687626520910669274180603534537581803929977499916023254878962575774134688308838924
