4 -1.1517464378477766115781570523505535440823989879655894651765098859803211611892526469075209709882431063753732547713173823
5 -0.393191070082271047705483082584877817192628391672215309521088002095603135803778338858021333674130851738407792313149258675
6 0.212000398513860338365566029238772760097736009292218902991047814455274455521376994500082538827950050599438838403038892818
7 0.684009315044108439381238100380749432463578887233579468358541719592347224058524720296549700585396257821898919676605318164
8 -0.490988227373453487595912251378299006732471293668732193417950494181430757694715754591888860641358588524679067204737620253
9 -0.771564089081225395842323070281669130813507545524001909631775972975052113203933141601583724188213183578122349743190800834
10 -0.429827578073198760663134704864947987639301083533569608111022388954781455249380967194546743121185318898007331442923777982
11 -0.702063920106642293490784197770225568063328250548801496562402871080683581520347460385941374468541354123419230076304832838
12 -0.319403744486740716010622927771293578817538022468433388607376131693971725306236675612834992831845373637885285304658647053
13 1.54408280886814777824151376318058353015282334287185021591319879949610518234524254679793446298861232444486830258071004226
14 0.720661993938287349330046079843905161518762547402373954747524894941989820758989329464068897608406165449360089847458325986
15 -0.0560036765592287879339389747793788452797251286089272851018253397006366016784408654695926427419977617694178687893843419952
16 -0.335623669325613648721923173449067341758691047473660966590943891488834031944379555063704662943757655953532055150896010633
17 -0.339333718175442292058468556619720725185143292749832722306231015583753017003214302388969973290248758091913905751523857859
18 -0.259697067712480933660801743928251949554642366608601564237848880413599003383801282985814597001449377592098110090818586156
19 -0.185163292206361583878197747576689521868623748681223744535032672548665440032781821117605550036324970890282674780384397198
20 -0.14248700248972349340438124142266285541079359558933028329899351666823819032883642176862852713331600634781805384275939741
21 -0.132353648975693290241603776585957088599066441349321856265649954542336625849921685372478695482691969493992460464646878999
22 -0.147303358303500640900900516972325257856129977082007075091385447752747389274278007742771288813283181255796842733561213142
23 -0.179005259789672049498930410326669666691868092618778250228256764920372856510373891862578048178225495972176937782989991839
24 -0.220609288532571711304875354128467253605650619957101396832034507033469164967820833994054884151965369567126068770311248653
25 -0.26713911876855900178446104182091817623431222830196104664159999646658225455311116277464810777839977907101787782589722589
26 -0.315232039720621962423409028306129354611690447240085415042350667182536784099864151116582618763333695956484986836982689718
27 -0.362740876329749995011764362023614946185743491831257402922391796631931053145088025817048238846072823662520025813672610219
28 -0.408374356065224183506040330397890390816969402092568870179165948476119672576879354697995746689935952539341204369624458977
29 -0.451419068100183293448494634469358465883314786075906022960297116876072860474766224482915470012570225933811255181926519031
30 -0.491539443566069734604032198689942982932700747333958337745030230972246369931931082311391222719032238968879349611489769109
31 -0.528639545610702604712251052756510320999838881485882093193682681693032398100109983774881878113184562188290330871140379954
32 -0.562770014160563563458147264338385804314982813615050806528760907498531203114009049965847489198433495518276475529632431345
33 -0.594066619882765076138333510500441046888658218192169001220475012861618316358522189630352957987321829443684227567801048319
34 -0.622710394635191531545683766158858344352969429907364263850709420267442409935883829930154648599239025743716146188211568308
35 -0.648902250154602825337571224304666984019957681911803237492842951190783332783633220262979365994191013016388899467696601008
36 -0.672847208504079159674816759332523048917854741813177639251114081917898422841820921560218494924620770847379897675932839372
37 -0.694744942959324409822198811428802220058156667741663516604266707358089248902761166683486898364384322130085252430664903276
38 -0.714784417521440263368759244953568809314250681496030665344285050681815128524488532319863311129067827097224773741063835934
39 -0.733141154143266664870916088947609497442239193435862433504142494575556756513489212622127076853325216179065813174238469545
40 -0.749976155449721753442648421415923469627114298804148970343425944012874023143911296275370891519639125193143282731758031955
41 -0.765435844248321460484615635499704565326872399613540726396728830981059969410974828617770098962898356985846799851206440697
42 -0.779652603213966761738403485610114160240342065973217630558428356227655921636185687638304750779416690976099307279589822253
43 -0.792745645528554007465857700490898430930924298444480915647227010642225082878362213859668918097349864424064417481717091491
44 -0.804822044770712954569039391162215038708646222686126280298593904835156426108775863904707350188393068027978397192984786803
45 -0.815977816625302259843877696297076587521712297995202895136049000990989631434405256856746096767942059685578804346439716293
46 -0.826298987137366380692525218543399466296307452268632186548228350124988566757361030494814161152368816347223060851930375309
47 -0.835862609690004983734306546074807331004788746334526953221401084667857739436200116783404664849108394074263295095468715256
48 -0.84473771058589405696736499382791543149093938839947192103218886507606543847599159225752341741134206594777260299446783902
49 -0.852986154354888164598253772420601892624676652409364842778006406722908408624792275765506313202815289490741084987391710792
50 -0.860663426892990745503231733729448963607654709071848444798002961302939168026907369948743608938951574681563768447171006381
51 -0.867819338725888168155564340796742700854943712729048072804514606981537218194592885872872790415749721040516084640604145543
52 -0.874498653058983501629100655278156482969095141277946190422972232149949476652230444540192321934752141466885867761562340946
53 -0.880741644474484897533029878727637484282672403563757834166434658804076300923615942537878470381662083974771926705278562811
54 -0.886584594595197405831186936823649225944846493026375490026906615177552926242476029297877144489241185525799204333822461365
55 -0.892060231038703774021204014821845233528768523599792293320073786399452390975724930672675911535656685643547910963448053377
56 -0.897198115721322653881351763121240746021799965413990049764833030432744081472444080240167914536855424930005939285427464298
57 -0.90202498815999981860596198107779693749280189269980637057959958128942373645823512531822776888452178618282877161643245671
58 -0.906565068939942745228973812147720552685540141673577190800781120686476986046665290657495997700817550056632448151601984269
59 -0.910840328015204943435729877490663716107526994264632809928454846905039737840771048967817734838211319508321973878713002023
60 -0.914870722018258361786175923516145698254017660156051167628936173300294346296262673384681222534363791376714917809891837214
61 -0.918674404289982584578782803308337097865402890322398262298714179420016364038928898484721102262109565501789153784900018249
62 -0.922267910912415018529031755307117065982052909742869727456525605107954834636014899336051392572271269413144653530671273041
63 -0.925666325636810806969971143613607328768533772869964519769660914631750295453003168006409902772628393912732195506602938931
64 -0.92888342624958227077767533100612443644651225417851270514739798213609400525579135126126658284986209846156527428228528121
65 -0.931931814607116983451578254683829538042817981749383626857520125763834398862518549530821482795832661192153061061003288778
66 -0.93482303229481951158868627023314535930410040674906842732930641842952132494530945067846043666236208599697528371560568644
67 -0.937567663622960402674854970706150452628701064382611764870835449578972364545311780890136846508619405246455816896958497454
68 -0.940175427458839936061486836191006036539123705959822762396514693232931187607026020141053385139161230014364019555217638177
69 -0.942655259208207557284468962307339900407229507503945510359459147980420837509421911560088777264845021427997668651726748144
70 -0.945015384095801869807159917896713592876772880131775929983337722545566616304213525553391998932416653996139455450882626924
71 -0.947263382752496170091443175550561098883575008412059820613086783225629373069202444221108030640840665605462631307533638124
72 -0.949406249992311075777314928244898158882065541990044612165688484811724526549512837894915829553122935173778334792750947689
73 -0.951450447554210479746498034191029081882866204187441961759254700368784380929462834649377567813296059286548802133135550029
74 -0.953401951489105387686378249020149076827155411031035241987553083458380651855362535121722839517332166279714359606195954862
75 -0.955266294790065934604916114041297907182945765480323812145228419851594787207190298219802903207344136936820704031416924002
76 -0.957048605791817329931650639331930511074163179969664286649658335742098811538842072551560236213241646838161494468669670126
77 -0.958753642802800204244096826057704510645031309849845943925109151996487981998761081573922043102748285737984431856352809318
78 -0.960385825378215354267993184423298154397391522288190055405979803156485989721657843428167145326701005740612586785186396402
79 -0.961949262594508391553181957110734674430026239621898466734282843681886363598963696543600768529458708674509894689641849629
80 -0.96344777864377926972675516087031522467073523969032362088323810991143756626574094206266187230099042813251500325880057094
81 -0.964884936029842699460018994080384571482433317339488323442696965250870959055837034418288449903877442134058121186812920628
82 -0.966264056615439897410445178479733711514234517001059123204190024308237524288114211803612420100268897356901257225987076419
83 -0.967588240741822362790000317386626086465322658570399064015306687695065315733777758422303616164843516051288494843924199016
84 -0.968860384617085373851283972763702613729446309141536096909513170399942434193518727628059727419520856313117523426087983955
85 -0.970083196147781582942187359535981611481433354689881633125284975207365003009644781065064781323274091316435843392645701592
86 -0.971259209369111209258521720246463702450844929302480764858438156510064194528647163670937289687844462119712636369898325917
87 -0.972390797612033460142447055546582557092457409408942458002911594837536820905527650854209841758680351113129172670606037655
88 -0.973480185530686449239522340725547588935409661792994621052987071940638422333563357211867327981719807338078645670727467037
89 -0.97452946010029045671445940649856921003761038902983795325861640739805826869170878360254591683903418274777990702807365014
90 -0.975540580684025103630013142072138582916057136292809921889020519946616144645899304555015836418599844294694307154667807081
91 -0.976515388257026423834457326852057183448325470927944224307185044102811891398933746682020561502411311962703676156734970396
92 -0.977455613866480931324115556476470682218621748627537005288498140560328019660488689239523603145605942886525942052969763497
93 -0.978362886398657794548806323924044105509774430866485718355898655298940693201955675301958699183767843884024617732457442193
94 -0.979238739716492662979879791153881751631849144009432075530227191936110857868331193875914969837073730672019067200700894556
95 -0.980084619224908936737587793856861115557333253997520654730744034303219996785653744531818151997709374840914000268595573505
96 -0.980901887915339471429291610333941773071970621757438898654797759775598336536825037245323846101314991131997353108420652986
97 -0.981691831935810939820487398168770172695854790140942722346356297128917255879520028110363463402109201248554871001388778404
98 -0.982455665728401755667202173417589931285449110197197119721217402047143696360117489836818857872517209700644147940094023744
99 -0.983194536771819024535390168763162503364481281061482749048692746596348585886809482313395259839162239094100202992777115981
100 -0.983909529963204665635131213730888326267335663544826613444196064113400546757886215360824192901358064972941775065306057544
