4 -0.24906304417080046648775438622167650467226546938989671871856793120894543472563669223276718714672269081598675787075255402
5 0.47838197174899667605505030487522142809437814297418366550580374767822960371225590872722015882905315428134295022317960287
6 -0.60969347332351688954940706580393018435963030318268844272879525120511523056664251579407686356402839879331533406203041415
7 1.0571288003513529733961038232042303975908103963639671047694205053104520207309647858610533869067110761911807434047292355
8 1.0289958576116374817157690075086030217292654050373513637793565636177723734077603137437986541559329757720205597571890804
9 -0.5142618686585380930465507716648436677221263623394975517632981195228221679204291312405765414532257880034463957153072554
10 -0.31648868013334767803418427987585830814507386072722372892869245938664697221620333463730234920230370498073935223297888948
11 -0.38171318891523456623316380762710282885742379069271633402753139834440032931877629088968700994108632576143789940990075057
12 -0.66281458596303223384260806237655656258974419988822436260533567784406455331305415809341056069704423315410323113611691431
13 -1.6937999670793414633459975868441380165927915350006734741686980177923112396128375367869084622048166377547299875486659323
14 -0.065393801464376164871744688158850664783745033758425731052085868877072213078949349945576162513967692195160033485034390277
15 0.77907925560381837978078945811067219615771216156080161392765399474131818286299680207907623963869174104874322514448680089
16 0.84820379262752916076702953223704887489479487341661910166844161676841224306129769153096978657190744494113608263062766117
17 0.63768330422831751937870685837764919552572234543310032110532512488075635940417228756672205108520611713310289345469483331
18 0.40811764798587169329309949865564257532547571320360840769655506355611033614258928057456261801925541052043298842830745594
19 0.24021516488408913771730100966285136509224091580580887617566897552211252857528183280315541921649285463079671301715322321
20 0.13948355593467087121981823980314036404308169812903561945710103857880061059079390186878203254958608055898676295721807043
21 0.089841203229070559610790579434591102983840523513492112964450394551419049857654935352483722135054765407110742773258922557
22 0.073661791248257009798366204570984783914082784293573087261703814026542210261862212926164270661438571807245137695224251643
23 0.077294903973930688503466062684140185904179872566069103014285701148780067308614200857801240337741748312260132010122841147
24 0.091480197314412209535613636732220591123259965490932498188167142960811553911000111086858782690979576477769272446172762415
25 0.11038883243530898339539987673007034538998290553379660431157282957166541844383410823933370454109104601172920602148210916
26 0.13055801843773323227213889214443922820767236110165259519611151101615558843124573510272458799591351157786340384611759981
27 0.15005394910246494780359245585209800881933492961369881237938413350965673588705676954014938569568681970729378145404245849
28 0.16788992922727173298414158404658554268702954738712398642244808709119998921794080859294507945086791911425837693571776541
29 0.1836455478350346509653689804111435787064798871055011993615027343821013049282879894391332270587354079164254801815660297
30 0.19722618300090778905440869969819825488425008224831555614166560505818847737273476289490458464150666905960648018559912591
31 0.20871493822171663639917581501462928284418342133233466983081455952590831749890507750851265713907180582958574498207289096
32 0.21828351127956071796796812536954363019158157246322193089039224530883180864208736163361597230781682016001744222738790692
33 0.22613986322874462141888864157156778991722512858393764613745949651063070135897821018434902893356235216244247646122659126
34 0.23249850964138386621317439752979572353849252363046639787325314122744746622609878382789863407838426521816046044937290789
35 0.23756451804655047994439292718306165408915179782229983416820886083233158911782225494561018033020648188443903844759079401
36 0.24152567316616420590592411466759854333931808039173403030734584577523044508378590553948380940940879210166750004212245537
37 0.24454940274658632138512916091371760778642984228101443641064536657210636128698893752022470789644257355325778590987712517
38 0.24678238740502157892627660081112646739746270728140170589723789550509861009063392317876707184889845877715305496382352847
39 0.24835160278103464595448621550266284186815783157679424172841298992880166300968236770514293795056927004790135663593747039
40 0.24936605069508898824779849124555622475779652245273833806984249244443817762369112997885608443921109127847956850338486663
41 0.24991874754365790743003052354002634947759799476961935170704934750409952760425334303720030189431486062871791250895353566
42 0.2500887276625968487274486141892408896218111130102252311140005896230098449097543439219134481004510636085134016286021461
43 0.24994293349980738312141581902507000043136245859047022292199812755829423086781874379506667523699703939519801446599632732
44 0.24953793212652485116265663648181151795500515293324508210441135993653403207184311774485302608048688304992742821813717519
45 0.24892143685480199174387280593193977687467578822264590673437192067211588120641130852886902990004058654586771073779842029
46 0.24813363464960540073660623432383812277759267928042905191349471324230873636777655161957896464546121745959664641815251232
47 0.24720833151206565849273817664296138535095769406304194495279329896498354106522266981508168408456162728628682743379697426
48 0.24617393331179172606719065312971317394091619694850266074000442314788799460544645305512884364505584271772663056974546626
49 0.24505428126769666047232704246223924293061068064908934072100814335672735939918556796275699770701890858668364816011665894
50 0.24386936100776903144131103327620931529401041934892982022292373286452392083824186814812556553551246972352201499206502522
51 0.24263590283697646264490988925359925257606679860904571325232424670151331727978286742868366972323769596343102850092200598
52 0.24136788907716709975425315799880513309787900875260971145939185783653592326019047472057105006680956085096927422495514094
53 0.24007698244150777891946671711832023759637302625245635053227036032985646309117606844326373253660071360794072995000137949
54 0.23877288755010457801633658496764878240557892283001854345640316421750181976050099246624278324816688584359427821013801678
55 0.23746365597594525360031362478290897097293844757076145830876737852774532609382090880572247801565865176644677034661791757
56 0.23615594367170065720281325087128562022937631327164426116042058699254423693223350969081593389351634205276779022355336164
57 0.23485522827854147477615665009048662682431583063065798445858386037223937979424861468104890754581836731814361226147483865
58 0.23356599265168807116754796696966418169491110364979863925950499596336141907804938041110398034730270111452885555201412319
59 0.23229187993925103856725164325056953315103226961699801616905490405916236668202856318731696024303716424224124054751636116
60 0.23103582470285255210423109564351409044402105432186108839074459756170254970138525447843695141213930295343288620516518896
61 0.22980016385162765453627327376283107361335010756076933011704755535539245682665304180033779984129434488619224179731027186
62 0.22858673055736646539434871346002527619136482386487218213470709758413492538274032311092174968136221191159458284832971302
63 0.22739693381119884758584705171081803297429478282731009649290830362844484281360669499579540926975248180527046637454370819
64 0.22623182585662161118071236039758839634153670935377702058774381634947464584133864402231929768888900565486452711381149531
65 0.22509215937700285385452312366271295858629721957571706927546751775103428977966143070326843422433650638628437173195237682
66 0.22397843601695008398307617081054678595015741404477545158724018556298221098914012343379024913058032092121628035293369701
67 0.22289094756672011837826103382883439295270205951332214340901116304089756623683463084746509976629101147461781621323129181
68 0.22182981092925202243706612599380886024310757714219306806517933711216994640198716949373509899559214991264154305202534812
69 0.22079499781375180840151887518359007067322596890281859341819925299945474232957986090882426688524795548679038302517351545
70 0.21978635995246086819964556735358913164066437840631219135376224081526076938275347943950801563481612970580744150702716554
71 0.21880365051362721222309878127415552754362225109477071937924690685634602293796350660807751690801896940271696761680502026
72 0.21784654227987028398248699005573037570208968122913630256091044947847043713147311334353585908340456859718459146013574696
73 0.21691464307383563358162308764705542278704318071366165483939797802400854270314134361021510430277333283732692965028856237
74 0.2160075088395664772802370200877068181597792118356150346886696578172621290787933989906734219528881247838184233314606892
75 0.2151246547261187989552885890130500630022790805443196013459210571312315225717611518333173860383041041048864282132375919
76 0.21426556446773535718010321118141937307502719263265137502180964950500927097661488528937429599031067286551041756992543529
77 0.21342969831080511090085313333659146092498316478518584801873302468124757130351540753473774126395242038282584779189150638
78 0.21261649970056182068942928573139244166053022813608975183341196896668714977118210041535259220561507936858606742194943928
79 0.21182540090892886225895766914383483713961435872065292530049073204592314472458107158154500353996158205049694006075930041
80 0.21105582775818627647062702792674627376956614326142959267780774582120932162348182039850105695999498523740261432746393729
81 0.2103072035724598444522373317636617395962987115719805517334848576260228496322351045228396238906609573400327066214540915
82 0.20957895246977382967711437566624400649470287824546263301127020550955922806988847368187742951295500225416695205334639942
83 0.20887050209103567408366098964143880349356188391267346060538752642219649102834984532821775758371423018330006412463933506
84 0.20818128584838518152708489446903448262184999228489255035343046642432559069360043147647695917989632116814327304073148323
85 0.20751074476346715147248574589890686284372883967391242423730578415392390033273393249292162381022897406292667689986352494
86 0.20685832895605950570597762240750796580829864710111429180606915684774561081026987437846350087325570045461177386458246374
87 0.20622349883484316407530224450254077424774533723037522912262307181041117474096717978840814031661979742994164096683524683
88 0.20560572603471157452198180863610561474698464529384543900557782750961245298970871683926992722578486335661406433257237334
89 0.20500449413869819598005631798958916992092070315265045523929978357273781919033958355219692112703102107193371533318884343
90 0.20441929921719001356394162560625656990216734027481159709008412960630253112629212222195379701647670662520949484772629089
91 0.20384965021245959013021248936679102869365012791836708746289174541813120995325191504142933160368708912023484618631274504
92 0.20329506919257315818399929683950149086176498817777804456238911553260731695272860158298416334589456486915240846245186103
93 0.20275509149532115094844187408036053870368643154541755985287853837461564318830358822817197656389458208182770211235364148
94 0.20222926577988832268785989771070136162662886047161539373421670398863292160866393477137122023094700497487801559201461103
95 0.201717154001463521412078756573073155175291285049478739205264155638357978804954855860910394515355515836852666680600296
96 0.20121833132182497643842557018967619898711253857994816669635913422431206329289487108764755036583467534893332774462335342
97 0.2007323859670751786891843926198378480945242536506636652963213515181537122745357610086898022217031426304032655832647677
98 0.20025891904209704286344754387327896142690111989902088754029063870761803039473912088078681034843431966520982004785531676
99 0.19979754430992333849066538173780222093898031886729564069948905187460143072169156140894835406756883841865309399112021318
100 0.19934788794302300432370185050077749710807666033341384200880834540020629612643545813148919071083672632643511169661087492
