4 0.8097731453517615249312919728637936890218254637078153118817952394881307587241202700247805354759933558604610948883762775
5 -0.6802918590244729347663451720453633565154603362349857251220017916700590337419936931689613393907464662695708112322681312
6 0.2165340817176342377867744839653528631985528560083159602984589274310991811042601342932626678820683560633044137501815704
7 -0.5875002149097648190705576789388971844400918701300505514820190790656196548416075294373924902740812367705305551084924743
8 -0.1114338354139698744916629232792979382859300793577061591270764986212487339781745459928366342141364745274566216965142895
9 0.6443672987688037235331472540951591186422760992961751804318233242736750391956006547602760857944240873934506770110694424
10 -0.7849859733891671470620477544059623104964489001670774258143619423872936068095483999625079800182530268018449279754495752
11 -0.3448624604723933476624395746849420963440820837758685767227007918414696742613369531630686418645699548349788153325791192
12 -0.2832686014504070969447428293118256534130389562774929673271544753202139421276979224860363520614308196658220932575354141
13 0.2461206322267571305125658275582185573561837568231550187207286943671483412222296977524878394687106518566722128433951036
14 -1.488820572840677608464536481795082024045339615714265356161373978060696044356000957177225210993572676497596240657301414
15 -1.738316525405108016057927443310279568883933542323518344601403862883772905581526414602710445663672761455791498024226997
16 -1.205120908182065203983290821854860228446851867856761838803160762023029133307000306288129874456007135239424219274918678
17 -0.6070363383792799864218900424652367368537236481508624759268334913066946946983669355682913921715283135532108562096441396
18 -0.1761171614452870210194923580305313810331045703834224209216183332659140860086653978703681339490936825960376471530151125
19 0.07965622591284779042247341675155525778140773692905106578806055993942480438466344720132341368653630008761024909722428651
20 0.209867185922969246269573577594781278141876822871950624746086096118038832490565346104693818043967106360470041848963377
21 0.2628548987212782713083589491742708892912231104255063712998553911919734133454193432168224280030122814048212184783852156
22 0.2728430734813306203564137518370804728375262589183572874364929017212098662248601517594429363542296659005202756755255133
23 0.2611801113073059359396085491323263399293533147116648648069008114614935409912886444894981588924917998269623065539293535
24 0.2402416851206751909792662227749782070825121399164707331056296604791365980554765690804267783966002941225690946160071436
25 0.2167872290207354492129275171685215215794177760369002469578726544977812663440003349050284113805670509778251883898019552
26 0.1942603436090660811741017428229500457969203492070202387669345404011889089142855491966554390481420863957124360842942839
27 0.174226079800977978880968398467223733666388788840364130200072255930926065143367747020315614015939837959115481819292167
28 0.1572263146407198779529942128279770511477372483797580050538808299083896571071697983175080952335751485010980481123759343
29 0.1432731479557153070640046323095960007439193022809177907010148079653907521117333837404870638243904625190898270328942182
30 0.1321262907315912079826720681332173454868111276410467329740169233954957625677537854311974003117499101964831142577435878
31 0.1234447336196632673415928035623681426465447617555085290979026625377250097331244456896713455582043372761239347067738325
32 0.116866564342164364641840123259288251393219260893697175343698665226407706580363356224971301214089923798199220357232902
33 0.1120484162465721160626538037589399907734645634339811249175047196447243091767631495917517454415208921294883153899199568
34 0.1086826981994916726327821489432661600741955105984447208785968875785826690895121385703411999785008636156240852446989406
35 0.1065029538006100779388322354219032753810030493238855577177179443056857694469308495449801318242239999244643846184529546
36 0.1052831798099832558009862675235824997467377253742621423182607580399588761088861069212816100827709160787325096015758502
37 0.1048343369600491552705012659990302394302116082529722714264893840656932912188650941537651166843442318861647568440819177
38 0.1049998043165313663425884884463758383594040306920253887063283474702816548618989500198568837055382065130522007419312573
39 0.105650689754353542621125337693187585229278108492766513321306845452704766509078412452279404992343154268341411672430216
40 0.1066814404054891561336984029810131408608125132776894420089213034855531903055696187634658742677952054359341437708297445
41 0.1080059399298557576276555767611743951276800338115491217880870410483647948800973133145341559429322245677583557640386509
42 0.1095541428602111329114153357648239840496541586624380004082473922221511846355186962988976732778407742477203004490693203
43 0.1112692274828094674104383039101983877770340545373455055059325753760874563431945727293964939869362972925306651213333286
44 0.1131052175219426410224509907339026708537804578299240913805276907708321673019912979785387308866490540290305624744277031
45 0.1150250120211795838191208604008424205198198994984848007823167837716685607771665589210155675036361352776990190463005701
46 0.1169987624559460346463702529876370415227039762827174933681592157350890713696895002645381824853630963198702812932919117
47 0.1190025407828400570785716868763955106146353057151095298648410016986515914784333438167324179012825289802865853146137553
48 0.1210172488219597605954602430101554357508566239897418014226328170936007287350318043716949916846576029945180871798151607
49 0.1230277264869281936138890069963461509604561760822583570952041740374289492445012348602360904795787786852370951969663806
50 0.1250220231307852282737861389493519730747127091885995876092053450940092415926822504380614980644094684310474442456619549
51 0.1269908023161687290078169472042635446495637380462637203427817335457848620247075328018879905744655876620027051857990021
52 0.1289268555364117194650921064760976516804955473855269440243776486991263070606844879082834511047534555209145056290143954
53 0.1308247048244462183867107876435944268699411515522991541249910842964255762501618925303422298441120503657628891572223057
54 0.1326802778603458639387945942433341206402477729246024197779650410216219921875742423674520577661099274162777815592062971
55 0.1344906422192573400067069958504233917997740762913011812329244701684930645837887636728335775886012608769761142361451095
56 0.1362537878854913714735316903186979128128302760535913736408934977122234106347183422806965662763929151361821940962283932
57 0.1379684491853861290129389407914195863034660479622761523042635821279070540712334201100402110429939131545380451476471107
58 0.13963395894063383229250672600745919779269968626302241032904756204602427124036946974137262247896445118739208106033998
59 0.1412501289831575210340472500284212575873534769592976258042830557386465305945352392677208724033656901434818548208170297
60 0.1428171522595163662196075841737684118288824294336670596757727860008664325461634450068440202646945084690355798053513371
61 0.1443355226345647428903432172342639924512391342924757740771356896028370011323030902833966259457774434783987686301694084
62 0.1458059692195529804771774071992254317679574410241040306586147197655188930618489762984787122283663930504692369921121337
63 0.1472294026307159412429453891002828270084136110473143416160870380042645767419210433164981129081654410625221787293087962
64 0.1486068710563610908169545015962630414265778628727265774335530112853552122578972055656979389622147562738199691778231872
65 0.1499395243943473142460430899632399032966969988997858195457291583929088606997413619734622761791303530562880852903085311
66 0.1512285850344459705036589576322387654638874948091742148684735831316811775399141380822339156808578602133623051488631581
67 0.1524753241149581699256465176466354002093895667609187640453822253477554428853915660657268226452850510200891748160776288
68 0.1536810422910658718802004737151736465529801393475300242267841380340710230161371063357561923817444654526060756542819903
69 0.154847054222543266544163126555505947031598783939932324541201266951215602423954311442301392202355171478022328719690241
70 0.1559746761277705121752357765238182938306385214564185094895564518011281575762122057133358342718904626655210650510886323
71 0.1570652158652259069616377091329008071111976062323824200444910275341310395845264055647959499876697595404425534556395073
72 0.1581199650974348000935658755243959383838851336097118671050961117804552138690627523935736159785488855730674445758301538
73 0.1591401931694873312968131036478763735929340803412065733735538836671725691971003574350963458541401975219984254446079475
74 0.1601271423977521748121569506676089239487890860970103198845795412138208094981200122673175583838038598724437055109866679
75 0.161082024516784698312532491354252875969932084322876972838481245291760166267904320320924183971850373752068212996658638
76 0.1620060180756665519079827547056504133376065928755286760319868365699694565461930774685393069954792540891946611203428523
77 0.1629002666107565767068076154189490099353085331608792163048895467630828712671157854948705048808157520478413778671460333
78 0.163765877451414353321825673327053754418153057169643633515007774847842543269092591468499179895974480634186503211898209
79 0.1646039210397670068618770687697822248349610587950743649769699793070755276069027388281695613015105537070582692334583874
80 0.1654154306659177459109948088646822334191823411959106570869703123796106009122399657503986970366776363068969887435048217
81 0.1662014025368704794911917473495281082993813546920377836312104934266029844379050433857906067874071834722032225441541468
82 0.1669627961114670342283490042986170835893224349290793374984020908798381877604800636909221664242715014958790547504158351
83 0.1677005346452934855921923612172846023069232502875188766388820714330577687801415854507538939202434209354661279907346717
84 0.168415505899214298072814010368671526649779139494637840457701823239868795161641246653963966861287469081376483465888531
85 0.1691085629732705301170498388045556397872695494446497875286876909104434011292551217432839223279075582394365911048628169
86 0.1697805252344062381726904226829590987300012035493976482340020229221178333113702840809151444751438295635992745493566476
87 0.1704321793120926029143559571436459772077257106822451755892483202501973155411326773196796266593649699767440387828512384
88 0.1710642801405901991070008577769777030520284539165915798304164015472437491437750096857112360838256810278067513079641113
89 0.1716775520304820155650371069042127705623631391838846789367272921184348657341159196863257292112176907358382439055371609
90 0.1722726897553525486716123708245248626110820477768392481327093175992277613455046104350135129974449054830321111993454677
91 0.1728503596421889091564468672309753776088241535471259946846734045178708181495989645039518750718110213322603079375490894
92 0.1734112006563276973741433054050949446116040947295669415647012328578673835186820377444090321634378760505160867306967268
93 0.1739558254736407760816418952838913335603439461750178406552191240037256186812594901723768684171818890000713384970631213
94 0.1744848215342059873837005725013448117313137856954213725301710173618184655508401091680236195134866382723786199798285107
95 0.17499875207299704737270839665866619853620666103604547282706246287824402469952296882883257109700496376948020758013504
96 0.1754981571241935137324457642387597566168007569723400767542582965534079891193739913795375464844456077462587702848773748
97 0.1759835544965929808212455495738924272467102066295089475485885958833952605557113020421873090990060260109010985539916441
98 0.1764554407183337400775881787860558436644313741441916105249336526732951567755838400281737881037081745549681480333823494
99 0.1769142919497323638308533112603642385028654527862854778873233850527833735148781691838752704394644192297214580436085036
100 0.1773605648635282407991543434395967890497339067047759779219918242777738596188176898318278742722078784653840139110853431
