4 -0.144305615539846336289013560440463043590081275537610072313256541681019952275788587650534622324583266500789766633899968
5 -1.1790259562859555755721500661673808053927228303281139912706561061090403616270516494707167187137446613203289133456316
6 -0.22360025485492714941234103253381775889897565572627407023679453233373503709041634062454338970648759937271375529668375
7 0.54571053277597069697670565223853312286681454591609640466202351441864041692409950685355645797353188894684923750256447
8 1.5216213337724774829573380623695782881090646874911270585349569369103794908560336880412613971526763246727961112825561
9 0.78739000967899617698770138010371979936642474336388384979229418408935232523166135067197861588531978426746141858092144
10 1.21268430062049099692874474387011720153025469734660664673496256552538681829027460785319081015310285466289321551820664
11 -0.372693742504500471797723473305135151010786911520168121963962830428826452962232704336970089271361992082957316439278933
12 -0.343949671310019322243248200188587943414649032611568730288302005254069545808569505829108096807295661300897000860087534
13 -0.707168466745374789781167924164759865625595254690099361052926145467278530736570893626652401580693473624753725017628208
14 0.780325835217529939710791926879606190831433737849990911436322001999891855344773300709514656593243156679411185445590783
15 0.353185391084725847723848587380504719240970905733283019062505015308748692472443359227302925434511174167850874603788233
16 -0.553842886579140383422377374541251629678188581997325231186006145366569349308714796476552193011694400659899371441296904
17 -1.1820160755242100927131826060476370133842364489631351840073771027547507232702193729252123547215325727521359303827108
18 -1.45670543330081937405680689569076210848965229807588515584478031759881637387125872393276253852484128183644884381235035
19 -1.49416915905569297309182951757157225182332554674956883522926618408375881987035798754267101985344640661639144619502729
20 -1.40812463965189699592034151589553008171055491422399022584695857021436178752382560028818288218082855729057460110930064
21 -1.27196767246698032685312542233375833755929853386308464109391221612463748887180057104420528851447254140075195030954965
22 -1.12554751728302647889954072214252816240094518501435177895582870975986294008056087625820118955953924486893677623278721
23 -0.987799884386244251142896868045522566856416545764778040009196177341911554262276288472526844907989249390066601114594337
24 -0.866168252534868234975944593286205006690707572323028961092403902933581652517146791673182786025272770687035201081074959
25 -0.762309101550798007389081675726295286475765092399722304599214911868230293255166955242291925794200295177645224097126084
26 -0.675232736302784070803291558670052671838816665092095116203597821264423612848768196042133793454818701634032892644420769
27 -0.602928019512616184898567421403365876427723651418561934583090634731359786362868034112376052770139855357597777932515199
28 -0.543154306713866122273829969133461486112471637116801902101346781806337372424801084644208496252078613916826834746449997
29 -0.493796618516147984359179472169527294556309891531626560304645982344240504034383690063631026019201262872747788292419264
30 -0.453000764860953986379987564355904507666044981331699929433189061587677731448080804003887131188343418164438333017205653
31 -0.419202900025428402317190722655176006412578539037359997384741631794207579589255355536067037224274509916368891433941693
32 -0.391112287683080651023294924600121047735624291683692298646927820123611784508971234752279837469911337655853315471751081
33 -0.367676524562020282043015132754507227746319600959849047081772763733822875099787874897388858405534681646029741267039774
34 -0.348043133807779404544517839223367872124378089322778529202723408751337674937134466544024957478212333935739547993935853
35 -0.331523638846182589400167601653531537607414247390300326868576270544595869334313050372333142602962580242844117610124509
36 -0.317562370793146919461754527881518537851472198764195145463337208618910495482668346436970522461311398805798036795708747
37 -0.305710437721008511531775258995994637367960848705772373554718965369883061533000676795695410853669103990180784923704962
38 -0.295604489046026548533119801844152872830110747613254547824205816878862643061263451935335163817843112724967592160701585
39 -0.286949620874033557768337340408624499272298199970868848044475167803104389518709653733764745407499814470125879855970898
40 -0.279505719803558622526130298780179581992557719609530512217150132382105131178249096394144700810147225215879193069846769
41 -0.273076597643786975313250301038939021145084588357305189973335061344792713893812495871108771568398799449443886807008565
42 -0.267501360943150188660995806324563427762044160190819973359523252577174962364893972447081231242948511178772732597014273
43 -0.262647555796185475437936359526778020011335549442003990410199410638576065111401835367632081119805467825628402875511497
44 -0.258405716684236576599659878848349597830215535851665927752110173635563171764964025059389635036118252495846484682334907
45 -0.254685023501305467854336293139478750110093258786032356541611401677873871917628306831260431706240121616980950014944011
46 -0.251409832927454299853638061764500590049753458527964204932576463491432569286528222686640880084015203877502390294273181
47 -0.248516900189319025854285782747526484618039452827633995790381323973592915726519668264042087501182140603410077581497347
48 -0.245953146820396813731106850615449355152401238117250089771005571382892749395382118142453357573638336075153797877637785
49 -0.243673861170459338994112596563682186398284743415440216449425516963143972176432753879867123121486676564622668943959285
50 -0.24164124279262830727816955426776375009448441394658814865014280773587423946308132639663958715091439101001007007410399
51 -0.239823220876151687477943786126869739267369935889987108242314370960564510462075415119796300482599495605368704318275199
52 -0.238192491748482419910534020102940312234400837625606345094594521007243995286206945858144063211422977725898994262871466
53 -0.236725732063989919611653317720735989817512040021750905911451876355192353449435867083838619704019572668457518338311241
54 -0.235402953354398389736092020957639625896907875261546878295165602291366905831198446663734484197819040077030963475671695
55 -0.234206970704432823030112997313490988802581829761233327084187976901466222100396087926513444548984823422531629748944965
56 -0.233122963875144691066541816189824517371184485448950598415213806555287546462987854450110761103196475786838509192830053
57 -0.232138113567656913279191903728672856150682371043790395117624265851448587201364839467607692046578905033059349037888918
58 -0.231241298965041767233112205025193935810585754407045287110775317037884295718236187279426789825132677379504197571958184
59 -0.230422845413391082166982423224673177030168191507013287782760694852793048451736029264191241708097293112772053660786896
60 -0.229674313262418611513616300418724210976610318476692822742704686635824121562418261147291008626728237412405727803177325
61 -0.228988320603203171544890016528714590556460171036687431776780790618003133356517540595684944669143332579451403724948346
62 -0.228358394010649005447613594639446039410743719383574676181395547475895700670024071752685994938762428579189042804384034
63 -0.227778842494554448094980070261757830748810540807735730559757762447784169149534342525707281360663687679284108329411035
64 -0.227244650743244277594988432130220028572836197863342940739627801894679361057135999931765451214069810182290001457380718
65 -0.226751388452390114048503144197718683913490155402085291523929011057941158790150105811878146929636774150138932152849381
66 -0.226295133104060557888263709873428094978637985345430582716116755891180230033836355358264971619834946890323022555529129
67 -0.225872404024819783660825849056978181152818609244115278881658102563055184442408511671014737642926050157245111092826911
68 -0.225480105928585040758800317905193427348661908068316959530911601534036496217490925074028679734634902807552213199071858
69 -0.225115480457150204212551117469380687864981353385880253950038821416928107450556254441431535673228534232207417465798314
70 -0.22477606448240691786506688363096707515436665028536720582080887770209616005137603413782632540847136632677175936752622
71 -0.224459654140174051656832566021272245719601724828539107216222017850669536994961706754671317195218515688563629463512802
72 -0.224164273734810307148023308827384290456583541932006606432416338268232043253867322146802035678109218145761231261244868
73 -0.223888148793332765269502465417253204257190731725336748335492246005727862044627903407756645513275624425429711266542808
74 -0.223629682663126780026202507780750602694465848156434545559258308723915418084287645446285362321342000544773152070252738
75 -0.223387436142956483586979168944842740824166560478413545399140262527460253208645356248620841593607812581477482396655253
76 -0.223160109716455261687910376430575214570029049976959176591393958468515506813578527668682128662192578577088879577973409
77 -0.222946528023490210950382963044332564892973291771859718310974914459457424200736956592540414009777881907022246455902262
78 -0.222745626260103397580858461344771958770908076152525642175015346596891470874329603680813288824556265946835094093861181
79 -0.222556438244045578691614776929704210704498985780030548451423322346892947136441764768568364465682424785668871661353409
80 -0.222378085921791484934495799962884056953609680515360081827153311561946127181374633618485613572886849400703152324840322
81 -0.222209770125631703924031319799864544248372760796068525876080804656816655543324434032925094765173588118012102933904696
82 -0.222050762417016614670909245226980431638238475859129711326913124986465603024449855176063203959993991853885889561464787
83 -0.221900397875638442796226166099258310475993287788184335167698556611666444534575870566230831791704053342598642093668368
84 -0.22175806871348286227811759145214889535442403043679117815689980101631866633413035055257705937512800803234894400070728
85 -0.221623218609843101121816012114904004655298918890559236534798464326037186235964484302083500802206295667608437137802249
86 -0.221495337677548210493759457920071609724040113822504262353187992494054697236492305996598816628414525190661091063476602
87 -0.221373957982811858565421239358533596202599220069460591401961318448713226679198876349267559135317426758650215058337022
88 -0.221258649551490166171118774623616138685559388153306406754221545147011587605506067682942811184664695353196588770607153
89 -0.221149016803422790259987229306127273619849497316458691692640707652480709146939112237604233156223447252778353592131068
90 -0.221044695364151142890358807143335566101617019253773624407998204180647257897274848921288858771276680643824841558556036
91 -0.220945349209854101528020100198613195559589262662560205263403858623008308129574596792933824784058554546698805265191884
92 -0.220850668106976444431097275180139684375730018797119223110118006565448670307971946596017900679800880817654656491121386
93 -0.220760365312884307049973479868723279360967222882938470814338781517347377771754357505525185996946521983709201940690122
94 -0.220674175508079492083450823060407782981778746966672065185832079736871808302493513128186797223187077740815111161275276
95 -0.2205918529341368748648110601021535248850012392582474337880092810963587016257748707770708335164388603531908823419265
96 -0.220513169714677892135287129568910272980415140834936352714467855143726357143898587760879214116718957646533171352292163
97 -0.220437914339427163349282337750205582436489215902032797204790152820968280311968388071959790923011523220890944711349664
98 -0.22036589029377718303703322493196457134429045609382290376736649039574816078834662014676729649043107607527923026011991
99 -0.22029691481835746903535906533700446296661066412425801411269489139015257221485387923696486953970470590985251889771767
100 -0.220230817784911893517882594345451381565052666684234202947901229723973582384051803028501630871098367976989671819864863
