4 0.49185836249079314859201986113384660944353114097492490134461514346353095992148968040155340356357749801394008912877739
5 0.57913501037479190540684886464333115320063389531040719813745273875461401648459311885391392594367325501076670138773334
6 -0.44819811991104455654080884212741306986828263971495055842585170389569031028648538203691009500064845543546912122364254
7 -0.80915419443285076547131868634875314919877695056448462602837208849112757140348885524235811844123145437777542846247216
8 -1.09267409910600430917930381557967990479153163700346400220656624311696714926464300376567492349058372272868381134498
9 0.1553574316749978414723574128699902603517823822986183849668811325622802644728706438262577812243003154787817465822794
10 0.3854287378205474833541385801691168870826104559161872967547232668139357627159297121482665814384827767430924202195697
11 1.4146390598300455185776979283649134247651589349900994890958195796193673105777642840894224069939618479879937143150956
12 0.32074792992341245561326697019227137838314653950163773427644286083742517669184501758181362362187848211395601023852214
13 0.26346644937719050131221772390669339339706632519214607566593298610041786199173820356667482574512722455673530646179562
14 -1.1150578925938000779897935596831577978050688498316347519681592636270894358212240131139990746410438487063692460141892
15 -0.31733443486921730791192993483803364009112872920652300137073578629030531904362167306690497223171909324546968121260906
16 0.53100580133136279800943718674062826368386396479119298256567469280510019812831077070334549248797053531031121132389086
17 0.8178643952790041619264401744609777346504385283045204701017082965504405840572068019009533583443921512949923841420184
18 0.69782018847603628058118780155941584868031768140107435600075436467297046120606392301962677056591118655027172980677458
19 0.40111961953144534771100754034031703018435803343565848171485782165591687788062088585797827955159842104503431140954712
20 0.070741717226360848795589817148049284163279955629615485761756504587216196886291017654712140356573099432069398028345721
21 -0.22783645704296964860452818374819674374477188476679185722517477854931483448646878712795946900356988956446461601226615
22 -0.47326588090130334274416157428723085114751636959810260962499068787390073231306729293756986307050016556518605945723502
23 -0.66476202275233917275924308874041769353610256525311721272628761718632713970280264579747923938215213921348654087309658
24 -0.80939751042905946668411473876386606806187373984606047388922959985570203063217147005801060065291948036707000732861929
25 -0.91613973842036937794561465934560205828700835833487124385434407439194730194654054294978287073974379669389858003086802
26 -0.99339739209202196528689648593488670693007119865097457044230994230349785165821317837557964007094162278787302531231847
27 -1.0482184656485241806178716889268635095746987771301027444941361562163984269096737543373977574038290842529527335469427
28 -1.0861970368352416491312287743218883845631126330644128495080545831874356505858048492215232488206214027978686900085111
29 -1.1116443451060913878114803575490730397494113426488148082251049499470099871975522551456944494574391901412088532598673
30 -1.1278282746960340490545680989439796015141317767541585291378854373910226671495870592922121874158146709039749675296778
31 -1.1372026630432337153428651901900507837194857878153987727672333582543993719706688815451939977919634083162277687429441
32 -1.1416005183299671195190874059669280220203332573763933773958123237045131176470745150139045304076610028650043294159141
33 -1.142387344414316072045698848428116017477208560955002079407719257991445141985568255845491976926992323520940624989043
34 -1.1405789901371237027010964470542871737910872478133768399210902341974870031337059072257624728815539892190971862432976
35 -1.1369306390165924425822691594747934873078375025672835150132908070981143346371355328209475083976656937884356337942655
36 -1.132003353364220628499494325643681010327399513091514170362748126188712858850850211898720345396065956343407820988108
37 -1.1262135869443597558716259898443587288643979766105251133968081863685575242410831846099647994037894285766465269423174
38 -1.1198699521680663517830425457361218614891113049615233239728104731472804877362316331089266257982017138845967853526512
39 -1.113200520714773573683548319976818348884603730119710348691986133672897916570845589877525045101823678643912157227181
40 -1.1063731182232792119157769951393045859563577283963144397389840665019438478137939859666589915092592759560171790877425
41 -1.0995104397249502286098527214218747387016471123638252608728704153194624909345531551283648039127063090931265972477823
42 -1.0927013340751628304453033928172644558745598585049559412965749949632535741052534383865815138706312199515929590404907
43 -1.0860092500111453260138829263487958037918573135067402107021900210535141801565965760096045966421945004019992162286186
44 -1.0794785743425104758423866369919783411744852841138908383303960877059677362697567403151825462504769155665624427577524
45 -1.0731394004189164766419094205106250645068879019532661286469565030296864548049776374650266543359918356903181483832834
46 -1.0670111240879131342385983774183597589121275985485069227304148062360011813417963418971082454424719692089984955315865
47 -1.0611051610920857373371858245310879416139485659529804627767981280096045090932494302013492009146149918468679635324448
48 -1.0554270040891576929380457843989824922433386683509479238477052561504470950796275195889726383032992947918750659247328
49 -1.0499777817682667366369050855116982296084704243338573897595604911282209461453248592425281110979718930189007980413247
50 -1.0447554414594383446485436049915739160029389750858070316461282065867561185302912058623919557715498053816368345681106
51 -1.0397556462528028493801092783630179980131901317442264634022264135968382371199903012204435021886001304091393354822613
52 -1.0349724550989555166484487015103919801072410067143260842404128705487408449680093777030591315361272728016557571104823
53 -1.0303988375728556668394574306558252506362330029866351340674331229185426682756783318615420039706602102358669400021871
54 -1.0260270624367566381195787884278308682545228201636439724789125398364766646613715560706721775227624645980539903073818
55 -1.0218489897276564537799869160179875718664005279313040825519623237692787274912778879597608371383473445817029503358605
56 -1.0178562890125822531179610492030923815020356961345240048205630044359296510461357510192560229357171913278044666479878
57 -1.0140406011064817963699984392049454612614869474841480527327832731730981394028178558948101546206245144974479908613078
58 -1.0103936564947376975090385281857045633282443360251220070253827779536420643997949327476404822825839102220284065053427
59 -1.0069073606215538164187111768450262038393108202361567210016048262295118517168453474023897859994784515272278885356775
60 -1.0035738538563872153357239727541291053132312332231621319280770580290336561854757260714192322431197802432946124617751
61 -1.0003855521542285360694915750854928614144227694218353497609039361403875168603104514333406687599914327361313301846276
62 -0.99733517304807360948549801283349333032140575522583492642832693346799307115229547809357116795303867046632662380899882
63 -0.99441575055300778391507933985729778279708535479396851357316109816850932293198807573027823473917202667142565920958978
64 -0.99162064174537932979360288555255850927638225020947401400947657692720034148131560089713422609661430948268437329319091
65 -0.98894352715048827574276048717190752508524803153552921096891331342840148394305288414893889074966315981607437156814057
66 -0.98637840658479776135141534151337755875602577306080206102362042200583288518525964634590880199405745089811641066681342
67 -0.9839195917209876912665283979468047649342521685874875789485554277875239387742436816098267105735019017708615884450026
68 -0.98156169635111983540806598328991747964497505738086779063450372257390874047035820324971024475554134708176821212930847
69 -0.97929962509556871139075922696454844286530782694499133767291445826943806651743360592308787250509101578490103093594919
70 -0.9771285611284599830746220962841068932399335165322144454033871353761909573850151795961672584661944507192273112952427
71 -0.97504395335281049607764008216606394320374405900573985684148058117659140766815299834968253291663672983756254542580318
72 -0.97304150335163456195904005855111963085980031680913547701170638294844416922246303044026016823687632213938963836406439
73 -0.97111715235820433791630260090355980540925551734286719643425428513161438176173706344636380876100389328743917269061183
74 -0.96926706842418298950798470841984401023328363093612747449050777515321409409305767887605595139397383870866708129731276
75 -0.96748763391441221055668679405128687676589855758551653328260065887620043355377581231216712125550561321666658703113974
76 -0.965775433418557282598748911814161168306069238540554598489734533667182959703595515545245729351450933356017475852212
77 -0.96412724214011765535014279017929836094685763389645527115924392719645954409640004702462785335882181733498522898658264
78 -0.96254001480056449251647349756138464043834257205165331895162897366501681641349893392655243508947641198287105029006521
79 -0.96101087507905464928013399393903495473668842917706832895793279087285560701744033269086667180395447752256944536641154
80 -0.95953710559510646315267858674032975900036357383702759013467959112940989466703427919128650112442158978695527328059099
81 -0.95811613843187543308665382015093291664458460462077005562617851650652752369391347370485519012335872888628405946631233
82 -0.95674554619050604995116849770412868999126488367832305999108578684761881964979569006659883656536969344115683418535272
83 -0.9554230335608849870672482077554660512479744566838006664000270209859754354803417802383111034137423386754223647428796
84 -0.95414642939052866302854379279624853774676438924065696805230862239567479596032628336670497306889679445042462073425738
85 -0.95291367923094948517424822540448026268471332213141345190293683923527776334593085648800730976711373795744013202557383
86 -0.95172283833938047029753929695872497698230851702030419579042282057993801942009411688015184474579021346677842098236097
87 -0.95057206511297786748531939127154081158061682632483307343185161854097916692771722953250045408534799068093842562857096
88 -0.94945961493239352262728854536811570842567658362235339443109893765556717515686070616858310986277170792069229196409358
89 -0.94838383439177792273042798920887304289067186368926461678167866176811193228104355442301750636767747063802452719331204
90 -0.94734315589273545626161000904184528764438148146872496756513313737237464320445386461896676798824692092700265304390013
91 -0.9463360925804229786138422794808707266228261443551939056184217386108930500388358042671620334605508030963404697964755
92 -0.9453612336007971954830976896606175987370203366819337391908227960163947971134861182958166219341811796306042108189852
93 -0.9444172396589260906033031400202732082645937428533531761985955775723282691191605937628361260665396041538151057269015
94 -0.94350283885924649703450797001830821330334942682032244435909274752374680081136096500088025909389456292571491080719257
95 -0.94261682280964484359684999461358926368685590445609921305500061469429123364677333731323208283389047671022180603215504
96 -0.94175804297223911498701723693594021048134752128654148998380589069124375846825629525875955258953480191384202614770373
97 -0.94092540724473075443177621499325842436739221397122678721433287252113941465804463765966241017446450199554128787492835
98 -0.94011787675716360805983345290739971779381168811662172127219368667052350503062406282755786551880933641321949848803371
99 -0.93933446286986448809372863252672122381257450404865155954013628928532179227663996570516975897398972999157154045302858
100 -0.93857422435924061706032136975409374564825336329860213825165669187065414825310899454155697119692179432619379908913869
