4 0.48738243029397294559051242100626819938242165039375530333019440425692471174478352825140611754881790308970507509009
5 -1.3345438520949122332402354223188722799358249691532174035193034591872434108239296279766792672734940021016272153351
6 -0.2666452547420923563888692843820724237441888229299503683651045571747440751533928078358959330063708172978346091228
7 -0.07682443937220508753921959347977782499763685125603283773422404550695829936518733291697383089731107619379486956884
8 -0.49548437828514292387984735993485752992913526862326263407361200840729195369169589236622287921957756481670182467126
9 0.43970445468603127875644972301427935374760033631445261786869188394311864024570738425055389154130282430336307543954
10 -0.22819351569646259481682332486233467859757203063086840014387059734813739954599463593276785415075972875032828788839
11 0.15595119400917461796408226133994035876996356417412740159471036921363618176260338583464875970532976267517851553837
12 0.37450268114271936953204868724599626291396499012414330358783465366228450549379184350387612423020584924335820041772
13 -0.55023039835026232190456240910085196433942736650900616227934574346346523909635152247106659389689447703975636764134
14 0.42976507963908181229481092737510129413996132545031387955482180954488430951458435107917657697563478591047855772163
15 -0.40517629790533640962009381365355753695556869038734972468987958988745891496759447783857913726245603184678531386878
16 -0.043154521695615330442761001741588498585789720493471326907834510379771148233847484242591440575666476753889523202964
17 0.80835564366155267000255959370012019329291239817011511648708215433601112905554445156762335591036591822836918634589
18 1.4738038873193549287516874381596281300584490251920855675186289031054403749604372782002653413373305323146585726145
19 1.7972180233612783035500691752672016480588796936890523496996829880187580759645617559116067814734518342876499101668
20 1.849264922718893067806519237097416138780849796661520500421199375994761751927148462255243681894264125544028000763
21 1.7386045006396923498760227066623340212565544888976146200580252361622135166511769810370425190644065694164609511408
22 1.549980407543626198441592518903432171750705171712566013606025956187347533359896803199081585918045688237701221108
23 1.3366238952290604239137064254486872321428260557360494350503504553431546082379177037961174030281922785563312808044
24 1.1277951163503563451512069989677735822075702972965625621728387360428365595127743407783007463043015823202951949314
25 0.93750745482056144883717714420734629707734525861442369138586825750574332004115361446664425648037846430852832259841
26 0.77099024748742839623022485014517803569866219511153879615755469080541068776678693294747293272643134446570575597028
27 0.62880176765311869746688018978445933818078206684962320966601513313516238618250129325027322595502688999768361030253
28 0.50924595492863880120275372091287234931980206423166428998736424407805474720854260740512472659703821352462187202484
29 0.4097144341986992797325083097935304580539354182297705153661969770584726264995836670096185947917860017340903965694
30 0.32739179052302679359017993610532275926571343760870393126221321735031973662675376241247442047937495223669924317343
31 0.25959972382124935370510728458719362050321252896552146891154470786949637690770093403330862439993745784650094907811
32 0.20394382787865044373938695284187323989672970348496092528759824052892248863644202234416160960913264586353007093603
33 0.15835687010319733209769012628928155281436051711821525709526879962977436602320734778056875499754718933230066125898
34 0.12109095225661965284056339335918612152117921693360251874577743750297302783627849655383605037770003474671195733729
35 0.090687012793235633110350887911958537092325360914074005457763304664480420229643314843029769150271476581328475701852
36 0.065936630619138342279209654111235599794741799936112051878857592395438105674479573866446594353784419765970659954672
37 0.04584360895171326740581409188859846843420498704361667277677341019611046086080077089540273539105141265604612691246
38 0.029588756480916510925258842833605262334858839664036166974684792484157216109648332613991412444721064123985157300009
39 0.016499138279791203839491382565346052224454627004568528248897234960596767875756844384170620609748474022482358212609
40 0.0060219841540369309289517507475351795451993702633058062957404217318652914403801389010909526647384026083311710811525
41 -0.0022970660988412816257924528914367313935281530804848470536818640778168970939143297906004500301344384220049584344031
42 -0.0088319030774124334622434830557812129462328759087652956399168860737289004325765691083385108483477864670553621016184
43 -0.013890641818044296595100374712320390924884517660051161470130401394492465601408472362436928853510118961632943448631
44 -0.017727608015995284863764470310455811518155161236659619440934239608125038045497511535420552019026564884236293796411
45 -0.020553094166213106528518501186361137349343421643263497873205163005387981814067510864078988501293436686530978560539
46 -0.022541293816016971362046594679678031074423067754723211879298883137020823687214879933445284514737120753483867145124
47 -0.023836754797818396438311752207956892798596482459658723467366427722370610389745833886641956326618761641312503787288
48 -0.024559631984817115179107688039745054941299853718450778058884721867181307665320888730944406754526580649143836810104
49 -0.024809968320071637648209143151900325701191139682861970843582416973695929296973150844304254981402947876474390787748
50 -0.024671189538022089725143430104523865643449417857657056981887239465187084157983704042665997999212420231169539791252
51 -0.024212962335434521514484375583579693240676193253413279236167454211473661974119972483344924484429122402881293448982
52 -0.02349353670902797633007126277021911965295081465578532470302644954229175095846378492025441883851622080602403560828
53 -0.022561669692144415590696818617301949983427852531088166005100499150252915680305722834263170183026909079087930596119
54 -0.021458208812278698629415558129971689570749994946120023659359022907560149363724855801541921725262517935772372218196
55 -0.02021739840279242661551581170095187505411965818847216724745223074631339806384682623189565914993888282277869278539
56 -0.018867959718447236252705214097291578742903262615019102567955052701545889806569622665930984280648765732831706768661
57 -0.017433986034175402572623980907593859540939398438364867811478054794862776986535102585567729180634439735386169795568
58 -0.015935686068722029142870683244566733405556670392204550513434958308611311279018566792242793029084720427032665796029
59 -0.014390002781593236121045415315529770743330406832960167606599512261089989242068239812421479421686153975422387057061
60 -0.012811129532236952258044555101556212818277640819082334963136081822280792025218516219581680633326422116566368917266
61 -0.01121094151629437042170084235569546387168526105914682725493446085732029190720329703774200656036753579422990356534
62 -0.0095993571072655932382253925168036274224635491607802184430996292578535783931438326623469346096426985703179716786326
63 -0.0079846410755805113936104702137479310831402467379574149778928686054057850234293211208139852353945439958524947686028
64 -0.0063736595055740822265092916399451149792850142014264790133250599034120917938886654283480396153550408110895815749631
65 -0.0047720944845172088900833203167008510424742645045456285162446610547500385837643045885420630671624805669008124097378
66 -0.0031846252172180722568629246036878117960790203641605619014260172552590656731151364563754434646884926646814942972909
67 -0.0016150810614362719521378252846457184977440138363744302242998144584927005743261742038311569873515902717961648009431
68 -6.65710328504341600536272464383084138723785277136993281633420524028406087228637023241190922255329639997019985721e-05
69 0.0014584064468841870922771767921444851065191517328240376822523181293363764267923209220848237330627304899618172779877
70 0.0029578704217945127201170913053150120600195985338375294810565529888221401397898551311132976711296338698271693583777
71 0.0044302782792986810038527964909498381317013964189097186035162990064492928114930165071876203710677248427450039417149
72 0.0058744584519676555210317033518334608260805167578718609898298814083815414048274372811367354933492093518066081728626
73 0.0072895531180482694633145794817389895726120523852785926435559732190361706819255174293621425207001179322113745879309
74 0.0086749693708541102761867166980719712499850766873702828687892604287221527727470240878179177100659324046846770271352
75 0.010030337572274727132855439627521611026563319350260515140619199225553549303757933540429877808889723672575879749036
76 0.011355475809516079875355303022657146989170211597886335960813514642443839321436689577864278648034496088792508655625
77 0.012650359544062639849499651873157728224014906029746692025474054910722718081503995681316332882371218407739452334761
78 0.013915095683691366712066116412471832629335242579883912766198021187076635211592063853032093099786738299157910889861
79 0.015149900427027816698553909729627029389235487904110907426003041138877816420295555951907185595524484783651646425521
80 0.016355080329591482643173744582901913351651541739817510168325310697793664877311282728452832215656792131687828372459
81 0.01753101612379322692044454287532106506752182290946205525636517771024627603989369217290104929435794424487080110804
82 0.018678148895603956205825191484200438955673366360936817302654930987548868527722966874013680095630645663512999162739
83 0.01979696827981948989638682389104669830098698002912749964108798081251666853346051977311621522431435815162978746983
84 0.020888002385825272674271508581911090100224420903315802428821722601602063215532933324794462773655695504867108565136
85 0.021951809208024286520412652717197436061850687835978912629691857380742213357595515593977113330046342316403530587284
86 0.022988969310882044721446009686349149878323918088440010000498519218133976120944531089175233723864022855682317411453
87 0.024000079608901669722886990674356005087010064444498803358736981673867724268426379343687884762773384738563588410463
88 0.024985748087633108139972796282818557399374961002544753659710373929614136066365898456629568872858146858891585834904
89 0.025946589333763089743994815752528590607785353372796382527816464698096391041004416682759842963285643564093884406359
90 0.026883220761027331779975120221149359848702693755807282172030124142514999040965596757430633792954488189095863534797
91 0.027796259434636323828175313215062717975898285455981368118152628270118284926362694563322446670318501428329394811246
92 0.028686319410531959937242937146679018010531569913215342166139402201683868875213606158402331226961027317742197513447
93 0.029554009517447834769948589417348265867849298550662217759835479027093544485626025800853097183928174792653845683915
94 0.030399931519728433356428706979653087689462536529669761306604714659210855795440399631217018836063881656662482865178
95 0.031224678607422056698205904854123964101389246947939478818416490040928375180306517284496554518068948502260384808437
96 0.032028834167510308303042529896522254968470326886814650160791061033423874589893354892813985431073369481600643514944
97 0.032812970796451730839494925516950420665072836004039561330490491372385084070234614594846686484736425101485188386185
98 0.033577649519649692221257490678130093210139698622830976424420554993533270318054401829684588314607032673236314543093
99 0.034323419188132808335424437940973208993847063596439536164965929899511443000812328835270243044526913554253342462359
100 0.035050816026768626589548402036777324205785893504677703475859419035195205949367746929672000436960898851112186152977
