4 0.350337810783123243478526206295840616216539791125774083934320762402129048414955463599637118279967420709627752507
5 -0.654794840100197736485637454632213323973700595708979773089535917179272977910946616971849025736285257157337164066
6 1.01538301770564846265356401913514903478335403133566430659496095387322908505819036614370777634336445659783885961
7 0.16616230587092793210723393022327085234932790986739230871138626116231113427056366591189763123088485950874176599
8 -0.11041717794596397070092076933402179867933546230020708122989631804391704781174896425462994478383249138476902009
9 -0.766155432014991416141939136616539536575012231379994872688672461421225106055274612762279411642511019307492858934
10 0.403198100912312462679512076212965562389026627713561193098390234815968395168470599046232411350379187524325377044
11 -0.0728143442667377391531915056267613227071356319087049579697806124694838407218993418323143995122519363706339622014
12 -0.621687461757968029217471161542376598038013874040332669805674476912354508539781122979109901313663657516607860747
13 -0.764773105561296421273608143521940615024336836571936114348689697512097896323705927268769829607944251680838538497
14 0.563895253141470231588283984212978730511606364673599765948231024710022467702115791455508070107886359617087172178
15 -0.406159987209912701505052082860730739158724256278862871551236687980873397844698668760087783348258006741522074019
16 0.0840547679872881796564940573933205010884987541162069557430476830094735018971691607983662742412728478930799669949
17 0.558478751440129465781450451006193606335956958279747789268193615579376632091148589947999777513259092592948560625
18 0.538630356011477418940214346546738377838575457175262746260054789957277685581269537982239552725130109122165432263
19 0.205583433065991720635109224195843462413626514856046224107462858443899199336489175527304543720264045837655061971
20 -0.207472702441386325634854179401289042049449013292880678605932127605491803389658180996715525681284272381722786419
21 -0.569340918008989889817712097695182859351607653265419827980110441996250157250361741003075405089262971432377116788
22 -0.833828854015760460836288135128738661735317966508336040219018832354367473624890254788243917121656451438746476522
23 -0.999697602896704789002549555659703483643962732243032295868708088514660133766499078973071876943460419322169500889
24 -1.08339577998812314505802048799520849587166291883659788593885426367556480366164894668002654274700109078463127024
25 -1.10518177567878887024180495543767348493139103469780981112697057372497052751343228686882799505128292217906926472
26 -1.08336382218114948562182925651651846955157347626233682416123803166990699557935551756804374925248989767991831084
27 -1.03256867059040155633964198799510872155400195523055995859826034252763493820352276368672660068324443306316641054
28 -0.963734147354727415592351403901822461234262548750759360662054951253543178578783462056939948186073625871032114834
29 -0.884701416698710690805658138775905592991711760328042697028483450566106355153487908789139044246531670101301201021
30 -0.800916404496890356147912727822146369750799078498641749756399319861252785528824797217156507478443442478541090952
31 -0.716055210244985233841568897233082512210459568684654053256531274138939889645571955594419230425772735154804190567
32 -0.632523414557472132444171580945078494032132312919885674731281591786414889522919779112131368020688800272868101286
33 -0.551832890147282939083507023890675243949211803333119848168109118779995605908818574622403297968281069657845522854
34 -0.474877059605200833667089204660527809413598108662808744750151726080067617945999725610725305149693072870470942843
35 -0.402127898651826559019694901142894807074596977265663686779990923700154269698774902382130134149783484268573687491
36 -0.333774990919147615510007832163890685461857385021858166568609253837472667564899888327956920681411036016710814192
37 -0.269822671299119303636403608186042571683114706860245542321860041798683628471035711549023529610868372888148536174
38 -0.210157300397839427903182333991465574638406824291646178313309524575749034876271610031970476517177193741967951398
39 -0.154593457023554424598024148087083382431272375254499504274439414099511247509018570885886513030423182514734609637
40 -0.102905350331614067049850818721081859138137415702167865397366958067660772936331174735735676032819589699672232805
41 -0.0548479228091799342674689085260376225258927415353117596209100028202811739058877434175220782914028761933025525742
42 -0.0101707952276410118422350678632079325842542580011396347993542016176706950317924106391383815825455851502103105445
43 0.031372735247680062817203960936009968943834170326449659131443646026124071427994194505152409544262025476324679878
44 0.0700200967210380822777476665076753571125916924175962632612258805290517532726994192354644763914059708892801358444
45 0.105996164007104052067412546771714943329329680055051419109291714992253858946426922594697032719648562360130208086
46 0.139511547469795768224994224645884417557796965310806098659999348754426266436806244421549045564043823579433741412
47 0.170761926341368029322631141463850171232029819082319782830028657748154573425704981862580977195464808015477797158
48 0.199928064191129395441235033844342639839574661849771989739879003992005944128863503390594296981019265948746458287
49 0.227176256541602717341302196168802630856254789918660194006109079709939239146125423887763034213333121962810895554
50 0.252659039159301283620674044447181272723882851985405757674226694469777077088872491217145834977376185204538193759
51 0.276516040400374822682860213185120733615727378886962258915252452342386331131362062487934498247485587444646135252
52 0.298874899251141400318352172251837301524405978467497806052021421670316527963982348396000699998528221811879087495
53 0.31985219732751413725568165743456063124544795661431940149161071440133044001345128883673086745215296624008479547
54 0.339554371558473363383005494029404666528861555052659177866718140905261565660662315007455840938032448351333677671
55 0.358078587012736205251078607929237075927566813816329561092020777972094104106921348239951879087840637110831931378
56 0.375513558045084548015245134232985109864464164751813408363200414514502817268951040049554168842379758812609053839
57 0.391940311842051982718286962483735642683149112908040189664582185802096410482456096405903621971318389366566768695
58 0.407432892382307858968027222817742183556134762225528838588285030233991709118039237859036099986738820217036117527
59 0.422059005391354374531651261892898002934118942134581957809108341712239931142669107616808071312827893031396966321
60 0.43588060648320241945021922784464613169311786948474868973910593118377594289674966269604310599395404623203517043
61 0.448954435639489662954205951675260124602581035290749140054893819707068421664640421211274293918366170392568536615
62 0.461332501687368291413643777972849309592155171573325317518953820603139224281009609960655479436617149499756999997
63 0.473062520647773954190450775068333578778816954021636418194886994346673407980967889524741541971242001691775369131
64 0.484188311837907275243826754669770610304101504062890475353089626104457667262508788721116283984049205576124664738
65 0.494750155497402883841468899982361764626132961288361833676725481991910425162772704509613329303224432423864215114
66 0.504785115516260451328636278089818945721771585435174204101176147212481436195865168247795016466702133391506252721
67 0.514327330608176620657729630338549250957402138249657710945946116860249057975437607544696254858292000709208954685
68 0.523408277018498893635401765843890388842516647094296358634942760683589205067011764218754368552761640450929494969
69 0.532057005596964699100094606948693461922166182773981185457724946498957064379080433118070020659739355463731254005
70 0.540300355811629317621054199223993788188894703932212459636372617572932585327601171955021380629997614850702127658
71 0.548163149038098910306065217948421267370814249060020489496077210145728948033894775538612240436052676338741114515
72 0.555668363230942982923390108102020471837945326755622029824415790494891293925453142921445840347537987668955438121
73 0.562837290873762303159310837746930886156728700632719432491856884272071911238915387268950169978648760978094521415
74 0.569689681911439670783873641832912039574941295353883514973115892804206214405967072417725061055899385055613765965
75 0.576243873192426809950848643202205974730701793300621898210348868042061425045609163722300184549173595491373422846
76 0.582516905789852039971007474103486879230746467201231067984101576027557918666568496954264658285540666062178906682
77 0.588524631426807289444603008161436858754594794309675115962701839458570864724940610736237063673787061567859136332
78 0.594281809102269671007619966331355777262292135189654994095204803093784029871062769028349630526942730377742351883
79 0.599802192898548557181157661561215219448297558652435094528477620552648834839661794468738538272743169384621124528
80 0.605098611847737841576868172865383153496018242764145262708994577496599195847835492085850855188185740939362320367
81 0.610183042642245860889350094523500281077798610662031691639178380364812289669497018166495673850857053834954069532
82 0.615066675891984445423919975038387968677751341625480110633665872483065019784843303784500965156353511805994535954
83 0.619759976557210441349880556826719259064866679220763432787078927497839670150123684237573399903404959931114344402
84 0.624272739120395159545781377605130076235119305480707439857427909948975704137707355679948259936544140184068809497
85 0.628614138001998868969574345283865963698139095362259563285733437169476836043753114528704807740133635662127602981
86 0.632792773672878083137527979783107044451908844560743112498457892165226609929788131357655886359064963052565650723
87 0.636816714869558683462052414894195520344545807612104522506379988110013844305159350394110910451762450972597724702
88 0.640693537277144909810894028213659118541228830439201492656047505321404195933484556006268187680216943937606037702
89 0.644430359007645771186710283591807514390141117033024825530649828309104384303146095560206046702163266538474272501
90 0.648033873168489459068557441036665983367022217613936438459544015765291531599537389679483189022725059811425132936
91 0.651510377786520363193805977262099594783073594836662368369748415646334538942138095223081304393042300730077712043
92 0.654865803326438899426943961984375715775364391297581011533519959714272617340578729731741394253661445088495448376
93 0.658105738019102233801473748637514896295798361836298877356432960402070094252936281953583148999823948449591937059
94 0.661235451194044183957283736415951969847389900629401308367027904685740154467675189027229120634204839245297574861
95 0.664259914791720259013226092379968419252261286210505882533546621437814090155907112591386505701646970978044257377
96 0.66718382321409533467494620211097623726907240108670315509425761291621296984107986900970427304890323063874627163
97 0.670011611657050932211310089906376450040915460824832270794374297077901652747877650715746489401177197545354783653
98 0.672747473054505119192554705741921753165591067345552092275464454915422447575828953101461923554398561814001964625
99 0.675395373751941068528288742719525962902480606058974053906129252670964507454866360774242812911601274063765986328
100 0.6779590680160799396854130827216954208852211731977821900193432333245598036569324062929018763607609052985866803
