4 0.64718964984490579873230890216329333946623469215912760769113790887478724460492020687152866390927445133855720656
5 -0.22484921236570479225207484372166085120372020239407488668130278226853159733036442136267247334055622015528369941
6 1.5620309163830235728552806926276684558164054284975501666968147812074363043015376946055226574370268501723351569
7 -1.4115420266830062457165235057959136211461956126304108674664775732802552468032929548949413424100745726986862157
8 0.28458990821474308005060510373598979041685439306144848871843125025722219160529236367423347337113868278413025651
9 0.9968841031178235456201020570405675226122412807102656250231895264865112926095009145172327077297485101320832116
10 -1.2675471305209887351470145300467579973693258463011557410273656110584233699258946641032653302735959063009885777
11 -0.25486268149081170730743628009220772166046934641281181651840128220989665301810060960363648892090421812403844062
12 0.072718629921839574967501345042368008458502150859359745332737380494566105841465404261280341160296504480417934857
13 -0.21825569317451526259332859797951434272390170125681661417283645101898670839522298009030236053995073507836241732
14 -1.2768166951083403769949170127772292468966742140621012708809239629204556022326127495040928987938690661468453562
15 0.057809340461549364411842131394454127770711777832199316358147538292835842900236943837315498170536213277567891382
16 -0.37098514133904188411714209477471252228452137315794725295127140678267756811838480961028214907499121451043369213
17 -0.62817050853827498289328760828788275649494871111838948385590706240667435629090470776169756175861432946987627814
18 -0.38607092458010057777287102567199627389331014814072063704048866877113665624071667729991197902955711497178471934
19 0.043395750692697096183776284648911802130073620147419294799806559427511460357032584549259771597804802039417087512
20 0.41911458810882243437656130927772029728642590633176584917771791292765415821620792488184655052734843701860007834
21 0.6549050847873580138468475825562020438463954971560177894240449147009749931859897517860686429167651821877272604
22 0.7524494397506388033860237589957177783976304133319789060701958627609054584678811569322570795045572025495539264
23 0.74456287731270817929947908375895227350575459679961871776056365345550701468630477326928377795890774201883826495
24 0.66727530899035943677578042799942612499578260754103234297615328533796802860068853209627458394276324978280455224
25 0.5499220223976605732610180382429703073161498776403652366734017773254714203353706967203873990323978464079204131
26 0.4134368376842443276661274743881135092865501729261679416488064670891862187190767313175146689059694416391700478
27 0.27157388605641659505282225838941528065344585917232160357590553313536851827826026923688554914802675110149544383
28 0.13276345282809563616493188521470876660161676560339133346776261678882766908059204248506089323405643035197039839
29 0.0017761301220690470570677463618496262120102151367460531806066227354482589828984088196463246605473058673302406405
30 -0.11900915413358627648548652590419201777424013803053002517356580899087966316577521004427943807322804409338736632
31 -0.22871207749378051429078840631527310806472533019046700596200651346632471607395739099325627550280293003860884451
32 -0.32735058941462730999421697395395297997083300076882121950560579313818281705267272625886106674537343059703888443
33 -0.41545024385796876430441265579552883194445121271839473637980992618597043119033770952113354743456249053084946537
34 -0.49379674772476344553711607979351330966465804383003562063504822917603295496400778922470784333112093612649257811
35 -0.56328345526440283772761424201252920975265197619814403564541091693147804409783752108600124879447881807893068603
36 -0.62482047513479826083169464838090358882332146589132014739036380177990405887314853445592493834078580884758611864
37 -0.67928305209736943837781813061772442113937983098741559864604809351938241329942354684753575980242591283637027876
38 -0.72748454443249463295236432897297180010197348292396304478721141368802626785432170718526943935088686843961802499
39 -0.77016448772501140363793242483541364415486370323299451973957665423786734245661448974132886696245008281064257618
40 -0.80798565751641342244522724283971506398495534532403743146397779657175755667034535405375942634881528589681665067
41 -0.84153627912861880115471873446611001238259578256199627225988777389358633796553890580022750135676423640786576913
42 -0.87133498006399080840071156775073171569239650262012209586880020890511626127792629365970103744427887463572688584
43 -0.89783700966204624560491361689864181476750551392846166038258907173639437626901572738718192279383563192571882284
44 -0.92144084287216102189449699073951532011886529735488618604104134241104938322212083261276878853127045371110034308
45 -0.94249465907763186471810509116558068340625882537289275859560185879299320807000435172299521778010236198003427661
46 -0.96130242057959821484867211452017538762824897841439421322652779059693830218060937963115311029215729721792071984
47 -0.97812941908199265788449673982832149295443996406557793515548810613302422852250512399259386982917559254662735727
48 -0.99320724496038178861494799355549611076168211515895798550025737804577883024351277780420428698534477443576109214
49 -1.0067381843090320987109578427974432465192162940617797417942748654687515408870018837378471507988254628516466819
50 -1.0188990762872097467906880328052924813327189934336878259791909613810671946759875583537784147266950006930624188
51 -1.0298446768093389458061035358812889735173896006763682597255711744623449270356151629517852632229879501463425279
52 -1.0397105796831483823436109955230154029707141760266779943167328531067723243002417562068486537904181068095236165
53 -1.0486157464065305226572428303652951131962382777401287171525220359495743991079321422314023164551019844372192905
54 -1.056664693192903039855208854912618883154146548395768349159309447857722131712289918131217235033885879766186767
55 -1.0639493797731453847106219943501817143151333886881865485598547915008158289419389121072311921876508907594652589
56 -1.0705508399500273070436682614018865015016492470780788186245730727680789446827989960209612259763750142719713131
57 -1.0765405892477303615294129327367090393126063767497593971021977814251057773442794640310886369749794119210757368
58 -1.0819818405789044387652930271019842093624098578026181759655611728564799194757697918647353127562121689071005827
59 -1.0869305547852522599584748111675363387135788816174972680367296280005805795263916226108083770768705888864027731
60 -1.0914363492537791351330646149282489477304364624026053398948247966976635875119368486082522069734367129504270949
61 -1.0955432845800271475379721201584408226781721288371794394868165262012167037005313744543978785862271335910192551
62 -1.099290546424855810168766685687085766275664176383241008163299367581899493209564371081861278651626090788912577
63 -1.1027130372613700739844233616584887074385666562773028784760854461042770243097436874989366909563674321176837176
64 -1.1058418905959337814805496134364511154287861072115174788082301323963229292202762639225946570890668851593687059
65 -1.1087049184329197406236430405254089082956983182055123391350510131644956706204744190291282200816154696741025563
66 -1.1113270011993345842574275091081179954819812410620960532807937595498335713872738878866202475564381012883060916
67 -1.1137304280178882390910118636493307740601214916730621819997386917470025964252734437600334043861375733034310303
68 -1.1159351940840527545566557332821816275555003854120028609216708294546067047264873681479599945265600961929204451
69 -1.1179592609363766069592265021107263841340045147360334265267296452828532915066743133698923901153952745807453502
70 -1.1198187845854974641756915069803726556525451621150363604385746727081331585310657616967003475227536615763324854
71 -1.121528315764897417108431970257023047259550434214690163549211382053448037819543412326848327656951590859795557
72 -1.1231009759673832250882134457249533521807041895144169215255334989367005555918196719628827231670689554487115916
73 -1.1245486124200725976078389941356119634848774478014805767991920626315072875114665208772874660982965917939469864
74 -1.1258819347141285898993871905941589776099924727296502971508378757265273503787700749281135960839878202129588486
75 -1.1271106354323837720341683519613146025287495855631787948778494476843250362782888725317276061256754641208965086
76 -1.1282434967988052914645343545162741612963163459978791149325905338615700172738672770266208932284342293795697028
77 -1.1292884851003915540337483695877798558690057393451755170020199716612514929267056048952947421162128411328416319
78 -1.1302528343977146902654250987295885654881917414160979228802485697238048430219790525427879025015205225996293898
79 -1.1311431208391309346189561015915233489436508121658063410114432971027673728561475428440530486417700298958224159
80 -1.1319653287207611349575422599148242749180452751216554169730132533850287576190909868584544662277225589529804999
81 -1.1327249092855337211404785617412281755656262591030856281685929753896285342381656864437015223837606722734067189
82 -1.1334268331263546141146589810744453805873833323851437247404926008229220177373905158705362087191375504586257754
83 -1.1340756369478304567257490892118367934441489714789437573632802693413387338217524027980210443416870968968763265
84 -1.1346754653453833582596613845511640698973514511404293313855690356001360632642307416979749504357619245149505762
85 -1.1352301081778994260816793336421553327045413849375848315429273490124247741980331128169981228499151502998420217
86 -1.1357430340384150169758864487511573175402758024939140270753977586226171145728193790320083565290029214401077674
87 -1.1362174202652022035959610749344620776056723709084928185019515701786804675254810214596853080432559656670802141
88 -1.1366561798816376989957610940085124218953418187261882014341834129707807287267126482515975274353760592142777359
89 -1.1370619858062922165498912953712627998895524550585766004849226461845252573346431049722864065586298684311565458
90 -1.1374372926337904300344512482398731346907785256100122134650705044453597425026238471566107370825804236499848606
91 -1.1377843562513363037354579134140952320430007490744875943343122179306356422118121692790649172838862891353670033
92 -1.1381052515246648240658071099044093408583480121215400708191687546880587283771953685217355029137130236868943971
93 -1.1384018882599606846336355078878453659179486298541408883277290234252864796137428446431712050607323882773198423
94 -1.1386760256244550951264657416901216702539471853347415099725655577918017459628673295856076695395928511938648035
95 -1.1389292851875248905113660750038706059834325979125895308975068881944698528960920737809390981429386632361143515
96 -1.1391631627257874335708469154964532144190642611622376973546800360612674869402297790851687743319979268429336022
97 -1.1393790389195778249252549572066365374992650313865971261625588454794792005545193386435340375841788540497979532
98 -1.1395781890540247596152292435280189693474164723503820585465267630493651702657785013338734286006837317437032814
99 -1.1397617918254602109131203268645144760922007028540250335000219146739918646454914035168662331421342639745518008
100 -1.1399309373428917069404001863652701841397050042743972432975746198482805173306910162314864081734942656051881379
