4 0.397857995302257807373268689592164501144007627621157273686902328810239843825578029602204863281597150981516393
5 0.976409832553588747162796487251284321567251263333882244987831269951209033579587419899619857256407842865632033
6 0.45985589084814612884818158102689215676662467656733575135873924359509764094428205635296602311212190461339074
7 0.256419000862208641768002237298786459409597769775673083207708289894596685284570842473392907351384090093340121
8 -1.41012485868978934840644108408689801842179398428299156042547403092775735759112929074389376211720870506346039
9 1.03349674979333929226770720111422640013274201837673388387769220416018738786757637634131011434643173150995847
10 0.0723961209391967937944825196199411586875931822424228106258083513337507322730176970003534940982713617894356589
11 0.195060843884368503646291252882000116521843167503332642098199678833400048764448284321304241537274829092469497
12 -0.223401788088140709818596764601681331926918898277660857699024126423276338357352393045873667394433651913335249
13 -0.54699941984052628894098851620494810771183304997245086889702420065944028726418226604134659622558625512982919
14 -0.711773602900125158506937382619227392106871982181412539931860825581928774665080603427167148639082531329508193
15 0.781816722781620670536451688332355577431790756659962347495185965308327186349827412910095629107985255502794961
16 -0.197285037934175135103959816814045548397890543118348738428232597805714621202783177355021177548784461234916969
17 -0.506844721275870492834222694472527035326906752194715727258804263069955250714067955564692587814155358223974581
18 -0.281207648848763784942510904468967412220725267353999692197767382272482959608418752655041122229675969905663386
19 -0.0535231384338630917191320309985712364190238145224938123650359077045152800129409359624205042440065395179550664
20 -0.00605107182197112834167982962512939260379167590691409208230555330489852488661276580507980859964192290597746992
21 -0.114381499872029994078787652382909058368044616034812087145295559480405284736458742767133362482535090172467849
22 -0.304669039602988949560562365492838152332078123979296988290131127061478930189987410480938421563565495378872521
23 -0.516085686056424182863151592036640438827195600653576389628391525125873302034730385378882212528093986634937407
24 -0.712362832270920085554142142149959979847670153128426091300338898925847082486400130314851177491263688232340787
25 -0.87673834800034774600413974337880161981883762492976536444298392764512747234866182897966996845689902807702873
26 -1.00454133242914823123083570578264664656799493183858753268461409881130100126824709603216200695890922229427541
27 -1.09748859406984014251833626413628995777878989363378788755795227009917273127090472099400871616522712705775141
28 -1.1601025314382980030032691412076826820869251273076265393639693198988618291841707041803924952869695607378189
29 -1.19771396618487730046705867185208713534631312217947282992674839975941444011243362432253886269817251655379021
30 -1.21546311285286644366036745561980798746981144798202287358000434307506282580258271029819106131760458704362702
31 -1.21787167569247721170732496444570304709336555146710043734298097063725438939950772085284777464988577831217234
32 -1.20871774474649707923199912535113383146383469788490110543747020275540012427546408689344341893308642193507431
33 -1.19105790344666464130333387230868862499804135025692457468000253018831056727617735869315719655973653074411411
34 -1.16731147819095529409871053415980261494988858690342762686562479258729906790364893807278774381373898302085938
35 -1.13936302333597240561903609305742368061805629952824305963619475983187427835845909969992085979388356372699212
36 -1.10866204329111656080438965629053137804725557488335381962814236916676498137070595366383647658864966400523679
37 -1.07631117498537912861812107080894866276501616215836969651429142100887145935575938620905089306031690844724873
38 -1.04314026508977441871268608522846756509872770803818990215180682830418395225467661602546095338457291876620756
39 -1.00976671632742943003676756534816170912261736055182423765478754056489607032737576446691418882582307592201416
40 -0.976643696390707594113400853200298911427250268897999449926513327427279538132905591009181130949426589142031017
41 -0.944098155879153459423135760828844186695185711301630902271354587026085868803927007659424070185931411152809238
42 -0.912360547423182179613264810164805057756769806167506572621415781650376483683223227828510484409929434510940576
43 -0.881587916273285608990054686483145674551703286561830995255304126924897700606353433012540048685271879485698093
44 -0.85188176295693064080578629088187332071674401708717240069136760510505434826512742044861014002819444967811825
45 -0.823301817156613385479112564347466153715791414366333267269317021617829189746532602386325637790912126957624646
46 -0.795876631644483974846278827194326224756890362493095667603907524218853600818233993722329128790661712128067514
47 -0.769611712320408488740680222007889820067865694541353274087149715907119509266994205563321520936215699584538658
48 -0.744495743860587692378452850939487587104233580851262261348671149498119365314084355602975248133449330891586146
49 -0.720505345796338853021259929996318230462330697725101858477600709261131474179070369981104017745516487890899567
50 -0.697608695761876511108272213583021538906695055143615729601003870764065642725085063525047590468343990423719914
51 -0.675768280132048922452231744018737578460070335301915196950426539975491380709939837554730041002948265236730385
52 -0.654942972896573990170154341225722667768402556314238541417101951947700602307935680563223752064218514867889196
53 -0.635089597703104237418404046445467693867690858216520463390671723497071475239875452153608961797457690100042679
54 -0.616164092568482803682174455761202371329215268821339419338156466684567065302994473576784500572042676542524726
55 -0.598122369442088660752866368074121774837398181103401140438299370660560127004070750513086905710214422053461592
56 -0.580920939754974220233032973519359680548863902315364754677459858037951517717097877558836437057016156362091182
57 -0.564517360864163799712215410404035132235580405648204927951020216225692329373766325776895343605594142633265463
58 -0.548870545790510343203092284355994344073428261385460479583365569420748852462066418822954488784902230739116304
59 -0.533940968994058675639870778339578054771733222040417480451498931085485858840578100459250459797220402476578896
60 -0.519690793474362830600994888766083963840902191711069425702759620422132621664210301983659782986476526843073184
61 -0.506083938718994833495001769376813702088258719535500702099216214115963812513746930687430946731101457300644276
62 -0.493086104563424735596517035379796738181398673084304990465263905386261722281967541485442640108793789596302412
63 -0.480664762571533589860432530164514116588249793912306289075083614854001773184719693941751608818803117339890694
64 -0.468789123869270014764243710041799056105535651537344941720596293780901432920271707038375588443686807188124962
65 -0.457430090288276508299502107650185484680034920950508021202911569254954709838240612957521611301226248070145871
66 -0.446560194066093227700082774179388854663137134377903817694965415889203641949723867121645657029975618364282134
67 -0.436153530100238233185462182917464410305713110498591398019577576262159733399971343267553020524448372936041913
68 -0.42618568378432792207716510611672613113637271348124261266722015604402412887422512777019537006127816538694691
69 -0.416633656703002899848729121586251179304853170019985403845847712745614829336771944287814325693851438209565231
70 -0.407475791880404667666274352955541374040442085286688276224146285024216393592908856140219611550347534794801328
71 -0.398691699826796681339859025151685181905793593418990418834998824881011640737408216813191142658216298602922477
72 -0.390262186280500643833472484563513881291147486617674181343264050197464124452461991426078916579582430161484922
73 -0.382169182274957959209110182348647692857931676207751907998718246438150712557581915548723231087179748478644804
74 -0.374395676955770775121400843991262920967843262427797393854217014940681919903830615161184688714491988754950282
75 -0.366925653416257265293637098392142066150596131936195241827732490757778390266483016539221968641378880920846712
76 -0.359744027701621471678249476226554989872550473302971470753437909169629777304761039363052054966018689745576966
77 -0.352836591042888313193041797150158987356664863994618317866094724776829789377498934607171503950685210933935756
78 -0.346189955315719384473990386156326950907628189990837905773629435258690966690521974005664650961591610952809304
79 -0.339791501670963945936304553576264734793095186424618544254141211365643342420923260439426347655984240650686223
80 -0.333629332249287770597200836084212873587234548385831131335518706356316929210326920694624225746631332222712281
81 -0.32769222486830977216366310440162278851121597253617620974376974122190396403198555932373583239929549656024496
82 -0.321969590554896591061439083070991499324792356731738367898671708678010037071634429967742064617689255195541481
83 -0.316451433785689299715843658036230382113670303653104819799624202463643465091293230579403643213367653431107312
84 -0.311128315294056088019045911989836341185313481404626344285938770009984877808410189131643540881036753740389886
85 -0.305991317300303012267747923582424339465318778835699057805239387706816984303725793108288938681413929275941246
86 -0.301032011023214388413880950481273067117659273295416307979303405488844728377772447097469450654235452641941245
87 -0.296242426334122245719425925430188046413651473482386892656835025055840896439342673968202247154444387193057119
88 -0.291615023419168083720017330466490740786235129997577792632365409239923878696000146173863569141443367214456922
89 -0.287142666320793848863469806554187904567042837601419868278350604818861771386367163688874863440588793068121775
90 -0.282818598235455547018709769167215736934663730066307065347222958320505755396741969796765952765871025379301099
91 -0.278636418450843004200345812590995636796823331332838788916907618637491763418187303769037603236974492166690692
92 -0.274590060812324720522272079036874213920500394120154000743104827729339147424262472996929383272079123088171655
93 -0.270673773614776975650462670216348877026367687251842556102505084674170378098998156229763778586294960265061835
94 -0.266882100822298019956261274082698747620571532321424902573578122841907825958336019066421470272439966941102033
95 -0.263209864524476987741954559556698270169919789098305266612711210567964263969480390085482961760460768788989074
96 -0.259652148543831230368302621799980442103472045171496060622684631273904282180586447387361217280993507799116137
97 -0.25620428311471055703156412354456809611480243973303044060231528323478626721594556981553980776027102969741127
98 -0.252861830559371151452898098112054940447382837648758200610607301948573067477175827093637461610728657412772542
99 -0.249620571892034578344822227212829540661846213756475093853353776806707247052615747572692394377004659262123865
100 -0.246476494286564793099377090277292183252305514917060416786754003778758955947688199761128509756531901867324773
