4 0.7360902409105898232337092952522844764792728913620084328786306484090562912160965495741779677686013180801975
5 0.4341928472645396974838608166609017092067495338212974631650268429524460430372165682317769627264830163825891
6 -0.6031522395001402995108365342256185953333601744319115738916111498460422189442647619663742941186502865499879
7 1.033025012953366020649147179974394344138287740733306182741293504926655722611905412415317014348440652757361
8 0.3315978221701924030652954908707802860918286685749023981848902330246368289492462118780762721721032772013303
9 -0.5759007518823302905231715369854106806978865750839547334313627501388258791672911677169787339036937124309499
10 0.4872735387896741441601909495060954839000951147587734858194365256480437820779490782268109814241934660558552
11 -1.028016462691843940066268803853682502362159315219081355766979886863297329736254570603733981641664465101528
12 0.3044626071722613895524604324909280769021790058655376458599505683922651040916808987297512164603488887409574
13 0.5403666187142146088761050744485125406298148640743598017163494108479571804571505451282812751282645455265683
14 0.4779008620764130862892331617670613527155253304503944571078769244294513101248591857145541343734975235192188
15 1.134302003999886858144588866130271765443803290198650007553676279725366386125195190303873128728042452579409
16 -0.5651902412952845870412863600004731571541840963576793928992953289496010093444977216925369160250251499960385
17 -0.6188035976111229829980485025066828908865888689010804518182329546902386672186111221417897490775126179090522
18 -0.1681593536921652110897555482489444110056216844104664917866027039579451583867603789567481040147033283215094
19 0.06039074958364200742425492961734193836542520705897945090126064822989475972957536390073116392986093912936135
20 0.02943983439467823058939810328316692073251642269172524070704411587579964130963919756271317624088931798347828
21 -0.1193608621330712603483507315123082878398348028943080100445959526718698694586749166765253917534369006257092
22 -0.2757534329406898068730295687156667299492512661437054835622555403471185395814662976466344541948834669383862
23 -0.3888548869759508224793136814708806297570791798809564615090149898717608273334723341061111670334892986585534
24 -0.4468690379057602555281855581036145928170101723966608382430521869041689802096381384467275859770581454062781
25 -0.4562903063010667357638108897863336814500151475189546273088650866083980909449007909705008036590804473728173
26 -0.4294261112309399113114388549520401330430613511505185944522071603484868935345341622881479407891475588401915
27 -0.3785124948562181984487872219215866039941243751584893656878282514180532492264664884334752452254512666151864
28 -0.3135607182935968874702384218531214396086450623882918019979275997780345124184385620867091152588872394108145
29 -0.2419708402833275052985896953142860730461081783982264277591647135599753365743519713904078712424435366705228
30 -0.1688441818128977438468348861376419551002956342276149417304050150157635476642938715426851302026123511892698
31 -0.09748759595760692960964002785573385960743884009678854723575334671292550191992486720247645504054933789432664
32 -0.02989907911495483766637004956037902393454500550568098174401103193020230991832587062110238878360020031364037
33 0.03283470586026523608282792952813408848823083784367073315271930441009149108867021961414556792492526180573231
34 0.09023796583622067649791352133860144939852577864530397409252839856705682413327404827576636596070834863576475
35 0.142229239225255067792880326362892903276723274983944742595884897359758545013358943308731500390742325120986
36 0.188970367275686595070909892087346011962432857536593098728184674420034261336774613546872329569736542626447
37 0.2307638411290345155798074609899964221730599449816413728790613054306336198510319559742203797638768989064438
38 0.2679846622779648624847527885066835915277360883903520840984413336482343151904991124725556086173661217947629
39 0.3010362468997707625783419070713423888878930228588775121868310049008821852202628614809791902247758050597376
40 0.3303227757437590397166485531399651010139187568957876487939647361431924703862942445392895881840921301967473
41 0.3562326136466135285129350562408301270860566444006357583653281174572718342473266766669287066178804349873549
42 0.3791290617144212765952796083641994917189531727689390900191088205168520852917522505035134268912396484203825
43 0.3993458790173814423278498334552733878328905391734449349936562055188711783935161725851741846383218348343696
44 0.4171858354188617737212910413177978272754102119908339424660018369163473902142444561965754218206703192752277
45 0.4329211290632906399851281497422928467438864549295453917430573264845702107701060505059658958330188591126677
46 0.4467948947147956142321627375975787946661747201948664159374228968800967014434931891865011851711462003184993
47 0.4590232965865546932193660277921581220156350280157493314198755436152911454285550835002311590629740991316689
48 0.4697978801360185712285279074549442269044169893809702280512056639476869691149555273459663648434313293799259
49 0.4792879786625467008300607639734296676930128056098475376441503187467751964733052053382829539811121908067905
50 0.4876430513008579107846310576689352334058035433750445680592695985375995601033600679839075936330140394645195
51 0.4949948821771339414700952250485922085687762252212470877658739651538631904246133187797710002141161963741201
52 0.5014596050220472643891678813320903669231600131490153806554239298780992336395137235752523176175327255024777
53 0.5071395395260171016475791982128954738268397318421249322132241933734597920189913440401513002638354477609694
54 0.512124839339075235444200718885989936658796480977862567501958004712648070708126748490985685301672875686186
55 0.5164949596877185487650206469067611440386398377680794620981662806521844239625689619602900020906739130411519
56 0.5203199570173776875843331449655855193831109035197447666173831863065269106460569297700898254762219069882913
57 0.5236616351614773985771106661155663245606111912386074329387403099562555529135814292517812222845635628103724
58 0.5265745531516078550406721405660592789205837893650439400646317696210075628715152757613580048184162261972059
59 0.5291069094944190358740675851808330825483737793886585076114076008780681028837434968914793437932745881408955
60 0.5313013169299990407091678398627784307183409328759462797467891624988941301284962428715590067711047366166175
61 0.5331954806017801224233611992080160926883831631094144713353988121577345485757885010408336500956742479231346
62 0.5348227913683234878354312212988283273549370368252136462130435015253572361599711711180340908791024167420267
63 0.5362128447718176280064107228001842082100947867684466803208050328341820526038185525682859776641232795598408
64 0.5373918950062226696854755676782283373500785886630240016027595573583495340001129155313594641666872505369931
65 0.5383832521330116605167987887060690589457654058105918704169282659954792770490496951232902841203991788172472
66 0.5392076297907596445204989217418312323721732124529602065689870535013944285119518980535036033921580100176084
67 0.5398834497420108070294486604419831570033370698592088249965120955005040444617298459280084264383547965253546
68 0.540427108795884188211868733427491377517065712478652007246682248788452511905982499556064812209124092290731
69 0.5408532129328474577006741075480606791504503558253343481879664839757642025572810671770926871982212126351692
70 0.5411747828319984024926537324051792665507561512548073134540005414210565038223900643942264462075919083556442
71 0.5414034344531202286064169461576704228663748025023122968495186796265598955007219595028002573460366848960114
72 0.5415495378475954889572376460114535607127600399418709790261560404532684693308424660470048227429790964542301
73 0.5416223569560920521802770795697149936967781545366592580208520500519588169424658452825385449533367736662127
74 0.5416301727893831085595212876996605596605040641951989702399500281257794308584314829101412792165328372850361
75 0.541580392074961251569936623429243959900224012348769954052962112527660312678050485856727295885349075139758
76 0.5414796431801508054546910120026325079326292943007088623626761452260359785090917992204635682032532267006067
77 0.5413338608867751868080819233061301252011701541723999916631102326141138223805970709740633347543847314881259
78 0.5411483613882948630898211188205600698208005287239239575088539522842479305602354881179223432067303149796187
79 0.5409279087034829336775346759466416102386368932179859944732515416546179588323597750841807159788212589967203
80 0.5406767735474710997542438269614656882328155705167152005210559694104229691754004818930992404628370854754736
81 0.5403987855681796845073578309221706042190294889923395079818921955960192779163065514991792975572268625778031
82 0.5400973797409671294348829564453563645074741092703717372658003216986121045644558813581059996624888047421673
83 0.5397756376143963587029603849309438600841180629586281136422429419043628177340983922668792544973830982995077
84 0.5394363240132435154869408461953387243270862125558583567786103162704894190209097750843419039187085962622691
85 0.5390819197294789903552794393764872809877112347699907596766264464906369338607355859085031089186375176305385
86 0.5387146506663879953527527224748870929933537718408541689569139872141139285794910213760685502821931703163454
87 0.5383365138439379432418219611658007783387682341114387025009090652833282699231401963510884795797008107464124
88 0.537949300623796283038223468429003271308582273116064881363695588954943142440390529036716788790569379703787
89 0.5375546174690674687895731710516474929520358489171649365564131105123770674381395216741358977918373567514948
90 0.5371539045160001241083101405184004804337787967964046635105154203708474704815205682171835355768670562700795
91 0.5367484522018813390850593493835922871302151661854217763285534444281664058626117793807465517004757544683825
92 0.5363394161644514772580380401406174032468021803444440893650903006273392929122861101348472396484754652681116
93 0.5359278306028937399036236235251473708329973712977346684597798292598776634262440621194018143624230116128046
94 0.5355146202683064979089682585710181184439744099352579031525895907425935227799562855489909012549938707966845
95 0.5351006112321456645130484316840351796848350287443813978930724194711660023727370507326107965636281289389074
96 0.5346865405640769143488428577446052933843630534497234712949125348974620593070038366944996492723961400852543
97 0.5342730650356985832576906594265572547151128377009236480748870873626790703468389765871357244372130842136213
98 0.5338607689534216876312686276057415868681812274498266892351836967645632402707680664046045943246435491278897
99 0.5334501712121949423966537299805020909077150014194313666347975547086002901831102733289955397064942972010079
100 0.5330417316515415140427591655382803417885165497157425771497601780676234574253518992370788256346569407761924
