4 0.210859664368316796303478987108894584714394764125312336235969062998769883167673564777707128142345341006023
5 -0.661799136497234395455680465146999708490142957953516063208669983559053152588625878527913717069405485250048
6 -1.43069172827040619350888867024620718761202147622893270576606514461762400855009339943485377657092287153856
7 -0.371640951887448111906737353832477081761106669187631011711692422009564701960938384246424942173863278011558
8 0.93783834090083632656353996909677123523710647091554046643485095589584781473315564217201509879311405155235
9 -0.0638160272546836615257262290893505239907844264735509065421338902917865371623735951377906848914961919686787
10 -1.47503455509651315565091787410249260058078414731147141013344756889540818138885837931351520173769546458722
11 0.792038246287062185746739347274555428697431527646943518016292654230135979918334996583439611081082138592686
12 -0.710628687215441996703560729413460519777831205677725738561584294323928049250166879755900862778254300447528
13 -0.234372386570597296003473022416631816894157086721775351646813313734871826089957166107096828150434566714287
14 0.190336566660964546546592748652517990332532416123924537439209411718957815461204788062387910735861466157599
15 -0.166638402153783608815026747270834932460196166781092411437447421900178541720890098723768734414471561705227
16 1.42725456315434641111946245094952263273203602483165360794343184035415206930793131509116922933511536745196
17 0.95133349518796848964411183337115402623366450686889007721773599143256593524172214056241471377098865585003
18 0.212374768411400037019982809840123484804697342342371910022795747750417360968060057515168734764285299365769
19 -0.087620689648886651108896983157627916906013788543412290661085602942625903312920157119428581587279638698034
20 -0.0650216247885994208680026063494863863191346563765755476392253870451742833321900131736737252018877369964524
21 0.0620991288482831032719569258065961560193540397538008207691553718538343948444352712408050874743125532044212
22 0.170540082708869646615782742689687985936541295745324234151371915681688331374458034074575306187380555448867
23 0.220391512189376580030839947756051159738496951467194307608134284746965239314819119866595460767369360679027
24 0.213436502797950896648970717991945317126340851262957390047139397617305472613267110255874230386432423559304
25 0.165482520840369049467429249285968909350682404282505808824036300616961922670580576192622262753057544863722
26 0.0933820468446320344059419357598782813852462134833920308246781873617431193028328570898266829340226128896784
27 0.0105061858788488996454372626662217418753726045631359583225516397727816331732705073003888510070711400987405
28 -0.073963683519619601490576270922912109727848584003617839067414792202116296946977191655284193811339543486331
29 -0.154372470231528679031497935261328566247596627545767098205301414456544756507180540514128428417527748814393
30 -0.227635898143054519138523435456207155947161207377067792244487782025181633406624896445306917709632014249748
31 -0.292390519971250653213223769659995686165451605883755835303782445611385627658789527205565691624582216335028
32 -0.348349857180009426761707569091129704624917592177426751809139247961366687738892370551943062510204345977544
33 -0.395855772558624986331144822461687158104347333424634728943258674524615530182136113855267954953541592249411
34 -0.435582605184044176799139835583621097406510636672326491690905314501497835004653029711434630233567218550479
35 -0.468350578616899422954489770088814984326286129243427607185711090908978859899665887433498706578881480919714
36 -0.495013330205506360806862729087948043583252453433801767101601913415972067486822846979192130407995586723721
37 -0.516393878480924627300156204539821056399203818037209736956765076975448796635518204329511853370066794095945
38 -0.533251278651285905725995490780943865380413823891901317028293143058400689244419392687401889118467880933419
39 -0.546266127975901157340470405404352618684979261020693961513315316272294788897756263476539504862848661521053
40 -0.556037228826734489830548469920780125710821693369499744784912313455342637078191179917734852766741573421937
41 -0.56308452042667501122130186185117328549644887634695730593206975264351368279874724843598857728605225900743
42 -0.567855239312042691201901216788013935735834432469982884581321790087557177245210548787158231616490098208042
43 -0.57073146574659324332873280623259588700434515228553704586261596719010450873782117618552047775602269849139
44 -0.572037976125681381341947954944030008811510915795277705153344472317060763605304974961120954735035498238894
45 -0.572049799799883545695841247295218910668180664957689284641430002258414749328015993584986185999109130852169
46 -0.570999173393187395940777598506113061921369792452659228002802395655660513508531564616155589966397606711604
47 -0.569081763012365521150388490138400117545210996487516869203813570523836730719916264190067660376194610465378
48 -0.566462128017233015964342211676043802329685437066773511836750930113748124901778697479320137327428179528128
49 -0.563278457167900958207529675614947835258211295529646160992420656965075505188836205630306877211740569229987
50 -0.559646636846473743715041051716326632371999005540071284336157446003094105111055471275763284557262094935281
51 -0.555663722995905325991040058554964600794380190731123459012526583108389948371012028439664698396285502220749
52 -0.551410890544879806184716333469282257905380598884314652071388043096837830267755207035240708154432260407872
53 -0.546955930812601296481536561947474903062500508639484800469560457908075838209448655504705276786915295837331
54 -0.5423553614105892542968459455799557188528855835948041592813893685521452057570430387186247992626604503262
55 -0.537656206092562767006869476007296166214800395084722748459950729669397363812164933241744657326662296208428
56 -0.53289749477964622035210449123009944458024026386138328955709671896360414739043892277297163163462347586875
57 -0.528111527115714533957795512284547118626548081488055905848581823375741525486021842852400866982450825562218
58 -0.52332493663856038096138508554840883752105518496679403468021618846855934134340560306811155332580336585701
59 -0.518559587085119461412478723550117975960766798152874576214922812580844681294650591249447808630329999220562
60 -0.513833327493345650406101559508285350339940548674561109769193857790134587764378961170795644124420988861441
61 -0.509160628581622143501122420347075346256317467433118645533587121734965871642054458855569345751531206450697
62 -0.504553119317546938150284273101381311998186371070187143205414897606110544316305378339441716766403766891572
63 -0.500020039561449579906261247193351645972357520093281126526696597249791953614796372868051966387735546823278
64 -0.495568622115553270426798283321221106478569452392251222823272551215638639926158812177103209168040979716902
65 -0.491204415360847046134908603352141796120844316319129356478063446598410468319099549148653883684549421795106
66 -0.486931555860287417846880666111028282916369032188316847304185432834861968323167937868886042637542866822512
67 -0.482752998795754940330769718482409403010020055238517061311928779006116290984909441697347543917900756948461
68 -0.478670712841118582850634167612656242653905840696707563465529504316451954192436834627801807826448114518972
69 -0.474685845015262196325082532328690710895418316285510546206478822042817794511297938325845848660114371401758
70 -0.470798860173397187979733682624988113167098363077604155918921849770255689292986170750733715547198176713789
71 -0.46700965905405027237308039937909252261592013192241700838884119562505321672923809985170509227631556509405
72 -0.463317678178931302395738648627373762949241115031626517518211436338357620333711289466069401798139139411623
73 -0.459721974383485011157148060148195915256187608547791908180473743524241585199770409637377241737866398561213
74 -0.456221296320629118327209476195043973459614060917562428891360256209548103675902007161599420045353421268475
75 -0.452814144915065267490985104753155978849472208471380432403292449077983307873754470062029613430106699440481
76 -0.449498824439025962078411083953424822874546373130738868696269658701154340646842560356790849478940670932211
77 -0.446273485622737695408054797372271636484454599335368431587389213756048542456415114949126966493096123265397
78 -0.443136161996203080577227265228542419429045704904755316119612376264492301832225529551713579448189564221867
79 -0.44008480047644447169179185450452908139649849816961816545263408454223500715411308932749636032378614053487
80 -0.437117287060538927100641227239051695830036467276507039922071625443789854480741144411903671061703660834776
81 -0.434231468354969652639114000552419575707268069713608405311899521676844514660949140698964344161715101228524
82 -0.431425169562154571340741841182077100611895947847445629584846651192760109101199618725200206397146829135019
83 -0.42869620945226182187130766796904850303555276789193452758072130317044929984853213324232168188605235029898
84 -0.426042412769890762032032016113670143259721123039760357567254145211123400987294666110366308565825492001813
85 -0.423461620458633951659648072870528210725676089862451621832592062110679592016123783320793891721270193656742
86 -0.420951698030057068688101340877958470186693945049285742719046200703640430344384914838333106046847821207811
87 -0.418510542355662387601475104907123292176080081036127908147558194248060822361235631172312339331462329038105
88 -0.416136087119614884017847271126395220875695297338732438621240495024667467306462715327900635179898279166486
89 -0.413826307135298282761363235882483773199955701912311457141038926956719840656730162602134115202011970651115
90 -0.411579221699198786126337180519301385820724659616495936234658661782152051088510649971786922883545177585376
91 -0.409392897130402213250803477681879037363775678527469635439826882808573670745902530469903488309041421065833
92 -0.407265448622475048091849718069781275901174284153992260480948059919580818128111937027316407681828650321277
93 -0.405195041516124238216055961761315560072519655150898244486834458461968075396024057974748129992160570272514
94 -0.403179892085324131385114717928277361566454576359323548977906464496801966348006218587199285934431525900202
95 -0.401218267916164132792763493270618757330973046349692296940630125442675550714422891726856807509745385752236
96 -0.399308487946171130527746768881949090738038941287913563677731890220329914106019196579933146082401078708438
97 -0.397448922222011519968693873042931419732735210403532924345986503111719099227349502389310560888914912486398
98 -0.395637991425037105965371204788813357217319425988656377813127079083436733908508571541843982257393574554034
99 -0.393874166206902113019924306723734660236331541858120205859261220452264078704508217533103950082266434090323
100 -0.392155966371270618169486623196682500538952037894644998797757782891846043318104817441260936055753522183882
