4 -0.636631616913139936165484499835221406003862714128116295107549750227917432938919191433685222843263318517
5 0.6872645189803434964111199759715608899246121111998404437354740017039003762628546080219025903854044511633
6 0.9780694787538871055263874822008091902304301787011398508364159210367719618871649005965570762997059069819
7 -0.380852369910494511843571350053432590779677531196056588565729929634003850544470262346248678731037585144
8 1.005953504354942120523244594422183867320554473099847991909025553041495865139948292349019276436174587442
9 -0.1126103641860086498572594512077717483756268258697202694363209885245568424126248696155208602983084705755
10 0.8146581198247302216302954951252372291400600310744906177423549608833550596103314608703814144604654470281
11 0.3889167800383878075920859325056334168803780804679270799636937427931664228140217453495070241707421651122
12 -0.7724605496547493896850108445647961700236367485004306505523120206356125451572895606446126895651533224611
13 0.08387740506298942743232427047006633509792330699767751275285161725884171444125209877955388546720419044593
14 -0.08379192671707955181043385267066345974175950318564162450358262203285125963417717832520777402545402962588
15 -0.6655627487003096534594482622869916799084761082948602869277483346935506346411354980999679466527534070138
16 0.4079992804265738053981622706732425259929802912098764252783808674973383488454020702152643334539781652401
17 -0.7294925714803732057452683275302064422734578567266045419064607008828699433531301411509328741005517345801
18 -1.237466751349226334748902579181529035847609993635862149715794735827283978488519261183277655494417681853
19 -0.9657346833569552973740239675822438624597132548693536917488367088769527084849056635949408069744743261181
20 -0.4700941224303490342926091035976378174528936743412128317755540344815592984706237440994365128930853343956
21 -0.06690471001234758088773872625922962909943320354886857242908213221220156227416651470652994334401520861053
22 0.1702172535116222711733733360769703737922455522650197824247475183066172302182756701781965905501597630901
23 0.2712656447241644034038302314766651403621663847245685360926150213461225558649712921176442032441214116353
24 0.2873905608326976547900236648490840959648903031421324104306749578439857220693147757060245392288871030422
25 0.2606885382706291075988811721541627047144368365209309357397188111236298436232440202670951715369125492892
26 0.2186082207114082153138417068780356084288252665931953356093324693961437005500231679594713511266060128231
27 0.1765610947107838183100964356075716239252275493567198671573259808786525214471254575064365135608724673108
28 0.1419278382183920519454180694769260726920786516086655477480531191567628289631660536029338834879210346269
29 0.1173330138020796788961337065895806186823724210654386618068140319052065057614071385415508766030645658427
30 0.1028551523068815854083077777832102847037128984624539212073028041431747293325322116503726941834155693513
31 0.09737337876936052979224051750805409862096132563989615345279412390910028107763624764044137336023472197959
32 0.09932823645654823968643423827576603295401517509056526208731024011758669329710038717704015442245773661931
33 0.1071198278987132894261085857120214445658923197372979710491578240588491838015534770446667600864986833437
34 0.1192948812892977923766483067809630535488679635432976500725180900183712509039805138016344244929421591804
35 0.1346174676111031418972811337235854765635191055147781023241162118589727511427920693943571720551585977115
36 0.1520794689229872109077047547702599312085922041811422833713297707620410474698731598306080415020057652896
37 0.1708826423501979945808987686859573069825338127758995232920979163734707988648878066601529055193098559738
38 0.1904096045801894016084458932601545399308112633377561391082377065327002091900251109826497924366597621544
39 0.2101926716442540448951733120284522839492555329808195789465983524321545465774196044043152364898070401093
40 0.2298847923038989655738654507158731590363004417005784073262695990392097751235641193059642438207078585143
41 0.2492342753388837063165804649774628616940513993655652759388932574729771349818871766948855710291964685517
42 0.2680637027505029064394639518948355618631027554610939860824144290549371713487487724074675053930159084781
43 0.2862527956878652226388551098889205310442014771142616125298605532939917997099636092320301862620924234418
44 0.3037247427569588035677260417953953143633027178118514532762630446345567591115759819344815019578420899201
45 0.320435433249676523263903355426241739660058415718623790845192472968377417634582271209783539855464069351
46 0.3363650622351074837374698959042839310467833383080734298412359830131001335217538436267028573166727827964
47 0.3515116373509216188808103823567479987543814842803148539311196964637246539533800247487564304313433778546
48 0.3658859910592101527019668391980594095528957692746813754294049987834314475589337081342528489066117506405
49 0.3795079737568433220446540158311919702842216611567894279838640100822368580548433770470746352589012401278
50 0.3924035667362460257097531280245814464058946898887323648878787430164055818267155149751912925312494444706
51 0.4046027078146845369466934080024037502526955474847089887092299683398135620954321600562226337324031140419
52 0.4161376666603572565063547406805697292182110118337677479515862639991891529698586573510729606080467534771
53 0.4270418424587084711179151703332776258779463889968591638311650573134113007389763191935148953687688602147
54 0.4373488848760141189420684236330773817463985142401649289201964649758858863408682594722433005782267757821
55 0.4470920615792910224437080495002046848274390428090030596065434209639633830407915103590250718513999798641
56 0.4563038130236625924390297594673921564944879564624062744598584844269161105596369815250847175170779804797
57 0.465015448811222202197283756730359253223214672517078994014733841438126108512584087805171069429604456121
58 0.4732569504767206762203735734111408308719828245471205143020451100077047474141229429050426653506787920226
59 0.4810568537254547226771920675758871390237672179487263730304231660492574699411149413097570846569482976757
60 0.4884421894633618899523393456317388327302465726441786873225447891171302549763035280498786505794077909515
61 0.4954384678330502968760150085351834209102467701526953289387466547717456798017896499160631610110135774184
62 0.502069693226815181865967421165046332720642089822389304265127199377455888510149481221721021450964425773
63 0.5083584011414241626923511496181517593865287896316203317079151127628975727094197808835961604629151913209
64 0.5143257099658661295494029020484974709242707970944333815955229883061371242864019500845063552134174313245
65 0.5199913825043906846321146268274573475685302777795022258774214051621572983028839434807607960742024012036
66 0.5253738933506025888810187675545283446297525329847516535236974896867836465165484274510449690541820848229
67 0.530490499234975856373045050587286561799023614607127421195650715091721795165976062939424631315748528164
68 0.5353573102380820057616354761174557214351622224851816815613221622449524226623753819029521144866863075476
69 0.5399893603492633563325287469384635540854972060842730603454034998642006611668090566166054112903439209559
70 0.5444006762972553722229403462697817086714072560198172433345252632805484177152453657655214182794181343547
71 0.548604343917673255783591697291356223021360443909158793422435608988879272631541093096013933879918003595
72 0.5526125715772751518256389980139389492852593084184401384135076407311439927132944317091540913869989573638
73 0.5564367503657697890532878397875143460693512910085084358257665483539961361385277704031455731811835148306
74 0.5600875109075405496573712300590380741051914800379600917441169203356751985675231698773698334748828003988
75 0.5635747767495165021269660242718624090729230816401879375286048165712776466749460849305828038058710137777
76 0.5669078143564237397320621522010207068675676801668051285469506014843515527424415671154832064671744622712
77 0.5700952797976646652799976197155942186187038735139416335779958224246593301315076901230575761322827021351
78 0.5731452622464010316982745092330593257802817447407646103925395528656784970866707320338072295204890736329
79 0.5760653244351497202832097969454321703125432285686851693189007647147353924614407351156435518518556158476
80 0.5788625402264916169706749069117068918826193262642075232802181364237533442656383515172927206092857689905
81 0.5815435294647702344762217013975137398535680403089849431788892719008020694332790585830810377006061775538
82 0.5841144902767818108131237898954944201762532421491718217821452936851553927715481334232763743750638819319
83 0.586581228987860378616344174899596053721087186416222863684853867294668031576444623717257817981312181711
84 0.5889491878155299537796699098311790428064470392968144971969467918474681321765390613511236860477898350536
85 0.5912234704968603478663508640959362592536184205772044814549450217115919596881873706242809005747506816364
86 0.5934088659984497919414128123117994524694762668856399494813586669786421728160774767355306970582152822415
87 0.5955098704500369894445552649851149430969480508294673422221640534126564123446449489511988438481475909576
88 0.5975307074344673225215840083468673095527667487591551471228333076674495202551966529389229693003689326676
89 0.5994753467583599066660570622836747566970856401744794520899293592171509912095800361165043953763097568635
90 0.6013475218195300188231621801643821921064916544572664285129280882469914942512094518076351544341456784746
91 0.6031507456791466560458570212895752114973616826999381905265750527538830485410680849827901416070293416637
92 0.6048883259388376908279469894228395983304903924454662534932928389666061451058498298556714692491177692983
93 0.6065633785155539547757625540680576296175268091833907363977267474287226546610343823655314848078972178009
94 0.6081788404000036854734144603489836896718467949426084638811437735796776440061073024864376807680487497887
95 0.6097374814778876228153965782471889922768990993146773298164511704339028346597126256298227529644351327229
96 0.6112419154870072295144688270186252986207675793091264119211954779226435649312495242198225519464859135848
97 0.6126946101775792779006868906614532665469405228191706956754684857838397441641040477744823872275396101592
98 0.6140978967377580256355609589075776445147255300757194394514193184582669123379043065832729760344142497894
99 0.6154539785414255115934244354541128504227040523315704178522807379871968005032059471971969576446753150708
100 0.6167649392707423192405019047839898361526904954865438184455187315773339290527409239080064597880499555371
