4 -0.596401194214224946425152622924391265432050602033834030643845863388651788233823873092692976746674580304173820212525681407137893882801615874240232895
5 -1.748669109522771908176603111517598842651098968232767333837268688208244907420076045316020974160254285885400861892448037236278836222172634724886133
6 -1.3630370503513926373727011652975815631006316256274467855455798222299675717908282111954020444665990506464843389138456635315214046803833617937055252
7 -1.15689364492165135827705961860552026134672518674344149468570295314703898835131284685804536414789463717657364656768793468599338475293645617322950994
8 -1.04848999154389546415279336140439773991319544399356011187148774651414561605554826385552451093894551498562632115511609802600442405446625594383145926
9 -0.986669509796525461526525943614037293770339299272355773358718526661413746162945547600988735121637824476334305946365941592349900205307325660393002242
10 -0.948733153489273318434737219961077453573060020645470588979655286039439157580372270599301698761911299902082097127807125335415010707099411644271636966
11 -0.924040691819776621396326686000109491562410036774793851084745022298379315800324300765105815884646928670540947626501583692935236029576049779769955486
12 -0.907191691757699104604211802596564890262934552584385229742543562587861468660262784302701168535699956151684783827453935008642529763491283575173792241
13 -0.895244153579363859786686542043370819505294591115407278170817905071734401972929766245254780842578537259762311976719596527531682430984213463263527334
14 -0.886497856789031826018220128443842040518142864616311977159766546804400931878552451469600456172075251370863993715166218582736069098622341575664728882
15 -0.879920824272153430437257368813291727078428810713835088823369526015509195599883079514060181971818090754728752725993595272266677100770633264230847452
16 -0.874860369214735895746611512331070291999882393738142588494066290599776356479568224155839218869999405756810529258843503490087891620775792754284847501
17 -0.870888997241206363982329253392169597607068295844511218785157721478306329304317426959538366887136635482097307417575450325925936210683627116126755041
18 -0.867718147427080584974957407084979588084592274071876234648972653788213972436248278274049380162349438359593773980368345120831743730564993554420768678
19 -0.865147860947499584698761730249794177653133768986010330258803450631055824479658427578236022338279897558334501146915726926996310335786795498463996164
20 -0.863036339712109375263500047246372447998758358259719972729054189408646188957559715513337868652729694640198314266812192266033669111310221529424726167
21 -0.861280948283171719194307930015402628718989230388962463661339692133233334852404516778805829151704180634977589236147555019963689871309831118113642
22 -0.859806024919561085648715238704845502577167898344358135692256686352668782150589748392125070218747597857989808103669141860266989777299678034333335596
23 -0.858554866523636587938309889175917078129419323481717410989078091021264000766986117455497220108713189407679631293495398864497676301154229215661025741
24 -0.857484340730681166344024928205591225531996423929110616450384595164533873441570029945068883586000836160090948264883895985601025724484513051755262716
25 -0.856561191274309926452497616970459954457363593751144998964741297914938598952069809345736078259000581845084626069884817502879017940667443298912156256
26 -0.855759458342832845641425047805180259114664424912652487837393402092047016462659231016542199295773502071339781512251844122248705568367307166132195733
27 -0.855058647550226859714247397697581710537059518219384796445789326281756903190246651721618844226346413773148308070408371329449565422678029373362170693
28 -0.854442410531415255956465899217554771069491359881105858921916364202293305680881940393686819013345107005282068258970099550794992420580467941841694255
29 -0.853897580930869065040110474770605929216769541971407186942000902241606582311443335988723852101608731108942514289278460659148478504995610695036685378
30 -0.853413460985719285487135128224919374247750835824830944494168795504793497850066843123329643444335211865792242951448975064948229027688586034929380237
31 -0.852981287269794490788115168206535412878361637201660677806977347940011333741005669996251322141683233004218797771400980127323760617874926529625248251
32 -0.852593826181101112106115676107327955530931316320023548686047442968362186383086208145849912380298361419259123914335351997625244509082551075970830489
33 -0.852245064512992013578320050484178089582148859276866512437092132014995879464584890128814555205642730866734450371254408810788743434818299664788198495
34 -0.851929970487101026874439038129359473289197092540375310187536953235360155100040242696248431019534896612441780804183405838191940217091126571054195369
35 -0.851644307547040032405890848644729991932854185213058523031666384800557139042440592239626011781985082662723452325971950901304451377975182451235945993
36 -0.851384488044653035608735586006715198390448969048486722835625591733733907456758457547537521883826633123799302145221642884608341506394430379647884229
37 -0.851147457365625789783509764065189438269505763043556476969933426678251047162514945653431239290111903740323654055077518003066296498618087160587306093
38 -0.850930601481430513676862821584916975358644423121892096630333377389780769578801047707010676531759032889019495856818026361256648256520661118032385123
39 -0.850731672676565065654612792311280445756233511366037589129384855002611021749520789091135296987856536785573243155816574136471576843515071357996490451
40 -0.850548729484928595648221569025523275870149911999369533000728013456686015703504084777785244651527539439489112921310910247294742077637967227321712505
41 -0.850380087814907186243482772800049029842789314148525236371726648699595891227453305208252389234541984501016239501936378874059338241816107931713693535
42 -0.850224280944993828124229137659492609993491047035543181681852982296122787578893265969292303021366406484256979467492149375544610462439685856798714455
43 -0.8500800265975817004959214075376187710453931250018328102406119013020288385211864620202249168442542814390079944125586195073454271553727643052426935
44 -0.849946199695396392483972337296194539773219942695038091514276621795802811809893895156037468367939908572123145960131549394990167869985148172697023206
45 -0.84982180970676570910391865154717370388531933926146052158932231433524371112660798291805706006679904253886433398329292134145037858603798474732671666
46 -0.849705981716992399363724578230504741074307501473557496982012110707669385927373932406130663097463167253287328793837506786913645565216518961038629145
47 -0.849597940541248791301580770947319547520951895463347445356201534192591605602192723618615371194507811273614844489068946935763572139946688168972602885
48 -0.849496997332659291895375174594466674516270948703568475399218483976819124815556211732721551755731662995106845220554100057601243363792014077046252065
49 -0.849402538247178660475552501037884034621620085340045370156769880993585780322739169720349803938861967151921783884826973330893130433689895255910351391
50 -0.849314014811650837740834889730985435155018961394824582380101766976837685975680129002836280624711215400574724937624515916497828974614236097820105957
51 -0.849230935708391298537566727141352047342308408821108554798409832249329799907414338164879505138884287230538958440529646451524176971286269455964472766
52 -0.849152859742805442783619129846402899250442673491478309569166028185587815058621365186956269180351206309494147984505461689584121349133571279100898686
53 -0.849079389802993611642118542387365633538204911780732627386407423528237779143739905917770384682104584653814630330818487347249094308519338529059452229
54 -0.84901016765433321570588127060902693811381210279240600290103822771719313020222187077948837959776766632139425139996862059660946715541379400149030149
55 -0.848944869439461435399730116245947830475215732216844773438580855596755621622790043400259542097227854859575044987598126348523970681064763926011702972
56 -0.848883201776290836423282185341251641365704878381371298458169089840585409802455712987387390013103231091746359327429630168503239999052889215225201145
57 -0.848824898364748329318270220427356322688137646161352788753701985567145901100038046762724867868064953808043296064005083071337484185398340899872037503
58 -0.848769717027672546672283228076685523173691008664049883993499250511713696828790097395687088042624258742826245717807434544531275388238684312583493164
59 -0.848717437123392445835260713657407230175668490621642370033753756783407093266849354262713866490599388805947165839722426965013987967942884143802612466
60 -0.848667857277457990907088488192397559391732800802382933457786290429305064634614696413860985173119978752542833571202621105120489458130513986858247181
61 -0.84862079338921147541476477447544724406897930243465217574587885851416130700187331096332566462949859421131074405329574973699025737215504064692447657
62 -0.848576076875700831997653435583674555604975559137484152750275560642292915170709716953671855014733639868261180662699639464319636265189194679337713124
63 -0.848533553121103936233924318898793506191019701412780202101205549595343525212946870664023484029832455629419362044662546984019824042677772568492779201
64 -0.848493080104563718041696499689390271001587899698866958025644297620647535544461988172523765885053565849222701607449767002936211155237491169439067959
65 -0.848454527183295472378946275064023252372277863100000974633246141678015556943661952573715158789694943756874116585846329243741144190075575005831567316
66 -0.848417774011155545480038118738912481445659120441984250674943535869792093532803244461166726127208952904345052456961272577293663880863427456670446365
67 -0.848382709575664395110143885174481351188722811014769119732740221151177818125872068763445115846268291072232251975647892328958387137301167363270671855
68 -0.848349231338846272416524583604086509321437336506630401388497076188038495030871947516284977190846828842457073915454072713441597881988004344072083293
69 -0.848317244469255453598038815885998358035214107682851496137714163241731846495525176772548358588053638212737858898778412577251308395420726036503425523
70 -0.848286661154264885965277527254880946786032946488687615098044129773264889760171518209622148607971426199139969315029767376577209812816485404918273727
71 -0.848257399983146488136068431925578085026619613740893885885533309032472148032472314361237198207660693303557762121173077377831296264141516207340949913
72 -0.848229385392713720602366796401687829167907657829192336552808244180122128914381572230856172456362372035827570121886207396283594782884927713557888728
73 -0.848202547168359975963490817791817521271311992495938552051995524724103066180011637609337016266658613720826138207855865531421819166413202868818827519
74 -0.848176819994238668629242092081544425139813175735791421909413997733614070404909829974449420109224456423830917777427918550044348048293809649087336194
75 -0.848152143047115797895188016558046021223453608463764965632591558136913670285598505091441745269518703583787759563308010061238799824623311257220478423
76 -0.848128459629102546149435342266246030532561502878920056365682558111423744521959911363539682853980510433869631889161324612748832087808239323931711165
77 -0.848105716835060328693136430504743395737065922909482555389286060564352132370938485990433137216447947642357349593787285303760069712945013441639221622
78 -0.848083865250977200543082024625755092526517365635216777702729074352585540764199731917698077797008391325999377655909990234488829950901180401788638378
79 -0.848062858680054059084006661222333892013876865463130994328238810249518364581787347517926045640437561850802405453862723999508885247740697652902754095
80 -0.848042653893621279895020619329235438652359012123992980182093641866746812262872530023078906016817733592306886258257233981254499748317833080982495205
81 -0.848023210404339417171373616040429129909010345464897772468885797813520976588490543592389911443552423335115010807472359796100690668328988914603969712
82 -0.848004490259428277742448926307901010045723768310059568773319957088427083775938998553456054378483078538121057212671574219486384990749486717018715884
83 -0.847986457851922887077892579406738632210586455463376151730382546520474239931366607926263570573484941938461220180690340097184116618421862510892138533
84 -0.847969079748177583628952465112876519809214687810630170099856808289151947974920874828936463886234231777657153275158691705986873376309429515933347772
85 -0.847952324530034948619234837206920843640312968572282011054766424475561823183846874826961486621184115619064561969004630841348222187622144102998872689
86 -0.847936162650248129175897116941971247784179872517550963408106464944300163578192892739890469483192824412595982305923384736207318476399434399621008883
87 -0.847920566299896449711507762402928850235437025623685011085578048376195373852670147371180670869019169826226140786785459004105006927755709668446925097
88 -0.847905509286667695152492331358256877454049982589488431183629037856819315180725246927268811126820208536836889578616301550736546283898464936037716195
89 -0.847890966922998381601981042795077430170568207265147993463048551650298352320936473749154819045037393046990514615635645675447762692492338233121595392
90 -0.847876915923167679349586596924571453468237173689671974123435163030334513337287987676072695435876299420730442704270999321360761254793317472118758455
91 -0.847863334308533123391708105604504067201346101234107076628826803082379582362354505289580409207231060471952085802827422326846364435608694861555220479
92 -0.847850201320178310677726287506138529647419890642899248565037222842497282441490998445293193681998206590007699118408250292080342894516524975006607179
93 -0.847837497338315716804966847616261545387801764025626484669597374489513813141325290313958251062784808773293925567334194610735274518487785698530208989
94 -0.847825203807852674600768500024474556400020851272362613221326219191302890932611405098383909446022213220874536979422810725184766818195162061088462234
95 -0.847813303169586404786076683759100959290800685476540134265018369215567534914433487701047918353560681467250994978403945646202959980877095031343026976
96 -0.847801778796545611978037976386840508230702390902333008537696247286529887656287922769569462560066898597474863635765391160056859035545870648731450403
97 -0.84779061493504228766484142522151165564962042310008273540014004013515526380711523228980741156660471769623303792714032254961338703556932305247824658
98 -0.847779796650038632961900986003861694964695267584879669368148259268938004679954228002923813577094996180343381760864650155724849282198916316776945459
99 -0.84776930977447098548484395620451555178336301677012829701568286488066082297426941105121189417219451858592558739175525796443539115044837745029444565
100 -0.847759140862205794921903889129158567742598119407565649486808117516108080374209989986463569072894320681671185469075515088354809909735786449573737482
