4 -0.288611231079692672578027120880926087180162551075220144626513083362039904551577175301069244649166533001579533267799934877074013543325933090249986
5 -0.26169644376453010557478899133417698833464113487750410786858261775346704443799567065452789276574590019949463832108168415886222752427340931017847
6 -1.58204097002472669834567264228511577901142940658866322166936417973774487525916766292272282518173268318465091556855714794212750783943808919862791
7 -0.0960250217009054458807352517410742085219970618286563489370575160310992111833107418976859129049745860152561376424480251445759436472014810301639474
8 0.392934351469812876578931601483889318982265839307316432576049977181366271205702595605108660986713079257589223869576573967422758256494161755071964
9 0.542651651675480685128012327893554504994230800750997766775827242602326217633264997060244624217457519445233185659204014162280402698943189545826029
10 0.582787339177421144502818534089721954408790675973731788987342372330476292321084546748055409548527874147928305165207275259339407922124677393853884
11 0.58594629308724474327116281160809888752017730695327571362568322248837844527138500232503227663287016658695802577981923711188271980532144687043871
12 0.576739228648372595970444447966586573108885298670563809354814065081180899554862851003009116602990247396374314192468484918654214936641402498618916
13 0.564041062240804658732654175995044110340829932423396634509333073525581381456782215526347154601162823108608482041870553849137649425037501088431741
14 0.551132395141599357957748506828401018107078362312195549169813714885008838461786509194904502135913425321460297931127649401578596002387210593864012
15 0.539177697430558537319706818226037620669150996100519713208139177178260593607684521705463379478530679917123280888427809384505176360341402392733251
16 0.528512081605330178072565438668834338180868669114835666104667033946731578917773025429076533513335433177406067934669009326217666948542012539845611
17 0.51914581181332907106596068410891999901802622154496531749714093663400583720415211251173935179416739275116480348670012671747468120394091172939805
18 0.510969861082811493913024626729644693915018935413030196578578027372959878550810293151548171790428904395588070139368496857337637856038021196703364
19 0.503840951112991446064599411628546535014588825648396197339465249446215407259613831975721588632423427892248912291592942812866665263101272221436655
20 0.497616102579114694504316339987013385834014768329019975911455797933494887840998328685706000787018413144984515275621914934878388559798188956536763
21 0.492165559623239399955737657555967738745645075131817257981268166094206396120652308868015570294502878633253063184999355341530955497701087814706322
22 0.487376437350784364193565318672956201158175246071905795020438334213384951471627039228141005535818058887622498956081054927480100050182261928508964
23 0.483152509997356448186639328301771996066913170145318075377842506554497586424686098795436343293222546049069034748924479916987165405700643741343356
24 0.479412542855147394160716324079689129910868686042290510895372485540061602173959970476071673187825619594319290777766002202332965031928800712520237
25 0.476088225087927122750668749787575529165959273363544420595026961868050942274039431822977556132813900624426010870931016805092868845185906805008554
26 0.473122150022820954906637840030741073482217256785264652696590168588736715470911223426848477785937004932683264047876174130644152296481808395785765
27 0.470466011745035692835581004311478810357328955720628813449591137133769989376142334285520556568588724525856197578979363933227089353583762629686861
28 0.468079062431069101083235231353528042792289351850080379910981943049399173341143149574736967532492019535770745758772245254579199210081514765615167
29 0.465926821793369955335478019781723133768523693591938220524861783427100863266959284754208226562538762350206667144762582730187580600691049254965979
30 0.463980010014049860647866322196710613831596556523138909765366407929839105189447673926959130165274926291820646886390059918445649988005409349492789
31 0.462213670549515862198616648392457122279615531561467003733307838361348598695146822428244015730925640238986802376727514017498576822200990358913197
32 0.46060645062696039934419606054554005827062385143951902837024745647728993815904143570931656648231059330303490620419556207691438914522276456506292
33 0.45914001109990419806158683586905667066382355917908209465035933596266681343283940353468239154702759460415457864368525111789047388252764492284577
34 0.457798541739622779824253288589660516029523040335620400891027160684284444870974184424403156403570026151893662661338974379399695990359046774365294
35 0.456568362219274206183716857787140217026495435338328873460194298837400213358674636683822236189704967263982302877329068598882357751430431546181972
36 0.455437592704413365004622878330137407763706221260577957636811892718690761371127081936859422708405350923764599108789754684159348823342449138794495
37 0.454395881034026450533133237527777979557113294463285556353516751740776682609914210062366495792209935474649939484137613325907368908107190727286722
38 0.453434175995956565162421812847816854876107168329916961342791634704627583867154663524932401333231703228071693394162906907812792667731868622460758
39 0.452544538241454156170136578778952935047985192791946662064591767582008180887665851627055989550666985018213216837932883820305796085909388160792662
40 0.451719982024441637130808436875128694182804090939060557239488635915520769774774796754323162050863558338460874548756175205417815921142007134539376
41 0.450954342265335605696520363620671941354440908689998558915398995852789044807239648848412096333536763303118674618123005805605534202807363530888224
42 0.450242162490385529817553134506337652679974040991046037515672074048397132440106135778010796340529310034583598779315637294620894193025936641893998
43 0.449578600038221238702344679734309940194500956477995502510869101788338018113271228267598032360479342302865148493937245213659470627657134541468871
44 0.448959345598529541002733492330200635345970428791495250853851837603349230826204490018406643993812889168574871825867502815233909770170930992762692
45 0.448380554687884323263697228448764543584826094983300044607812638660483255894053421344146840778843838618493818539227808346219830381024695619007963
46 0.447838789102085966481789103807417610095750804351397449471369303682974769006382087661703881066240912961993482602157378377792151393025710825653933
47 0.447330966734586984651666963157847180744194632401858439792615017973704328971249590541558839622602188172319463556039905376202326857326198861646087
48 0.446854318433811098114889055179844414723829650342839348554176228672800914124213286401272194159770635618614799305683222499526922577902288416056343
49 0.446406350801934741770015993275512080060827735043381335977331740918966797962271807883948706440929993482204684308985928449629559590979483960767528
50 0.445984814024679866926549666029124344400579807936383059257248355983670588167886376882514972500423858539448583179700955935263719588739972076469788
51 0.445587673974321607694826027179250316900376085650246559275788717558495945142208775628132182465503948956506646495409127140954836036423407328419834
52 0.445213087953148751511321742705972393850073080137879400390927219646786943130030737024873729930907396383775764059542727630697741658589508431744016
53 0.444859383547356837088095007291809967611071408582644184232247451220030934819516141450810769139554753108163382946076322523181351451560168982735646
54 0.444525040146047592822573021175594771996003324710106956833091294624180958638008943895515978914629905543273917481652385930030805769381251730250384
55 0.444208672750045019464234738689222182203571884293943634492197595551162773390913132760910819252368102076522725418887896517027942575176241936412988
56 0.443909017753334142483250087108210035481992154814081625978104322700903677074712121216222967427013792209471353082377102869865114962177433772769489
57 0.443624920428265997058002040415199864606372286095933220269880331931487830133125544781254614952505370633061845103662846948926264438300568465946711
58 0.44335532388601084775978235921526199665207412659993397701607687883558353626996027573956929922118867465236710573062929005300739301473812149801051
59 0.443099259317502972198760703337115033391800977741855550769642733662626668579593597409414835770815321305998503962426909216333696005562343404279711
60 0.442855837348457518485011459012650450823830447598379619878068864615648206768376067684618326885970031748576990388873250558205518834119120410833689
61 0.442624240365890634911914053104328036157110204780780427796225861274686994070743328525627198815472233394072189390208642991801620853583370057774292
62 0.44240371569370309411708036821215690439827053935445904407294004725928873009706920485465835179656160960422796561417190806753471820823879676991248
63 0.442193569511920687340119289487814996330602911628895502359553498583339137267509872691942108203592360621463390863914207045026906831296286335536385
64 0.441993161428635105475440844501293914980681138467484937642108330776810281989140839452313982060129499923729730270380378186741796360936307580264027
65 0.441801899625979246403684654593011888243794607723700829807495560082209790443252361132049283310014497620888303578268100262876171568569999192447248
66 0.44161923651194941566840168628985689203437229999328267637403087333938990579781191315986205021484223456295488102562036499418694764044112571428749
67 0.441444664818842082346424564623297861870424351286141357518826932787630516452196883061465253838248832654595163960265518089967064242474588522098277
68 0.441277714096743943541986953183162814756240167287972882818507413499271412833177507093726338550284774586936378146342114890218488866888375445497913
69 0.441117947557100031470951401630484944901981613147540516386341841967617494623285935705817532604524296593406791628850946521158362061622549304242031
70 0.440964959227051416540230481231009142329942949252072388312755535233269774419156306076839826889673098663525305363490025665704015634152427546525485
71 0.440818371380120462031808469238097658913273715037536233347403980521626671607547498076895755079664269157227003722587201914456560832104118920277785
72 0.440677832213043855370926159058173354054140127795766202811170018200588828120259446293237067485029638843252088165927357219223463365408207185109768
73 0.440543013742209473297602690779841034997080944568016738471322661903835482510423679508746128270421479953614053159500475013103947612400064893291319
74 0.440413609896324805794895018842875307028332587106800689904345559408522654866117180621346806981325924604422655589684197837977507921149733220425322
75 0.440289334784701609594393111252267523659230740026444851889979945872901619422099750436923761476076515801386216674172390638646545097250679911986643
76 0.440169921122942433119012607858216853272156153375455494927857097627836251567378566845954618619112091449507778029826935427589630875127297082139507
77 0.440055118799909457777541133299922505220271499533012682644076924928629072452171334753744674784076323436439831665994981775445275109429863734327421
78 0.439944693571687053920285216973251359849277362356636036894959052038951001144671391528290460429702783820558441165321043413697965586698167168879101
79 0.439838425869852584582190264743738380028742084174198770755427536296645568676201286019274898991717694835159484792968805504587542877245986579744247
80 0.439736109712776047193864319373750186901258951201176619177885822585053972822730490567257314896072298605713649044539834601599107362945454984849242
81 0.439637551709904402545258597812017522063709701506718582196744433201775648691340297051845839985495083507001265532781611311569811900364392047928425
82 0.439542570150073411576864203284296803378405360561182048588034041153248408930869648252315721310505136075045779685541304598017951441148669607512938
83 0.439450994165847802110405716828941247147191879530872118523406624913680399902399817866724663444250091881343708108985934959205530497697131992430172
84 0.439362662966736229037327648671033045164639474831676675306058068562343854357972525998299052008644354521928126060587952954079600146778976067882869
85 0.439277425134875079755607802467389604934612845534682821716025797329310189112641271085432646839189467530552849106863823228461904065271177912416694
86 0.439195137977437057376515828553680177211962958963635034308312412786718623484032263062038295016636968829848427006741379230336342681900900283941021
87 0.439115666930607319096172829080403873519277777779616490223971752569338398453566359482504418607827328160373683041116553205993735140709146151045147
88 0.439038885010490996624757359161069274700719683038525461197221948604397454923620717832200690477518592526029805219291818442202317943369676434865513
89 0.438964672306779194270637477086503793441757140315637031229329422150502511777852381452927246295717554795675627083700573956832492499285129012525111
90 0.438892915515413010856644450410142569241661376566565583839365755856447371253085740980141320537745386897118043434248278626918150952045153542374965
91 0.438823507506852822585584580990040756933706887175269937630094770621663303387508644185219841997705231687915734551763078957389154007351485308232138
92 0.438756346926888275232754923446328288238608214064758703816739252835242903170895014781916495969277149195977898915373700976416746227322873789330246
93 0.43869133782721777414398247754212844457525785827666442380604004349974736716203539429808942380516611541452899453843979579385359649763209005917749
94 0.438628389323288757946642042143203270624575736543329792917392248256862312961343966492444146418288410823324760426505717729083588087363732873490846
95 0.43856741527712522326170320671727137575616273597242577196302893894850901768361610918492980291041706598915644342885014707628855961755661033010548
96 0.438508334003079924750322646495441938697569823934326656099114111612255001461966143680218555029354743130541133135673742546617409252358243607812301
97 0.438451067994638121786981887097362813276169659161857015182500618788378150708063853456781353601520038516773390998439673203625302258003490478918631
98 0.438395543670570066072183516505751219603706936728740454967718667267234410436538744678130009479250606981080906900758190411159573589520131744438548
99 0.438341691138882724123292062789472164208459466479741053597123152324705959198901431498745082630467189674970506568435276450990332632088287989951441
100 0.438289443977159356377125245279838082741250409827416113453175842050828971629482140281666891144518431118700743416298360198444638526803570071194583
