2 142 4.577663599255002689627418019786558309348760293637044523176718235953263648647224154910546408427585775454644797018609325686507836532694734155745e-143
3 140 38.465820901107017132791621168366399704479561354895964217352689770938822585162018885966587955498728260678373049448343021391743871957545062836
4 138 7.92778109253765436970207813080501588390382845230479426495899320126165689776770991491819029489045140881145813502543102243028725737983697228e-139
5 136 293.2372023076905471503435993687715674958379537052750648607525493628901278104690239345343429978499290818597843514801230237811722900262662
6 134 1036.4605164670839276263706129952086534529919481577172972505289687237977853837274535888551153066585526597086318832826621001201247794955
7 132 3742.75927509648237188100876457686900143634878072974710177337173512326272078572535821210452770680578040344656599119003039309082970325
8 127 13154.38537498983513606948236817085307549431098606714926433094884544883151419071258547717042739123765916783796234641848027564192
9 124 67588.27715040999173207596228613161477229384228175963483659335646568970302281168163857115780015141389511003243156163554719763
10 120 237106.265340466142452261623448490577659244114857825799044261906194584487956508225697261816716055663501559785340900961879
11 116 918310.57266325328479585364709134205580833145107686078011315347923675758553734480859610789056356815707364651310872232
12 113 3.9754854388953268984653389090056744199704124163182383968919519442210045603801667230236385333500934713769211304252e+06
13 110 1.5340065526550970568187258368663620477810276488313977510202432961758755354745873292741792073667574322671220364e+07
14 106 6.223864936889459566122672007722961446673742394563875275050648033218995461214216854738749710637154296630693e+07
15 103 2.335384990330634822416395386507346769417586487771158139779051506900032621279201712590182176908145989921e+08
16 100 1.063814357084885279870085963923012766103286514306650462739287313389009670813625502619323679876542514e+09
17 97 3.556849069568819762199580551387090845347430422080020228618137555484000584337880058317659421907226e+09
18 94 1.746010619729743942243095337208800040295732311958283114621149627197817277707480658379856449967e+10
19 91 5.345348560134630463761266572605215781869283682462839607572394537652834744186657291634077541e+10
20 88 3.057072880002331436339484372382710626955986254825347512618588938974095469373491269476202e+11
21 85 6.968359393380153177248393368659248187123310701012775321697894961954441727813217650873e+11
22 82 5.767340134663496283946267217915639038032309536011449457966208268620921285128019588e+12
23 79 5.874773304203320890900385370846284521054654399157500657761499677766509267038805e+12
24 76 1.264181024538689278732954842470519221816191063546380009506178212180237352889e+14
25 73 -1.334689619727201749484342097240339458055789504233294543328259199959134308e+14
26 70 3.555198993838594016204746942720288324710106638077551110236575228729028e+15
27 68 -1.2692867067933395190423505190661335563725642330114172529828187228671e+16
28 65 1.315497531212599907647421885103893291479201458113235227183606909e+17
29 62 -7.4475362999472774205729212605638656320770475458468356908868244e+17
30 59 6.1249491413630586932104070412711801282204307880803024533637e+18
31 57 -4.24184218469232000619376169724617011678393172616262123354e+19
32 54 3.34501855073631932152338727225724972190725295057138259e+20
33 51 -2.55184663112595175895566801546861909357270813546255e+21
34 49 2.049783969254066342723205545172102228246632183686e+22
35 46 -1.657873707791540164882291829601514523223443217e+23
36 44 1.3793776669919446393960801967736078173326557e+24
37 41 -1.1670877553232043428290634042126963796466e+25
38 38 1.0088791253265098631551567867650431412e+26
39 36 -8.88339731537292286098960398453772873e+26
40 33 7.97269035182839462260077151476086e+27
41 31 -7.285939498487984736643563304762e+28
42 28 6.778451538877689546957022863e+29
43 26 -6.4167313959013671881523184e+30
44 24 6.17849659327367663496815e+31
45 21 -6.04875162945438914668e+32
46 19 6.018805298516091828e+33
47 16 -6.085081290078141e+34
48 14 6.2487398199015e+35
49 12 -6.51556633014e+36
50 9 6.89628522e+37
51 7 -7.407227e+38
52 5 8.0711e+39
