4 0.067376669678723148960872765110260721027522425062112590457227412379439702455485000635844993767355754886874496414982523941471101198516684360887665
5 -1.8594141612216239722345430180909013388781038119075814910865589688969595469658351032617108392894646168061001455985961474856913141224481968235346
6 -0.24713230657481802990344019742535566800668596241777121490545329694383610464181395421262032179104345323684961836863290466695028559948738629599956
7 0.3236383085440245026157627614928746549111643896676886460798217717836262302525144247209810293105257716439123887089290235630539376014527108812186
8 0.28098021842136683353557468546313379490213083022764437956520828094876909316356231495727560064891588390983048377525169761435967021460482613993629
9 0.17803431369253871079389996794983999504927405825632469209355035801852914840002339789425720918277823633785535198024688348330576274423502655000918
10 0.0903324330308770671107136290783990357148744434162178805062368478528978105253114244213617658963429845342232781240707438593718393246515704899326
11 0.023260921619944755503878239800564931756915631750062018902017343433940532173305540133137774662097684036395992541208872901218292552719657358643953
12 -0.027461227619372307772854003745133648034314939618928018554854871421355841530467301775920215581275403350112866018664544200042427230844779648073088
13 -0.066250406346929324624127669722264080386333044347605774130824095561817790562490548634428909785519568613289601990325686497504774145395867776421201
14 -0.096410265272606998751699572151601226727354277901770785775224708136809852337048365644508548240626852090988536978586467293894717673813107140320055
15 -0.12026355951432672520280751707607072968450897989805950805795413320387534027745524737368573559576042819317834428829459513191933036396229138229641
16 -0.13943226748203750184267217234583893741633392450393180129809179490808598605761114228714245868481390786912355683977196115381692716021737531827371
17 -0.15506052917988900134586580200495385948788320137152686673292683283746816686782123773572218623783764550840871669775392923148064103066529171327601
18 -0.16796811995697888567259734781840300804744723830779996758448298112277064188357196481017858744148517222089038789957101281050339151528360711282476
19 -0.17875245671467245645533953192529177345082857717684073159093064967575227225600242019128968996796212499149433859420735050300247238325680295183652
20 -0.18785623336803571840816908409438949509130942039576901365077555654950926827968334274436109441897487471122662112532884809508480521080578192224933
21 -0.19561270171367476613652376925338109718405963065244153601787300607501611034173805344314276902567341386725603386443124927651980253272894989253889
22 -0.20227642207943099078199943984183910572986976393162991100086470176309792058973505640289929168821873662758708074572116211241249596654584995084539
23 -0.20804447888162434725009895089163293840775537741318077495767974310397449021144263919939885318967337369775143358499120644960376576768057289036398
24 -0.21307135275664785450484717597686746372695723895843416529218531954884425501659886425228687819392308438710608404240282711805218435693423587422415
25 -0.21747950803614843641185060326186612437493155277939934973367954844473929389228885288905645448132568647180943161893526829367648650167928723637147
26 -0.22136704117680023335191850568937295846624174543823455473585527762529390005496283503074883275560493617530537413834922676497272854909651796510744
27 -0.22481328256640059285302352855385760691893171479531955521328462102642532590061959173330207056732729279741596669375109452526819917716789511695417
28 -0.22788295245513814635877801362265482212712600260601256377820343947723072093015380412116004853262933801846400806773462202383676942404359372463857
29 -0.23062928138400948204530026785921307050341855892792931913765896628954112242377257182208944524707975051173585272461575418801654664253607315025472
30 -0.2330963794206286671004183973452607611597583440979306853757159219072103448441809433741449479091633953454957902083526231631934509832089501484026
31 -0.23532105384300242041705146709339949250138168743849690187677750288089809068851213693049409714167682832144283509865728771424501783480539304725806
32 -0.23733421725438113812668397865949357989956738536511362875047286057069484611787918002773392577971493140318546177558398736833215491284934953425703
33 -0.23916198832764634101171850218478364257024723972018250987327490464995587564576493725677500676785012111413491897178136598443151648425362280094083
34 -0.24082655957851107006151107648723145123936917915713453274883950258881540417296823285765039208870614420835064278257428740706269971170721110644834
35 -0.24234688690955772080238282409863012065360353326670042334520475446745008902436495361410004975606771918110796660823956877454571924455379782685409
36 -0.24373924160958217630589888238484901050222865113330748942007332476464815809483466547779254492105929123245481952946120065103896886058827830619024
37 -0.24501765533197613051869083441046157633591188232423382700009657110389240721533018382529390416176755074473088390111532993667930933701607070814426
38 -0.24619428115740930392929502664064653712872122481968766435804974967573460345277341860196301644711979092570768974036452906872047462918403089642984
39 -0.24727968837796388090685056555641174704253179157640380027306419812506802858539467147660009125358576726144322295265436896755891638188768135333785
40 -0.24828310457292558456990644628835696349704006497011921058374811332993019942636433067614292668832120934972175562987720887897046121610949642909509
41 -0.24921261549574482744527872065811075063703449688949076009907330601993748220870048011874026873910111324652647631429988761261432994540399385740672
42 -0.25007533098477606568848225522512011790921845332879456583080422132511856001427599590435802369411022535948693193441916674976349655077238168777751
43 -0.25087752335255917579075728898136296010778209086272495514773805991281848918765440806764589353458366432718728073443538435762192533496312322610397
44 -0.25162474335919582136770809936332300291290227515229544921461978436464946971679999511318799818313843114600525684216507964897971985312789794672178
45 -0.25232191783264970490160771759991148574558865459058800135334841172122551220700806751310812599621798895893913583070772971275627006909343376888987
46 -0.2529734321876492879593656840810233462773107952085350298444167159701165250443617250682872095273355155368354946110529432426674383657217925122544
47 -0.2535832004599239940451575369359520781728455631730220308418203731464453779321446869451891705568749852678166955386906324504206457746526621196834
48 -0.25415472497252743280626713992611568739462209003724532939636477207234410548821650547231160465293686558100871028831517193030598555015388966072912
49 -0.25469114735507060769728442358147176556397652939041420933623146910409455152842261081178819603611331097643803366096124663483725605676397825842675
50 -0.25519529232145519352831375231498564728047989898421181676481881085747273210579759446979978457553561906922239803164523330903465277097755050268863
51 -0.25566970535941693361095767744425332305782044950413568589481895195541073929553586704030854578915367117697142037467499214187768302896608584785754
52 -0.25611668528229253808423415608615755695638226919426991123081709386831522413753254237615689458435440191678963897543094898355849709956180467392831
53 -0.25653831242947193737512841226894516932260417566681593871019096472551275071402546199049234815445175320826769551253462732925845120863314952983253
54 -0.25693647316891612191551692729604309795745049569078010770047650072938077332896702593635383880753704821623941145136652851725994297385002491392337
55 -0.25731288124662783880464868320397903727433170940036483941331496537444824414265894717013964998860576585234754747526111751032579099169903549348064
56 -0.25766909643914676457602412517933411911452697471238511324000068743807301671505969594023686829135938046674833262016822659595747438306689868656319
57 -0.25800654089214293025387346085020678448982963872010242752458636287418772828562550668370318003707725911813497429522371930746198213948520900025932
58 -0.2583265134679546008062614393388453237479103071113808761667035976738906712919869445986909794019983811736452882608999643813426695588503632734278
59 -0.25863020237504195845285913581116243974369231783357579183837398541348775250472248241377156372374035547469464257290686535155422640448473256129034
60 -0.25891869631087947456822024522126829682695238971208546911897330753916786977339910357055778915520613227263761158949205273205289214420350736809175
61 -0.25919299431524626789898372312357620126554962814107762837585817217960511776415995937146067852654125586823024738428841811856006583200418266940624
62 -0.25945401450195637962274258428361646755385946755553363018302608252866879495624273920109338106590802564822411621995895359466106933244966434311431
63 -0.25970260181280048150057608993438223211825031383720233292734796925358644627698991825976835370791528977193482048161459597368250656085976579107107
64 -0.25993953491703783559106900651947283740361528025693917714730095369589344200660487778956994756420477466375856385727157465849038971337616394441953
65 -0.26016553236252457151842282294077983089410539477834065394209223311448205119413928365416759617553512567436298783882604050044048696811238584278563
66 -0.26038125806995497248519897505386857656806699150202639611215528252552290666761405785207572584295013132166143034604297360435096792929603833160427
67 -0.26058732624928725452988808506462431174589360410064231988582810482488682480020693730687734379299904314338242521543232348571780167620011614287105
68 -0.26078430580686356775728584370753408994833446545500701690442958676892757707656120786719091637623886009586568822545903851519267933617773190810006
69 -0.26097272430271843429061424160317846277248031890264533926703611171453278679433431666373002322028847349982285674166618090082803139635318008411228
70 -0.26115307150985491795492481606752797885339676366444676759783931852392369319168429720069346893945559429783257303061240730405544297722826923476893
71 -0.26132580262064984977383473641329640235214088580618127010471214824190948777432269954936396157564593190082276970729916205344802891552692928630753
72 -0.26149134113985909145829855155147112075572511196363284149163883388954531026106479250480614196355887192454112219743573558123772863867001312704201
73 -0.26165008149878992643954651270328259474656247526658761391464020485050300836506205102433583254761362761950523151051059862718485167157173354894964
74 -0.26180239142097218407927805897099111669527337047275830238195320074376364649288724903566919892553834930001395375816151427802096966848763048925826
75 -0.26194861406599366999405911159365535464304922524367956404608893754177250528693827028508211933289093575997834056490773729549774269906809547776015
76 -0.26208906997498571944219006068930520600753151498080861361102124725872690256365137791999993107799408365223892217895103904361364827382939168691937
77 -0.26222405883848112669511816321067908022588035140077245507089975244543076763784059664152527883658402934788600484186855131141512325415124014691502
78 -0.26235386110496013189220717567939945493547274915879382036019484646094900635738463981797361391928134013526319093563097392542087989335136028653985
79 -0.26247873944630044462043958384265079659367860838016749995325487464564199426809017120246900783538308221625528481279578696284462674156978698027411
80 -0.26259894009451191342600917545403044505497861905204465651815546367320157154567682708397214866225120478843282990561785999428432308660803044749955
81 -0.26271469406252923288447264538685291358649996593554439528419689830634573700119561804762946074876516825266507644239537397459322529037637409751568
82 -0.26282621826042617483250470446636537236555279144269894612269916654203566305949884811835612992525995536465565085900958948623451336813808596123159
83 -0.26293371651717589385834327255193802199968898300447972857250595746004571756378498084154528380496710617911479881569417455473498299681453393701785
84 -0.26303738051699133899482303806419504483546397187893191042182499462903785187160781108504128247874945239398106553123718732255412240794017048269121
85 -0.26313739065831836219363511976804230566295814826366165079409697957472564514062162863127090175064905337086159939883270051714292899354247350188898
86 -0.26323391684270512749639221301384377219138941080504997601234201368562892555109121788888334971971282227162727277788305997710465948414245515915532
87 -0.26332711920002058054480190281400689717966384351604600971410468166326499803164783166486999303424684483932782079419476160919472152761739424493503
88 -0.26341714875582968969476105747819891283960956505504457910066970989776020262248598250134880056152580659630351237820673987575406819843170956625801
89 -0.26350414804614324745435059303989646093592578565248468917898448836917059934519989066131025861336083179504997982785324351396688066906076254583793
90 -0.26358825168423598662468243012774005507103573305310397153287734297643198088650275638510028625584116416187996033543502031659038646267221493238928
91 -0.26366958688376060803738406315200718584447881593770988511328796364461128406940359160464640869645642461041677553532722360102479860099024429737333
92 -0.26374827394197007655293020869295261021113719701716078010539895048863698246794710438274146934087106120507073889912735728987011109864140199159984
93 -0.26382442668649016310155470528184733038458782670788869177019999100571264198183237103509056380617187515490762117984252173816958617971409459184224
94 -0.26389815288875341495808468686654149480683141753701315513876696863717065059522362829368574666642414715964232371154553133246312424232331356927964
95 -0.26396955464690991678533678884604078114915714914042569504257527139139740221770849348388396559503773848074065300307123891565790608303448685763311
96 -0.26403872874076533317868094099074123970444283304619405345933652846768021266395603806074159555195256732721278342648517977842610592980217126278864
97 -0.26410576696105927256715187653170639701262702123344002592381366893403724506392385022029621189241686334791674742061072983534933338621697096208084
98 -0.2641707564151838897012496435659218765216014438118212962423865278883933138142108371795064564550241332855098322628676213150613734915973141750489
99 -0.26423377981125113379930936946174942723823017725000268796295691846395113721239065816059155133730839999985164459110337290930968161147179651384094
100 -0.2642949157222447635508765317983334639670567607963950807473050584074783305033091211374808335965149666061281981571256307530705872499321045321104
