4 -0.691450783394931735373487088545189033574002169557381773602656158393176588203546807619905443455053163180193852449273247825893960041223367707963
5 1.12924030694644811046297591857298880224878479950279227645442067693134574023806251790194420188310795787365699095587512628017445984370051980397
6 -1.206388109126161440719062146017135559900577172502335119071159699672942495224805074457605121071710083901476327809434477632277346650309882833932
7 -0.7369230297676936583701125654784112660834136324363005307237577539572255914153228625946887230471125986855436269457207909063805276938274934944403
8 -0.2238807727143516502246949339356184307740077936362026489531324788201184094407827260490666142969934257610828160269329676013328109646440459201882
9 0.01432624277693797901304057757877270536358443955573889253962270276104991598472822204777482661577615651231100389861603168002609522045604807550439
10 0.1218910239687210878202595286943213335132458632494981674529959979907199447761367410206792698424326305533405994977572822135634931200727136058691
11 0.1715636808924962614397489795998195116459582112607213268926285876445948200004087236375459937327569186276877605085745815987843035956807945154413
12 0.1945678076825415427633027769462182478128168938576662395792246665105822345772806093045244716467508396591268326464153146626394508885098572882817
13 0.2047187772958408838647689059703679492907606688044470702059009293132304144943817708976918440859801460935928705994476813598916471594751199434364
14 0.2084628122943587677383767839319468897705368689801581685534845418776218058266258735257344244158045025725727565445887465446306263206511162614982
15 0.2089597593207512819856233527519392976856831042473781143701585689758467079466812505276970320735408183976381334907684858375517810538588087646517
16 0.2078218350465680222768419815292863873191341873654150867542850276026139843186200858172069043783680497608985482322244743583344420941756062436019
17 0.2058963556358953091808119359354624228789210549310883913444558959996529283313179507243388299814073415326523509488685664400481451309583793042396
18 0.2036369421242053384107604646640846262942600707122499470404098629637808292639704855832533213963991273334947679159202074514279575004075257291654
19 0.201287817467841723204177621162747075564898853800076924175518480360423739572577027593234938767974534530640149103099537170111733210936776668255
20 0.1989789700541001414240592364746720150056181939086013295969167497098666361590324974913449771683622461095044649233401392886375591177947370767131
21 0.1967769443652763421848599649756882471685200104519944159091449496528852650910745295294781998260386603326908851730894158094649334458439770396225
22 0.194712700630936240654173528407126502136099909078318099069620903214157773156267841933659609819045991258694590712838669702216601185695909451048
23 0.1927972359381328879509478420118213500376778567068919946097708899779525567684527749972084271665089973766620004725896466756255057371454801691467
24 0.1910304907924046694530167789860985988815900107410705938437771924246012844674282075076991019684635735030279617005798886140690574753706576024712
25 0.1894064848462707638918956156683370652401874613155507682032861646506741051598475447908688262890029760350468014656239140415826590424805373488636
26 0.1879162935826094066018503058333547432798362525220415802624350981231738485458924212984086119915283387554129394320177545988315686620036952812582
27 0.1865497695035308204254852378418015930509392662271789516712166380299956341616507421657104264135606064272594083782168405956220339698136384982813
28 0.1852965247426568147828243436205887500993957291315546195175004685740746270704207336480205495458271427859861507591753993306434730250900054809898
29 0.1841464759817975112961131521154407018929350789145502409987725414800307940980711868625103382543337678023960508666984308086376150525899051055723
30 0.1830901293354460483435114690754022391893288201224130224270112707791662454229079677963103687392777260090382124671686488763959114532643945662233
31 0.1821187113129450939855605514742049949017171346430796641397217901589900429636006024255140720849484898138111878204229701980073260353011716709725
32 0.1812242097627186440459983330763981580187718623872725480667182715279999766262419763176613406711663981750223306623553114450389209394598463402058
33 0.1803993634746816510157515037477301522719579898773828898184384684134338400832010555453402663750675511571468553030057815992419157912640431727336
34 0.1796376238694256456820436438134404103133651623000940842048584079813678713688284249420650238681272535737993092323642827796470159188043674134673
35 0.1789331029070150472171363815388000772717464752083421452517572280047285685275619025056572507979769148175188860607646693583311000515448360075232
36 0.1782805156458935668603707323117809716818764245543410727399012001589881359315172667124345414438414205112085559609291301470114845596737486466491
37 0.1776751223727111544830659972064730905130786710072663839858732156365237405052049851195995236515489396698070080486933759691218398149650271731555
38 0.1771126730638507087387932310090482699127233685456001549937413602469315416593133726008412266451999471008397176914001068570369576491315965440829
39 0.1765893556158403700660452279123122966687489766121676298667392100614179225088422782890054807428883178096805342137849701868673047526299794530012
40 0.1761017484790544614691711821103541768417207122890166603610769855417264824990944647843018194879994826251679490860529247271145137951062245190723
41 0.1756467778513445036115559066294273658197137699553667597578981768641129941043745211793604969637139120875977776687215334068157122738338618251719
42 0.1752216793131856000482037545832735153943523754400266583118396753245790070531293939914950271891596024464184599269105917674162544602267356250048
43 0.1748239636367413008571655742747680204802323003871543777535718950393070270873114723600915977145505290728753842867488339892894494464300879292276
44 0.1744513864295051196662625434141463478284544807430331877018061060101791767968569149007365147558750526865222881388002045259383498268238745093059
45 0.1741019212482864353829643814105022891852178580398378464284426195806280492819950229887033712693478227398995286804616595517724851076254503394461
46 0.1737737358219818062397381135192995635843470946527947388169880650445479920544363704318400688350180153356501945110088859226174617645255691619786
47 0.1734651710396926338636124082495390446735215718908382672349616869001233173723655683505267768668439272063445314281040359003001559938494374834392
48 0.1731747223867698473417502290501273714811860702753061867567699472125838773674024992371606684704021731012477834891409362242338806403896384736636
49 0.1729010235406537997208114563087854944984803813398102592496163645851603425298953315548711247235383631420428430934581896216637721711221379087534
50 0.1726428318681575422097068812742037200827737176491892678168710773714353192906803929599741934502057645865326874035319866488140767566012309034064
51 0.1723990155945167174595751940819468574510631436417377763307673995295542895658624843047114413530713701454687709649560240763256198510556366362111
52 0.1721685424412437881634304228166877854582402032026752292703204579579216306537814288611339387850950006741088686538761031966530828325166155377595
53 0.171950469554183403827959835451144780937915193723583178415819971287420676059276940905131671837993579354939511619086364414958793251955756324469
54 0.1717439345650551675119356215179391614467009341633608107647577305942572660648355186029514442304319156235982226578183711340724233544500756355291
55 0.1715481476492407490421484417115102585448392503156134023705231020837983532411757210958375385793301131476823390147017594404336786721945612092316
56 0.1713623844597667617879920934672639765940510735084739874491206198497184263362672144270474344210750359233875262347081889796085283160142734099055
57 0.1711859798325412308369685098874157799044228166365832178931093878805284507554242861404455043913439735969611580260135970663052733071001381503705
58 0.1710183221711251260646604844994421820968854732477014142443811646662383047977326813788537406589284936894987860727190536027370542134839680115934
59 0.170858848430866688072390872414088443695532666797923297463339890885754042328370666703431233599696558712836952327490870657751491274548942363707
60 0.1707070396322908339055408100883560579941455031735536157982486820948678458499390295078876064443446815661085932427923587406182731718227662846536
61 0.1705624168423996868861151813326764982356863895967136923110140693963084598873907024048909978855300221297545505176499679120550101235561886531309
62 0.1704245375701670939896498161832567995110232791507734345700496827188937937140631309249084382007873735010726696504000231512221111409310560331011
63 0.1702929925291462415237669876467415868697780059047479851246177650892862563760503395856367425135596214818630843556578077145838669674464421653604
64 0.1701674027258845924965159908148482326588191445956681032736230187943935243393182122361499337442863030895369905709212489894827846590268496664995
65 0.1700474168378679871867655221672170421977649967197143439195463750473569578156488631071641987097211113287264430011598971131864847063530986606152
66 0.1699327088490951183048909583348750830297931494365038433493368053419366185078192036993320395675340242267387797789384880083609967014567053432102
67 0.1698229759152010570757974669458064654601900714847892699893306171978632992055837315318279410809780368477118084889807272251458358890503765262826
68 0.1697179364333789770254377702449742158982354334705900183135697213883267413326035371166928238290402584959109543062129566646885991201914531954729
69 0.169617328295257563268173290742912629624496300481672782478172480163792300173285533666557675344599316089633110846773549300327364136345135625913
70 0.1695209073034338998183513635817773684789060227377478732434479688501388220700910462347884912004492405213484456968388603190196137692635905776504
71 0.1694284457345863638924693149680996819463285134410565420490018306855438112747205961713236771321543580351180455776922602028933215827578138498739
72 0.169339731034041086145764673216935661674739454683116863326543348796532880913676762026913063704076097097361719582292882093498310512333375825596
73 0.169254564628375011530909391086515148028172532822665304945792432851450139449061686253813985120316454907575215321361325103353263638019032774328
74 0.1691727608441397429532133952058858554991196020119221796887067609038352686590207562513705851985225957212952927564410167589650092738383641408536
75 0.16909414592211014959331612197288691713625169503561951596535412294158864123233972845002045572392843090889494446845627545090737553610090907777
76 0.169018557117623497900656144095352125312507286990784200190832611556075809661026187274661181875567328287531731424692440569047953305928866452735
77 0.1689458418785987924149529139067864370852551338999545726453686119359532590955476841632108731697055153994397959640193743979954423810273311566488
78 0.1688758570937295627424840852117401876645006832651718640393028613413080169816924451527316662648515539658424732203297975988288755937220524556617
79 0.1688084684041416363189586090071060106030122308097946005077114113377639523974753121990451764551368082894359327947866214476990223267645151311781
80 0.1687435495725136189255248792092752798996168717445809663965115581606559603617047904819500718866525334722925051986052938436290521112675953668757
81 0.1686809819042832598422601651894253843833967311119403791040936508630616731797075435841660498139993690159275804798977798728359501161860272825393
82 0.1686206537161175067578653531609641592979120821975885118728936299362011405120929826354795232642070728294973089584634653983387134845977182566146
83 0.1685624598473164697442478371655510675647548770159521224806352122872854349616095288822767773897987442478032525290816985072343700561276185965278
84 0.1685063012102592140427689169075111035870096396450300227395146781760604194416035166112805907351057175881095543943064979979570419982491171207447
85 0.1684520843763888269652000962733058521940605256357332753287769330715446366135470074416291886212525914538693644084623904322947284275840588044271
86 0.1683997211945812620034056625008913102082454051048381261552466984791789574639094182843829625076164524549169783030439539254466535440655224089055
87 0.1683491284390520401049220172938790846297252833105999780744111605042171580904449525527430892149055671014353752339994001804491626838727759662244
88 0.1683002274842313464651297602063895058336002055294487960552495488385710204852240801136470072360737942922215029576591215820541073077577990796224
89 0.1682529440042852217547936486933336972619467040562356830391739543782903452134840035172109082613261642507469010407246281876847325736708371244431
90 0.1682072076951817594193776961482970857044908714879099313401423988811887411564208449132383565020977112290284050252143099496804501091260996410611
91 0.168162952017399426218612090329245607479651581327130201244836049270011169460664811180045303756887909876495024504066003509144964864530545741662
92 0.1681201139575524058451805367661186434464904872319610915234139982367599993882549716965952542550314761547219641923005054720829461728785555887702
93 0.1680786338073674990240379581697412185096360336304354567047196576982955207372001380144729592963268983229228287177475690207217416916980985032674
94 0.1680384549585906007236282860832499120624354249342118703872365717258441209749867418094340341226180933372280913764443206391837206504879929174536
95 0.167999523712529882083399730323624072566714208877058754341986762217892775660619920404791100796379154583925230265080194598340645293996391778891
96 0.1679617891030590904694748898001632107669503944320926092443156896520219341464896508515661935792385791869789052327695236770965959212832986735005
97 0.1679252027320092235997843536463314112066156583900355006032321189346785075536864232756743032096363082812717512294736374365528888324908606846799
98 0.1678897186159714520104615247019219073050924713006423923733254093040409616901900675976257757989257718179414867139591988929725708757961283211961
99 0.167855293043619638010611456219270832809627142349840633652591629541296235314334193630969900378805527779099144099921335310478046301725615473462
100 0.1678218844427380860526080427119698245669432960625523378902032153829750411316064883480352775016743058233383265290011811928132125716171080324629
