4 0.609666214998695135817709264458500142035154125123675141344033433867183706181190749797918124545838777496373358831329770359311317594545572900314
5 0.195121736615632327733106833376909036767709875110751905352921133938841330517942272772210180232161103236290117218670716434768129136075925544207
6 0.03111715309957108191219058732120306208931306710382723434658482466068298792803683958440228651696295008548863581451234033513069413140007861484
7 -0.880707074444713170489222659002707865038211118606270968271558923715206416578355524016491615344250806677810938076343054269831902207123708667137
8 -0.998282811271475159789569781313396776785011687923869682052880733947596988947690988021204976008748039191050819547776647031870696884516060239702
9 -0.828990484684881822208041726543333569206769646926915632070661255157214157696248225126429996657074869056058560278916179893585068681008740275225
10 -0.654554814943713275057046983902783738952345087198867174435092775858155026147094457960560685443717710750371501984773139036830431411012648297234
11 -0.518502803622253729226976860048329006634188401436199625007756402819803322405368995027572128267924733435227068990228012055248204830420052763697
12 -0.417471554139465288272985158691115385400412075426031622156913890320101838149738459657772763710298208974771239267294116539164778727205553298882
13 -0.342391801780687667279668940519311635012032531838379139496354101193949945045683592629209165549983140127455826773921164365705548226917784563655
14 -0.28576721639464011033609102615434454621301422686686745860004855457526951798039254003632692784817098538569056406397694070752970663561997943281
15 -0.242272416687228438092447983837592788584997917720910739847739996120284120370910273880598775110051244775633106580930814324520856472176093656993
16 -0.208246354034466257437791115551733101192548984824695640793506239760654016493486614398474421896933927712598536852062385331022725644977934259976
17 -0.181169847802166277179111958468768283627101704145312578517625842054251734019179662281081707842430465939093294368230074582100778631170225638817
18 -0.159287435775496976194685569126690484914622343850735609028849343185366566738936812054027080190718190053569782353433734113766775245033925091333
19 -0.141355339699210025990423421889223896567934891624255704025435849069690923639841459047807212690520618453015769982111864296461591908427215946129
20 -0.126476712223800274759075030752666153849105682625750603085098384577586695809626984654237094027933013291415940887394054244179046542809806621837
21 -0.113993657399288680137715507061463795214249035643772264810395506143697382236857928417680857763334729050522112070015272878593665068545527656241
22 -0.103415649399733483394570677493173756312897626207407663576741444262829695472953223885871615559132406246756709450346902033919026185848552368986
23 -0.0943713673254277649789672627942667910397950251476856869507513868638970926833954972742670683586362921642182345363258038284018888537671512371482
24 -0.0865757611694235469562369595025445095584070232394736238703748504274554319374663294367211302279283946198527289053521639314530655500503303086764
25 -0.0798071668137135897075261035455288864348785173888685396405528036386653953230515815907332448733083392853209822043118266772065770741568284215842
26 -0.0738911536974593701543350503419049900726363114055132748237337602038947248783179050150357510760635826864392805416981619292279607700082758234778
27 -0.0686889537501303447071263333505779665738641432326742215560996305852738759659186007674970901141786455476130110670269239877234959734053919143694
28 -0.06408905522296289404734420814498024439111394879399104973362170015904208696991733247390266970978551850629819234530799789272883086181897636689
29 -0.0600010149395039082439103886896321805798151851368965367644691859206863722498469685065057153635798916402162699820954071146229604709153554766331
30 -0.0563508471441446302831972993026150616651777822715629455838400218947597411736786274113845594626527390426580608332327272045413452753491885850339
31 -0.0530775475172382949932889406304970574427549215899331897088133601920417810553018709828162876015456346479969408278301844831989547186317818269857
32 -0.0501304446154021951387055446920130663382996285283155404644702779376707674867883465677565721388187692912648076113809912260951003411947489508266
33 -0.0474671614227956432637267852851432862133462726155348174905816458552305119523972684796425314472810470066216582612305204513134652925146153569088
34 -0.0450520316773206725987685766623850848863137338873638594025250121285122852957881422018223206398913293370898494887261869962194981716504130376038
35 -0.042854858654343021583833895193986433350135048236301062718056833802316129222822284602012701117751868056807884712524189808597677043433345769764
36 -0.0408499343098858352734387536225951120943605716724174015944654385078233059402192824502173668973792434109264797110970416456572844637440453732406
37 -0.0390152581565356673636500298984828492431218576823492352762008855830779222592916620223690313729463302459364762643309842849995862035677696477299
38 -0.0373319106664864581206850255004137837382538541395226062157379949782213229966641996181699046619240469645828237783547491170903512208428831780061
39 -0.0357835471858303656670477266497310443960087939952220668877572716812984097813808234047074601255084025136536864534551535247753392098172782974047
40 -0.0343559865425146525008087617105813407117572796472657174932381050611834612111373161363617484625242272129472302992971527913049425119358384984857
41 -0.0330368745923987914982241861137647515482404613032013101204197384908700672718500133292281049458632942152448295641435214800442888916192814459069
42 -0.0318154074694089394772307551899751369647522756887508751804706765612837502738764946711465961653025309205809000745584723496389799506522427888919
43 -0.0306821027063034183494159545174833897042021344487118708943027032038443367656788868767979403073630767670244700554542318411680997680606717842462
44 -0.0296286089700949704961335259432001347737002165580151444953586229543222706751398827038481981620077413936285211463227286912273415899200854387413
45 -0.0286475471244973358133291662294699411757274280251010967923968627625321605937773641265528975075713247040870368079733285843403978620603740403887
46 -0.0277323768455404923971407571865111401157315407522072912516698874805126640008658979145292885531368186071364036562513329431366607245414507278635
47 -0.0268772841885661816219936731715219341517768296427953079920250428519471727717094488832371807492280031419893709814884989867281349997050506908297
48 -0.0260770864181480230159520231708181454702910390968210760258361144669424354431778631070160528221004837176951797083406187605350631550716624676748
49 -0.0253271511285595152846671418859102768940788131643991546425605193618396323927788305830087010210897272759158683999851958795733026122825102563429
50 -0.0246233272471243125955488343978526870874567453045314686535385974299138881830666476413079904122451177673594898886030636858887730763098888423755
51 -0.0239618859606107077661026960355117388732468477240625800649913116310939535366079455958605071171918342785669144314408749406982941974168284723907
52 -0.0233394699618642318749850082172644921857797849790357580367711755579644745089681976001317455493849672949524747751645802367488496672566076191084
53 -0.0227530496999701211356898442767804763319126838831951599270548684604031602153714106108330091677067262094594303233656197184331668531114581586348
54 -0.0221998855476141294810572036246064477176271526469372020963824130044974415124616429025360475326164176556714243056851089898120174262158512921645
55 -0.0216774949856862764860648857388486393690617976199223201943280161804395320610606783003749017009544456759098228336207641203866123555238247189742
56 -0.0211836240566278817476042836550402689600475986314445109545829239588543232259590115654398472226787534245122874406028425835641343503515165133377
57 -0.0207162224616301916445002626391248225780168198473017882467965782406504218193330236680346620773252353121985623462427481342975588060124976241795
58 -0.0202734217780901836482841237250625885998943098914829001130043025070617868280959082062001529345460732170143618451856889180173387879549864507291
59 -0.0198535163570722509862383254544075941329854815033356085293667829462697157698766098434967993994088306971582068671075100652426954415129238537517
60 -0.0194549465293573705825955364480054612784070925617721335570085416741941872202392731841197629846895882044785779879349851195740694629495159847594
61 -0.0190762838057190427187443745593622223736192970829059732855831193252672452654233831723074937091545006877451359574352849890365234181321043810852
62 -0.0187162178045293377825461792863708307106475335976241862025113932732843257818893133502642708057712554595190008741564503984057633873263361045424
63 -0.0183735446794163204414432331949664422386665470377082584419967256960327607196050194447181055889309109833774306088116455281522890193434949124953
64 -0.0180471568528715122941596252085228387617923248671307351745524227145418651186556709532192998288470743531004105684951400351331000901220567704603
65 -0.0177360338895778886095819175705925468618695488004732999035611845921141408378824116065353643258131283931348235558996738828009595136143031211657
66 -0.0174392343667151720144297490767506657140741763607691724506671617057356170405415789913383384513582683807388674785242902418251738468184872946786
67 -0.0171558886183483462231322529801079389572025102123199090156984473860605706999903390796360069798689602336998639317244345384939068956575054442452
68 -0.0168851922478284429405674763006176669238022082509533606906631977340267970865809529735894357195338016076376975827267899662098966505425331208707
69 -0.0166264003164323796594206443718573726322643188227888269860279352471148716300985882715978054754947566475560817975982372342375763675594865237862
70 -0.0163788221286524446969057230668835561980971401732581297600734706393440515989226547323571999993853861380697247416545200170811078834702291346678
71 -0.0161418165449552667646740626745898761583118169946429819309234217010679195941345295481283237534263723345040090803034135392898070267448710369098
72 -0.0159147877617454552724663528738173473841299232400102066912131385997393984964692996414269949553039630460484877052354317561746622480349603827167
73 -0.0156971815059234317349294917973962788822755631937904324577781178128726556667961296575470965996950797335744327442952071824967908023575710873078
74 -0.0154884815980140683133670140718609217315263065851460772898940169369790393516749921514367592896375296041663038057500377063973790511732657682627
75 -0.0152882068435243035054354558704834296808766057452402425748136140411409281806437113047501194215259383293081671368529607157859272645594236198173
76 -0.0150959082170992158432564516254894946020712716469386827495951548809429660604238565744767827210252596076535539160449603333086482776871203871951
77 -0.014911166308300615721303204645515026962467260526685093994984489643085825768463510913265537620993317020127082309539581522399031016704428415461
78 -0.0147335890015255422602724788835725284013118676313224165830149399689819065677216661696053653487790509922578604983132740576637696892872692409204
79 -0.0145628093657946393608374682747618425872446462488601736137050094471692633857215007169720931703417370720710368381726898121412110897813305138693
80 -0.0143984837329402910859165576524577257295891659991459987124664912580109894170611297538934350523200238446969579167406249820870281273237209735653
81 -0.0142402899451692878331689128917738741658452513414205226532194062198845672077646278315659148121929458547377309079334566333275815348310187675418
82 -0.0140879257551136456267786823234892313533883284386897430580877642817661648748850941045879230229435046494735520201472367520529884789590587712638
83 -0.0139411073633576965453104499279173926196574128527067437015364029289269033816588686573891458474080868808523152386245597003344295799028493819393
84 -0.0137995680800752673485993471586754014358937425186349310897193877451204806493296536139828657775133855363437613419046747831689543859682040304502
85 -0.0136630570988580624261361970792116426489520534021098625406164065040848998867668929668909816670641209080802416008012951419824124913373846085986
86 -0.0135313383720913040507608453514594005449837877926429628471865558523616523083346114433373931488145178393459343286912165040553778184746861598206
87 -0.013404189578357606449770291449316484612691005850770939045426323215200338316952854879817026798725060249213241766780501261242031377336915883269
88 -0.013281401173344190582193553745837151575160638283058267752835099977669101317474485456403315538493224975154936870380064723941093128732103962854
89 -0.0131627755166084448109667244166341777839342352580242808319190010876971057349660757404924037414450799929268682510408524105294207740969128528227
90 -0.013048126067336799318689481749079675768792376583647240089786195881133178125924169139843122594156666387241638608630819754850636728816559579376
91 -0.0129372766429242730301835694674234779699598405285336493990137666465649574154331770331073983321913796132778817719575353205336189378251148974477
92 -0.0128300607348175825089209325108184629566353090561339548900063525336897630821494698035943355945525542022309905919782164271228825412812117305216
93 -0.0127263208766126688367612173625988890022135524871767629601279562905630631068298963929814168500402255200049246867242618167342877170092996072352
94 -0.0126259080598859820979082927450286415504161962020570447359777243580376117988492386206413649137833668897981581055376630213325390073228370615435
95 -0.0125286811936749005107914078431241159027838536143870405236041765963668164996284379483259827643649250191308799986667328661006105454137107524578
96 -0.0124345066039123895989828438986416884616669785837344784873442033084731242842968216984837469375485870840021305397633109796064905140057268842636
97 -0.0123432575694697869785364505300181961928682403357969621952801184132150239934106092957821576314383258674126408034332182571662344028689132287992
98 -0.0122548138917741204439881840782911231870286578928972162666045532340514018149293200134081365364149090644518913942588145167787917305296997444632
99 -0.0121690614952467404091023603724668370590492279916822783148784698443590155851669921695782572588872828089712873150401424511475493400292295606776
100 -0.0120858920560618782139316206725823843064763783333352284072228484321339825455808853767879626881235343680822976722306545187445108227599421655939
