4 -0.80278000333233626075868116054637890233730129080299116740991937942036500374089258428950633198037008311047998252212188907929950622971991502339
5 -0.39346972922786993439316726217396025315925692565102751745714005268381699189815124276146974572199532917761007138397774132608276249388154662777
6 1.5610915773588015381801207340805950284757683946960753269926971125220311437388056333063094409190563327118755056783588949271071739397865867217
7 0.46709436820546909997274336906815585590795389658381625748828992277357598520850576977681824203518561499093622415271590452857693865138177963323
8 -0.23478332952521135187515454220431358839042219278553516155387013315843478846406402075511984683139286119230431270445526431742886257800033864761
9 -0.62519097868374263730587939224019859871956647177404148621201701963906779940453859985342489476838535863872188169031215288037193544156201608216
10 -0.78586063912048201567272596546574091704534140101958308151889560620420024644392228396344373861893248418051196451130960110229684072317228040667
11 -0.8394120621449920204677976427880963792608323323758257495748013903869882298388681175843405388934259200221312227589368958803112937333957804442
12 -0.84713212814977671913542238878656184820555165506767623499028614274479754169536181171120997394545777125934884997345308935116716987574179081082
13 -0.83614309620511323827848470015586352982355708555141024506353733147587908601622420668896332165644912621329669945584301013757453999977545565572
14 -0.8182985026992454020905715425289234987595102667728936934323959935077979385123738424429386437605779660876063918680547414440908753182954395606
15 -0.79877824525286995644665692504741350719475184302849439766128938320102483560849887113223613530629437738591530183925738456647960834455669304028
16 -0.77980003804218543306708234729857455196517133459648143229943245294609865860343368079505458995476864988786278298698623220326369721843872580776
17 -0.76224314226586606298237760280666420482435241001593779689459402044934684689471120030020686230204966985334707051167581572749907863903418552179
18 -0.74637796535462996962668888169683326203770270146993418340682118032155461436194153988139317128140863019405067045377717949728867139673659573103
19 -0.73220230175957177921854710436841953222631719376195317240216671407114822420618611466712002748999418382203151150267463835144112942012692157601
20 -0.71959904515491266398740807311273645465557860153862719862194264141903964134331201495092961473275012736174408370788074867888946456238324726621
21 -0.70841054461479519362482237318055963814344479400419866364318068338636616949646319864923608447921507284967229129260039533895361250600162718283
22 -0.69847316148549784889532942214863864936574317624406451231327065245670915942778199027654464798861066625510772588256934678485043155790477940207
23 -0.68963255338079353231422468124943539741339676901779257451845745880592811492586012714783402988105200327889126997003861889334170724495693694299
24 -0.68174959703581307342380053245224624611153775457879973732692184335951425202550645190372650623887918341203797946696401583883524215168374895849
25 -0.67470182458151163965987146950835032893513164374791608906388027484211265740161864248160212632646783298465380649722648623553209299123030864083
26 -0.66838279688641109336818775031203835694771789166064571228888523543854185106824897298789431381584690890055250025266693711853034812012956138386
27 -0.66270062067359196522012955215275403235284356437379671066451807085703268623552011735306447422303442517277952485929949190811178115515091252514
28 -0.65757620283168735936734386086171307556292255092260484590925778513777373973173554023733732966448753079079952215449080150988612622181588935628
29 -0.65294152363864582595837906499383548660460306725713639323551886308725345744070134332776468159009289655645618770670414453382170757355216373786
30 -0.6487380521574818911725404606460585984766492948670082403387972288563537288192016901787696759917876070738877929837711736753748190035300559116
31 -0.64491534742008907518288752957007274348807134039728588102470810117971027171574681074436804291139286132640160378288811254520500419214130923446
32 -0.64142985017879742875968126676644242419163797278516319537868244408288923946356821287224596387827306526917170193611020042134270386549176248459
33 -0.63824385228622917207510993560613516446541055280843214425803643326334871669185828963706338865186472860404734204457417167557322022814507996577
34 -0.63532462385932011007859111427345278786281027729915393861685329960752782417988673055758223371347028040028193302108737890787520811910075612526
35 -0.6326436768737164799849700132395398796959035298310213912395574808597032818312616374930745420744803307225602716427296236670457487033945738169
36 -0.63017614487214083426509027716035878581140938002914579035892769651998206692562561576225923867215438035065559079792196748238780586407383812809
37 -0.62790026057230618105569649946494466140449754088324963028907216612699595588815906663241695964366754119513666109989217246191001557400711506336
38 -0.6257969155723287350819978438195819123895025977782052797320983379438987989051404562476398595129156103718120726265038159891607514781645279527
39 -0.62384928870800715085287579591867708052219870780706539264155321002510704280388709521858953339963387683568520415022033129109031953956367351044
40 -0.62204253175526789510876756886151274750364869024341672814666737680574707405092449804464629592722874579706859090854542471191953350827466452353
41 -0.62036350303698699592995782839628835836438824791709510489709419950384216255487136782996123918650882531938091255108139621253407445525763465731
42 -0.61880054108348977101220385265752078262961525360595145180075211408141781725821144440656494389646134820000061388998356984078900535073922515087
43 -0.61734327183176118099973717268268865637068188485029313896384424754246912301049601973200787038646658307323547119326757947036646209437806036085
44 -0.61598244396052269243362395159425062440825333371724800837602866318998876339909168034815153148623894865656852329474445181937125249856048565303
45 -0.61470978787929329991691065896030038375006946648771657525415065661389032636041891423133751597173800471003447865864521607762665142663531291937
46 -0.6135178946498754305241037794739135557581026822415955891552283586877522862516846916915561310346930486155022527259395843354806825316992561483
47 -0.61240011174549310076577227223197736770429417232006388152266571792019908402177644135472527121918555370626483665188963189262101818398012303157
48 -0.61135045306934105612236645571303828543272688304905963577913416855391799076151758591264928035019755566701177446686571005648584507471696174287
49 -0.6103635210801759536472507755352034730301663069585507464773263383391675775716337561693867986360731784033812787487162289981576040215275033054
50 -0.60943443922407696801975057373153573989318461333788928092494233191377752089623215152579267613831437856488662533570978406354976153478824045246
51 -0.60855879316204199354846304501760444128094117814571270333074339413632119689090664993595976788243208162037211948061450278674493913521036975228
52 -0.60773257952366718886313383369833220855926374716603208689299026325736828682548432987799643320290937631294989366196083541392666359301558961893
53 -0.60695216111677170394716651964285558971086063201754893896080145996431771469328141861447211942642299882518070875867756101057140991447497055461
54 -0.60621422768881050728353069162729254748488776240977909362587614984475021945048110760292230944166016031700350608542209021399099446375046804419
55 -0.60551576147424668024991575711080903524472441750943440618111444044711306316408957891850682452396618318062178345016026013994196614112469853619
56 -0.6048540068776075022711570778124327660073976932877430867162358583969963883939075232197531260685680713138079051500889563571967865931307430365
57 -0.60422644373870648424314041208745261380286306344880678980114081429321010803084565984765917747382359229486928956996049084623622868615274392664
58 -0.60363076370772851330905670058418644662603159019029876900447207327337370257108659971219577934969858264390300470265687424628394675371140269904
59 -0.60306484932620879542839116719625411697088302261544630553558078025115286789853531035914435728182846594054625763748964610316267433856648269901
60 -0.60252675546756985185507511519268279393470517777887641399318671082777989178267734464531720022945266822975347252246259991543794645448589894794
61 -0.60201469283960605516855350006969243690423596416933003293944914714543382531796849911581429718653632734095807559203601183153830486974967613708
62 -0.60152701329259645259908220728759365888283421407976711371615175868010606858999842072825630130546582168424875289968796046970510052242284391039
63 -0.60106219671179979583472390015972532931826233161020223450427276487341795135284638034138054211012943192938981901465438310837778749224440163206
64 -0.6006188393029456676818226547710153394971237905492501421617856147180043160443589099772310985286754283085879218643849055890898235343342613788
65 -0.60019564310481472950026032015195588644316972955775903431357023147418340892532077630250932049307728545316804227795330510044652824597927965452
66 -0.59979140658479041479263773001339759851761333169551259045981124726839456591053064183090277268792546029714911620952003600710754853617833868064
67 -0.59940501619193881349142503209406627001234433909751135756212132249347157220714325414140259559120718355999257526587197488364005433598417359236
68 -0.59903543875821249389654880899138147554972995094796324513052905404189138907847606201766090335458121136161682319615445068139549893908766423165
69 -0.59868171465217833224517818084002830858945432832831771022304553247464605517717989383956895347230421028884332570714560514731717318880622273653
70 -0.59834295160157474725491016821669026036192423331170201787445960050295004480795689912098558273929809903927401872109618732333767330642757037096
71 -0.59801831911129188055318613032649426896206433944104197500213209475670277275801443719086765402317506639068569024596386870827013076987363242105
72 -0.59770704341227632601611352870277113769149251526013456352926594905367725646037518549216179284020197346670892684484394923798095434765894930526
73 -0.59740840288458990756018440879177308825488515983359572167470309267589727156959215590953801700671157612822675527680839183195072267860786573162
74 -0.59712172390456865547196860401471169205540117722185031453863738876692829818020843287957164640819474171054661196465606165761284091487846924637
75 -0.59684637707187656351094086535602004243116751582398336567637642138439242000887588806937119029337475925795834983533552224695517024678585017172
76 -0.59658177377735027605636161349697426637427361645146547556339344135347012399547522208141790060180983429952609628472932730322070373903700287763
77 -0.59632736307698872799825506197323925837975715943155065085059851497818814998648619422686244091045002871109875054216135123043607520108444119098
78 -0.5960826288413438277712945727764664779311457242808655795613518476479424393352906136492725778971973963789255085332959188319612918196346006071
79 -0.59584708715298955006735043603688694703995718368616171906446968304969425544492872049271936094666216147149834295592652594042627966765293987544
80 -0.59562028392775143790021061197256412719946765592722059714609213772262304960159018812305385889348464638062639924093157557647289796079058507747
81 -0.59540179273802146349660273131149765155549397457038533635806480059262715869978001896788122986427317376243567564993352855882213279148360671226
82 -0.59519121281881163754442313972889467362310315331682276430819108292639197947089737214284356343611923338847037214132481446809885095640573838541
83 -0.59498816723925425020306826470871360407140650304567563894897457424408014841824194547588118464579972838701575774621400664026087151026883222797
84 -0.59479230122407211634890372885119287976734544355307708958069850984690691006235058393139362552793654729382875812086547415833047111428847024854
85 -0.59460328061114883236699798383766117666354384141305797480237988160571668500877658137482927732895111537933581694318276504935123589927277612511
86 -0.59442079043275289321953402427004419969549137103861298656442495589411974692164168337851339272998245599508772408228385000163192235872088221572
87 -0.5942445336092331298056437346454586664759194790757348152414289629398797535152634286793873669388367592598731279463185816752782272125956401763
88 -0.59407422974512587478130578416194598567476251888842102572349961839952347140085200900142587451849983434264984778391396911828313656207686727798
89 -0.59390961401861354576591477382565017185411611040514428433798047593029045694147215162806506678002134268018805986615387450005964079513698506687
90 -0.59375043615616473369882527759306023193848042938813838631617398476663857569248059724574009885959303469221849600444552435652587851212894027302
91 -0.59359645948498028342603870947921028580648898204311794772428454681293420714783144561211150595801122990848886251690496834250143546003411794217
92 -0.59344746005657949456110220132435883980598837236539872843184213811116404260878525938871863146345445652506883486968525397907371003910905783145
93 -0.593303225835495276770864753826999412840744385565177412120164874946239850193057575974448034810389734224612429496906543879631203593153214143
94 -0.59316355594761546191122391568792140449329090904249513195547570554375840982960079975190686196037971870062153555269643018728775720629627877873
95 -0.59302825998321704022562468376441237134058701796414625695027493195954920485752411656607306971751649271897502915043401000147800274898020730665
96 -0.5928971573501974613198479335525959757459930985460438257115141852962100033646847804117088856843412296162296392637559678293030254640024916522
97 -0.59277007667341813366657150492079676249315706972619787234592751300808886601666979173834918501853582568995139961342453474711726680171918536111
98 -0.59264685523644498237210965968851073335439721084338919247796108249720328143696619502690072244284087483657629979158129242753782136860369026908
99 -0.59252733846230388943308214526881717877006687169162028151811126762159627159668899167301682553665593339518959636611040055477267746037763276039
100 -0.59241137943016901883223925327369848259871640985358183264351892922251285606684147290448027128550215862902550627799936381330756878575495592082
