4 -0.027902661252040532945252764058835081282107431783941722551229842253063886100962025440316914778264266957882029573009566402556142832858745009
5 0.55788855705927133570775782309350962523014311298538146761915229166284372395957367198937178089402534066112936688504297786648301932221229178
6 -0.94319867819357707581139780150827622176250276807480811121961004582556237644135702573805228906673118042254095442100410823130255256469406422
7 -0.51010702629390033179752731304495287441995631698792057931767679039767285561245101312247475282625988106014775256378731564995024318890923644
8 -1.2172506871010365843895945286717077543175823365180771196835276191966718867305646496448765212790160663314281417398414314393134559752848909
9 -0.45878914465922298834542775827863075824374951856064563693462316597459141799488315291229487196900894095269976753061169525929203442867128092
10 0.10549755257162486886043245850225974372337352008533157054326873351185562870603723075607214086766220953104026847947903215344787711176829232
11 0.46309497473481464445074356418808052289771357670843573810940511088110133355017543584249366573044982632978186750293946710200842439167790554
12 0.68390945089103931705335405155133009358904357072940827145032844155190450187040499239425673288902885800760930048513988428943174870971271281
13 0.82036211037662499943077924318909608295322945500395300298295249403406728542325595199180658769406145551208156341116562797828756825503915783
14 0.90532567506905682216277632277998215370452378410602911625222211701451951280684006634413050484564964945839178650688060986903811652383218065
15 0.95860791391443426877953714305904713574165809881885771073987447895807037320793473420949242538537093716476105785997992137131481608213111306
16 0.99211745881718919241056079401262553146702751637497187702285365828655926374778685247048266511678068489183930829426211602705952537269735839
17 1.0130964089072828507978181988987501290972187292690258650136446314402671608062738509966300221505928203813699380487388069866308554049009368
18 1.0260216860332733145915446317757089619722283319928151820855929013325025628012907312793618117223584549803724398082005343320840142980814528
19 1.0337097449331746109330301649569992737723769172394465291823375580022509357905575322907439819172856034706941104897867550736473807928455537
20 1.0379626751490753077389738034010578772312503519046275208818309276952135794131541539051056765532046930917798099799946934955302058837222199
21 1.0399515562121677010575941503420146060484768656446412304085924257299961717541696228361369365775039427769450777297169588949820045377530745
22 1.0404479075683666303108553732551581581250074683923827866787746080255593156386982240369091925837260875328422012316718683662768535975125227
23 1.0399659874313608818740501231106937019346584100030772669089407038267842455411777825105289422299283195473775441703720604893113528502707219
24 1.0388518545356979358276712846637475183756321494932720862436255641647230789981977304818833154699668528721971297638162360158294470940459793
25 1.037340063880244844932771301482898225740877676646475241757421574875654509980191713202458807439930196747186625205116306601686169258074642
26 1.0355903353268718810770919488244536440399155266507858061561267272462297601449088450603860332486388672589824731488029813992873812311956748
27 1.0337116190589805168452336764883755160490623586309547856758844468403612174070562086528686210693588484350311723561454675361772708277419811
28 1.0317781026067976546774261940537203365597576356124267428137384658135888873291172326954499146276610104645125797806644448130755600308728908
29 1.0298399881483632109917905279710860438528594693287369504003332262743015362137960957621509730077758841974674051784805599874721762581285858
30 1.0279308286981227448326383521400110617620186373738250000161343593709329920953326284646875069557033671947928030519542239602164117856039997
31 1.026072571036662814214294723636680946241009888132929403660669953636748796753341922697015912598474240649094504742626168874131537251579507
32 1.0242790523257032635349746446774102713533086964111021324363015794782248071431416381195942627176943150498950195192957907973657906313239382
33 1.022558442805507140739523728834607430993508400961657759398283910133733117079703705377154227466515224339331353727880266274654473918425788
34 1.0209149631057078637280527080856527137833221433488564190609996409571470618988135164518694752730860424074430001931065587916102072898362059
35 1.0193500978332389436273530345680440262538188068403156567682041444963983043762602559145340510741348374728270570706393923958016842003700807
36 1.0178634565537280997768047204402236165030303078950195336350989629466439210732837134816738705683075513047849865196373253689044767830642383
37 1.0164533861788298520049800791199320034187002254580591627934482046973347211937598485648943968169712141790677883626849671491390054121509074
38 1.0151174069849228613306052724173080641419023207037244403970291572974606950690258711822569579902278046327707645320723731455017433092507501
39 1.0138525228238435584961354009456969237647217609054599824520228366230675542609918230291410102741950723139415176241194055097819920594611944
40 1.0126554411832490290944885955889770075607405616220259668613339501618897168741695107384509061122272081410307559196173361007135537963310436
41 1.0115227284137441495440011405444022821486671420513802377036300600431592113021547337388928824402220444274476985105078017303669763649523789
42 1.0104509182075308439291637918792407404258853603729932536502258783505642715010592957654860155357645785134524787219363027442379312671621669
43 1.0094365863171290473362983416603159627906406741657915483469368400365698600767396089395843665392366231824430246811735578810340991977798213
44 1.0084764008869972676648529066551637972613631299924015422200462930814766143225552384685674032035884623339089942312089097268788042200652898
45 1.0075671551892795071405611305123461434114076893036662886855526963490261527015348507715900861233188026356475456814802547483264426070292207
46 1.0067057877009473354791936932304427496792144221203480928347306985358009407204824091101184929865290832576159842067910530220714324526341136
47 1.0058893931211595617032493746830887568550401986793073134017659004471690950834383541389426274053779682168781610414310823393149167950397697
48 1.0051152269567782825737277974972625302670443230444721314158620329612187478065872387527435934208399693542095272760704285463818515331288405
49 1.0043807055967320889212430203468418376349593740546794788406176595731270422564106454750708294162723699138903222391966631156311786910206795
50 1.0036834032788072323081627114601491342574813391574793534551776139719457815486052067228934480464121231038530820034585023954993849655562069
51 1.0030210469731669495227157130577625717537979937824901001466963128855070048235817137826338475240631852168765451020748182285409948879338982
52 1.0023915099279970843786490496328187212373245729030144193805338690707203072707700206548856373714158808825974448223433715425553127548737034
53 1.0017928044171891440208755131680591819762479049231110374162371479451359568812037256444581470130124139834117995622458601332791440485622924
54 1.0012230740783853152215023539887317949711231394772735989133269730752609795193065336624159967247439526357675045546011644780922256738954349
55 1.0006805861178310924646915104649733283113069616301153652846497007767428899564758679872220482743691384400344664747614267950222718524245753
56 1.0001637235759411179682617263916400736529611079638648199280522571968670266882345051990635156531860168236455530673404876001877802376249469
57 0.99967097778667545758721740103705832929601943013558733542617409729532254036452186164410287484694683209449788731892711639352650675930923674
58 0.99920094111914435426952699538623818522273875306347386147054735605673350047918617539261440245137944438840957336937711747121037134759890734
59 0.99875230005716894591751197375048120031881739724775797839613921700674751821799589070896633430002385767829555828639239097325292134987019361
60 0.99832382864875372485961545308947172313836126419671597958116772864889957719554833558756448847215532845006882977830049044203274599298573835
61 0.99791438234029138046617876318261432875088018740724384820117588616125428370244935509821814836476267956571147159867489294828160119027663243
62 0.99752289219812121716776227917459805009031593385648079718690615650818604748438902614892858450482406067491523550766705176631640091832699133
63 0.99714835951152841140374136156097602615240070095130681278443109151962572286228633980937854983462742852852709769325157050914748552543122813
64 0.99678985076545293284047156624651196659622925622963679564616742757680191658527112661086768046233604529668354213311039605541849363158464201
65 0.99644649296736262070471191382891484117598815685193301263897539771602834056393648993816893373132638814667723097673630224909347413238305233
66 0.99611746931040165403387556195945728676699037526592887998246028406596836348105409215618998515495965781377668497562329986982936889478898959
67 0.99580201515365408833779191135108736902441021655904383516836648630681046738783427685774150468647485410043476144518123247288822865744811628
68 0.99549941429986316134375472274644837937190658335460839867536489191852700070357536218784103194131280689583244535978581380262647881385522177
69 0.99520899555099703066991512493254596970346316326929394427124010717040712826726475574548779587740137172670639081941149783380100199816288525
70 0.99493012952248361484727387689292209596830422229605403032248686103185736505493247104740533658119062647617188738466285218422037287926866894
71 0.99466222569762717512207302961589861322022471607532711091939185876937769313662760996307712255109773783074890817604490399299139597764865016
72 0.99440472970457536730156264815703695287568268981887747796817245379295517105291475266774348387779330937248990379617400871856392570463971515
73 0.9941571207991601973428380168509955411095306937006279876705643239310752260505795262685594823529923725859683558484967348656204448717999914
74 0.99391890953794043870789546261073166012056415920953228832882648415900633863272152489083274245388110185786700749511806426977890198658511434
75 0.99368963562679120488055686385579851074345392365779430705485507964326113342357599217178974173809317035749915746930595055389119210915788287
76 0.99346886593139345690947965474490890302201211565465916982398274013720953736541045980595482690338114016865321051898296998618323531443616781
77 0.9932561926369549496165840669325276678230638006087424158083710601959259892413861349627044841465608606696833198844604501845594008625709855
78 0.99305123154543294085350365464254515980353270101511597956757807762248742529937776568239284804336348586420216143446951445948690663810062011
79 0.9928536204994206440129371272733829528900778884321497057990021649508789033134266218593310321678810586744941302818925467456031317291500368
80 0.99266301792269977922920308260945992939324574470659812624302383181389699141275615920794001016178616666047917887120012522788761773951600323
81 0.99247910146824884741388021140239581606776423823111989277731769811979968091016870490106325299960310643873143963626978618794837557886516779
82 0.99230156676523073071831138347370550326636928154297786853488129002385397789961133176866972590676772301939361411479936526269795168080378845
83 0.9921301262571648868072458392400165201020973984337843664879480965216816055415116434512506308444003195140684575033851643133856600332693985
84 0.99196450812412051731531157047705607938272804169645707479457792540860114879614266242186539302110372982225566129005881694614380381069486699
85 0.99180445528234993664690779320874977192763243932226932399253130300641806538095545412182091260923146895406124872407949696828873313457614253
86 0.99164972445531854625570529636588933243769260294799477683309975118070058592555534244206558961065648264495732260733635937505732486609114378
87 0.99150008531058210046849529209115795078649062598842124186287969418695806043753254260129965077374178246601257783915478351249249607086071851
88 0.99135531965741616220231080948983123352277309486389359002542198324318399427646588115913603218371416761015527604020193075048321101480948943
89 0.99121522070051960362498144431446574445759513021082383597149023942303900160627262165995451277204810905296062507303144473670662781250088755
90 0.99107959234549645087651133476426761089188941919126017982036713703417637095956196405591789710126718996603343581485459506744169722087013769
91 0.99094824855217093989275715289129458556972410071606107298772335149531482811107703147977322789298056630645358784010970617845403675133238926
92 0.99082101273211184884932643720311501745943694629720715918176126116288456146062875084349341063909865825836947499216842799487247846775242264
93 0.99069771718703636497169673849107500099281689543263576590830155221722103855724595908056645667297845024346729997224314163150031649939315669
94 0.99057820258503314250626641341272140601178855932037216399764985891199627211607657981102137793683692317733942851060922390099295292559022993
95 0.99046231747179087593391502604201171736157475787571683253337882044399624505255194934527762229896921848176131560607125852081265115628632983
96 0.99034991781424455990924444255076838678418367430918874826409454158460919819496416813372574951299072230776252293993452586015148549219647828
97 0.99024086657425840188440621273280207931288129039886827664898551239134058672013416232709408927812763692645399889104611132651915694040262554
98 0.99013503331015372326554774054542578831544192443132916245352368739435998210064316477073328952698802914176257044566609440714943136980147924
99 0.99003229380406362731483543830910976148137793939756205685939592841033901537740031311851314527847187708609664090758183274947716874001957472
100 0.98993252971325510056326647603031103482412386436678621580032194559450785451213403842837845990951420727496752675314995973732138020262423549
