4 1.703465433835494316574958504519932737263123767562438658089110214638792804921985945864815034617574611793478843513734985685781228459862922026842114468951
5 1.1229759612726525208582840442489435821339629273238271588665340539248472952563571674631010438231246755097605753991624641525329966528766497279968967412
6 0.9726785233799723998008872353719718397750714175920842856819804841285663588535134167847301629167102703138117600271668629069900274420635323951204738549498
7 0.9231271071318421618916145103597751344375720764955149001458069866633895920115005796719398330246180231371264586040868678394977481129007509878355274541165
8 0.9046345107166828605993931947176661542840876496117339153415588639656928465776021624033664180855469012359126360749954788024647601630283767301544203539837
9 0.8978265588051230268921611564950149579210138547261896094289408488496151083932998832138660190965536612448887478278825364819696991774468192589561098108428
10 0.8959083380203112811159706155733519887773522766078836065787889555432815016065758338339408283015949531251584101266296319500509793532712800455385408331191
11 0.8961303463725217981092366859263342026162460279927546236648337661181767323040694836004943918159936110323516984860631203791377794661895806222227156237772
12 0.89727707956024868112816798687414565244841978236791266884991144591176297014888828134211107473590410639713596839246962691071466924134482741451411552405
13 0.8987822131241971065907440725090347517353138943339841406122658651287621684918586007480952250557224686003522622754399439002274015260802492896563937577189
14 0.9003755788315727552892114988657339382655148041919263222971527575547123136228603859043848110765730055152112366220176179329604461114747733899439579550745
15 0.9019292187212378809269229421400286132378732324791462400542127383491852811790753745696325329001638452862541521346591047767114366250823213563609381476414
16 0.9033857356232898351425228182942372438871163544412301041308187469347536194605647150036896165757862589401286473549472661106086977509821587372340599807081
17 0.9047233045914460866773486100027664315304098495660650643074942204468238841387706834542861226886982260097266620828905616652372179184938097729062667296147
18 0.9059379817357067506557822924630950768172075038849400341176936880923134388788928840204779308990398339502492955958549770131967904990028273976202347714312
19 0.9070345466746626130527515750763744794634273604253666940523088250237643742288889180195127555706357136312996465210123133224133476217765787844344563978714
20 0.908021702890532687281914666503467184075081936699243585137329670561368796648587030798488798580559005990701979413737622355863077211065220227939635673483
21 0.9089095623044776050551105405446977200295580883112179229737241901729506935755270109493038419615519441320413071101176920980538947765691803417819467168175
22 0.909708349320642050368627999250698723620526517685982306537738502441898849344117828152904011446676810612415084680939421079695850436441108440917711558795
23 0.910427762844179275834972748242838997829023863589859122648474563900920113602273912100882428844736131198497048150071144548973012933589766934660968385345
24 0.9110766939502308299678417065619386890766666017741494085462530370932652695256922079715638506656561016424730379993510075008513018983054599954153768154254
25 0.911663133930804642102497397363766107565319541906192051981641219707057963827352312775428031077161019840573799902273866016587594282546882182396591269537
26 0.9121941815079069822713529565050585835112080389321769386017614140426163979940403397744889292765851223154518503153230891674476312259263408982616687285748
27 0.9126760987235662586736765229295894815016049893492598023081966807898827902087808162679406239776438218331633931677543598015670816115600714304095158636353
28 0.9131143877036744235150246761646619646737541438034932507829856643320444609787666484639626836946766406577337839297017307721557132196460575837535902346643
29 0.9135138732416917927687216511163592135772140223694264519764884292997571098202207548790029008384914693986077281298912146829401359418948114533351554142774
30 0.9138787833400989109077952004581769327116453878242032768096204166330879988468587191075684953980701181883747112455262196549249580149184759112619136703053
31 0.9142128238951767546785451990832089759239861908548131973578486569105091294828496109740711617588420821202199544253711236356624957704357714211485315279604
32 0.9145192459649825345681361399251730581422882505223422655345813057358249397645301330123254798535245955934198596859665495760363697453727490674738236877929
33 0.9148009052873160771920958757263787151567980821426666007527931400830751139514293025433186395501975262559792782122078921575894860579785793568109443546708
34 0.9150603143530783564248044553955417163069327828325896649343723606793414623233306279638265568053954690530869189465058891843778675608796051085314856528942
35 0.9152996876442720937583976216169878141113817145552812424958665309866342780837608735564547148692443365841851939842482827775274274578492583895255047468143
36 0.9155209807621052148296887510248691366773877361041000309087605546737608543189787182818962120359841258673503798041998138370825833844215319611028338664133
37 0.9157259241846764313413471655925789826117306858208618475845916123678293706478304763313822848620453621882739695615300775557774753441695887555052951321326
38 0.9159160523549942825512256055885052748243623558968185546283729625671182514298591045215708749198413559291452272440728692154598699006836801809145947821201
39 0.9160927287369391569277699812364515056193108070657690524866075043703955633613673368257037217911708407358842245305879442800666673664590557278154388059592
40 0.9162571674051481679266296634297782707529906339306749385361857722781158936143805499015283121301167476213974256590121045805292182661392265983001446191434
41 0.9164104516633334161674364037966146894854401235824184156733862399149360337109756976559880070778056636842719410042041807842521428463808559794014152857986
42 0.9165535501186411053739063559399149254781249505661668622994993800727283403108364380546584411083429498113652613217036242564478853922703607006990832824195
43 0.916687330579287499542527368638002306449165817362961155900206910763338804576402017019054615463806217386337299870217934353143859221006550923824396430912
44 0.916812572089461184075870044268571430067317848044818935212992842655234145115545679842286005355295352684487997454408086033699807144446414609800579000135
45 0.9169299753692124620576303914525071163727329642540229205260151330372332098332577817873093163773043244234821458301185805930338881021877088671545982899213
46 0.9170401718872423365729266690098216692321216980784237941529888618961993409475824320671756147923914819224803312360905734487227053390823404550248739043051
47 0.9171437317604803404436286087497330616298881868437198144551554862239983915465833767470254383850831192154590979639216123584949395902284119268033902231587
48 0.9172411706453895315256210783458866119267321652526346966849713459369234298996030254493520424683539105365289686835790994095358611211653642810412150009331
49 0.9173329557613713715203132909565382661230381539909026376435075602891098150814499073423726774874303931839463960462540884634127002362686257577782771291191
50 0.9174195111658333513976589554669594597625041493573298486978395506662111790475430461805617039967675391617694660565378093057736071836992172230653835138048
51 0.9175012223828682692284326020082654150908215031800479418584528185428174058991111956347095565678511061873476415861430137614199708651934269773392479288353
52 0.9175784404725878472750037802801530308334001101388486130622204468912199411280516898235451028957320611798599498453737525332958539142848043414946902213244
53 0.9176514856155348126544830506202039345809286079060746104081613929887545476857378323576845533824779135886265485796419834119880772319111455153191223304515
54 0.9177206502759084078112280022759684722368775109502339289645430212408976400460222653363093022846023832046618904875050246054625347090415572648984627002189
55 0.9177862019982749141763591169506613281620742574396788010716758023479939520712523536249661652869471397313469793040943764238950165871259061130485599858908
56 0.9178483858847409203089455712572930046013575074994675722358577992146704415277513088568038437049284935507061876516962199082861847398190081131089903938624
57 0.9179074267930270997000450975102810565413930094364560338442243009436654994150252343135489714212432233477801392862648030018668902674849357310307890132659
58 0.9179635312903130269089014701500782115377271324086675391368497426749834979161056294348207677212856209896569723675422859493663967255100158837243442376387
59 0.9180168893929770195914573704524586586162779766431535616918024666339132610448797457448748070337645220803830845322276447101444492701251499395328175940825
60 0.9180676761183016032615050461913529214389698737193984266589291385392723816735414012206560669106409054073541325265981081116671488613607245688653930111454
61 0.9181160528707479459885024289369084576074748783339938704725593186947375049987769724809356607222696050414098401371558282059033211400587340981294889027209
62 0.9181621686824316819396167443578786637611900081234680721580052828107205672327115559453712132061274013823791636601792540747429740642264274972943136052154
63 0.9182061613248824896985397421836663672974469483229252569705565000535691616196247313230166022503409787816775302204918093973964953209475251643316001883144
64 0.9182481583069771813090179048953567035489858285774259784248877033848594454544405952254130404548558208953305814369945106352640341314948367268670796056846
65 0.9182882777720474997856218072306373912263148833404808414005697270156161281806961984703753070832961485833125267612210803465691508375051546808538453114921
66 0.9183266293055343205786126620315950452026994550670791164573150197838637330684100395155391409903924330086234928242173181852065547450297399055255842153687
67 0.9183633146631515341445710362938124545559564762703124122369980277001151891832717057058963165409083837292762581687426599203463883630707712801397896866587
68 0.918398428428303461622458542139161874682557130375848459572154555542760209081376488441186496841475335432778147339916678158559539864420210716875550511153
69 0.9184320586064420625783984030094293929889308290363221801415620148050545472768528654933389833281976953653281769233480101780304518100271011077504136819467
70 0.9184642871631314086191484222205277934858599437608648865488693163989226278456988700433702915203685661927112009529633377259173237128090818686820553374946
71 0.9184951905117873710463958865622913421157115419431866965417051690277586881132652130243744256414451068491756379869488290927780311542459584316312226297146
72 0.9185248399563635808301532337814962735283519715197966791263172519633912624114100602001914760794556257058835967868475191579706626031800188768805433884076
73 0.9185533020936463053456894773169574250602293446155666527990071830851892787451772581826695052407445035595950067488271866659975810706627520447162979959332
74 0.9185806391792888681288273379639567678703085629836724280228196589998648523881024355945977174025714003876225152403728412829197291497674188225344833929203
75 0.918606909461250292094892377915774305491456410408395767725154654199532036804776567174780194526240157220610480432468609046653985266943408461679718951559
76 0.918632167483894137200868692441546081602313497075702714660141685295950470946446860658699385851002108657439227471620438568817861335577782817923356811693
77 0.918656464365644455100571285391904954898410840683108336172890236927457349451231206557228241686728731453405607272034620667140235943704293033705400417342
78 0.9186798480527798910417710271932639532502184244856283747204466079021428528145406076702413101285143075432455228384347346165616283241308582566649078555303
79 0.9187023635516686324123686825899526827552612612559103605778258795582790514915472247288411130587675491195031827683176734037155061152817247142702845335306
80 0.9187240531415013145488223919474519183334436558639778915148362742053761464578322572187538442228317850203736839470050179863188615202460129490851301401098
81 0.9187449565693619895975743474006963522309115366644456406023338212529456169993585548249288433188421648308285070408094123451269624270587111081381796061928
82 0.9187651112292852503278609344673881494057840803136500287450045916832148835233389715934152953696419352366814058766902995693854798217463459546114800980718
83 0.9187845523267774683006812344459380017786735162326954688822375391242778409709007847793139935789919414990319526670833848286399383756977272618131747877752
84 0.9188033130301291595594997737397896360952960884076761260381730655305389498660831689965863431166244819454054858727476750672295859969479043583591610327445
85 0.9188214246097113915691515580889921303552967747452496220176542082256142856281772776825092250026432002624403518126261682666825447217726395795633467458417
86 0.9188389165663298588066115577543422483004015706355601319783184050933483886837418935564461336145128698300512397105000190589233442066611217025049596375013
87 0.918855816749604010768530675878558262984060925567186158285660161695498880340203625212472765917519227745158025847267817289170455149694615084743657640113
88 0.9188721514672438717547504952403132904596350210282039916730148276191226734943796627798315463823089298088527252924169793335124339772968711728804391356783
89 0.9188879455860125991585019274600517135572519854642957257567627003297945130519493376887672470203073904822609775718520555946114935786184901120287324536873
90 0.9189032226250872081705924213330207670935350705367811992220197199231006597261714997972290280051764224033985899432192112360955560327888973976353881407525
91 0.9189180048424622145823312394960215715244465921391732928209195840171129296910906693636865561136599484834871215222880965048639034770829839181403523574718
92 0.9189323133149803098213841497432389282467324447495636804610768670288902953660892933398517781173430019425859631724352054064237396227870122719733596549028
93 0.9189461680125197900723834079780943597578309249594365709655791654610767414679872781305984127410999352195081455363068173920684287267760259009867847056606
94 0.9189595878668196170266144500084883596448686927133155357527908478874239379094851268171643736151750502231331299862855870456635935168782431710269046796442
95 0.9189725908353790778676422731834068624365492260232158192547233034268574924166144343740906747121824898320116170811255799210818211063510213894302257653584
96 0.9189851939608294958963578971223053677482074834825731578301427976142088302115900206720568546202902204152376761297998457022301368484267448318583680922004
97 0.9189974134261398437991345276943281751683718555904164865577212694603997870302313569063564945977087634769821667870944076176066108685661411832844122004044
98 0.919009264605986007725856840408914035736146028016464398598958975356722267448572070965352664651961841950815280241521060982694389131399667065368877165874
99 0.9190207621145844695741550920140611209364858984870213966187178565542186824480529707961524384344374093100073326807311902774539953158940428088675878374685
100 0.9190319198502649873943104042274572268155466693761609210566380484389993081380725380597486686241414395014504904484297847162428439964437756633279205409656
