4 -0.538592697732290013792988956971205787282364970950114446154507201061521487533675788001525538811387691841185012481913400825967773338129
5 -0.0273497007061463004815495621061054007100122265261972392986771058072467742713073342620413239117343706519426514459186857150482437446144
6 0.667315625289371915116096576081578789674489445726401624016420371473612951603471741874253223547011479758115624235814202664789071627341
7 0.232954035143912658525210861800475332191660592267718086653060479531621452254845010735496897134163247910314604286375343468444029086725
8 -0.4870862041748429102929863709239163679370049207586841283576938994554552837167926107535168999513747468913029052724676452636718722712
9 1.01016035804940681762930602632380431771540465075458934620301618865115494427314783350512215459072413338393106641753980178859306470666
10 1.09609482085796193242151558372106405661391770748399507728368347536083231603381347437618763474335283234517568738178014150843478272132
11 0.602211862595888925593284220453014001360555463936078946154062928071935333032631822572012723043153565252715610309561613056778063017392
12 0.264051837342970674858991064462303798368176070926277450935434698237762736208542260566491327020957744137779565495357791761146901534063
13 0.100795930140088549030217392165166863003532587510967067952646196782261677509028941588282334607533408344259056410003919829964561328728
14 0.0400818129635351258144021879200134893610244349933650347477621540606344958219765574795157649022677834804071386139974637369198881313334
15 0.0305948385949398668322740337069393426981719888133007188655041671221959600515814187025021867221598695498553271147396077182984488585214
16 0.0443632059479598163359936403596851288845686088093384355559494552310231096925773400473556825006914507013848057452495029489587460998889
17 0.0673302171211835752474721918762212380717369845195362087420158936262024166379566902486095046898001804352961797337012189748586297433036
18 0.0927325310255930064789951529898132280209581035935789759972612771794645005354190834795503138893527620650115775552156745829126447736032
19 0.117472527420541420507728496010783840186105862640385016782178445401671239933880715736374095706998500959280110219943892418905629448344
20 0.140260065774790222397697262593676051938943612974826424815487188733132281817991600701101290438044746359752597146965137529841711547036
21 0.160679562024018702485151619315963387526034978846886240054369199251028876613757845979629347407938684296353904210878821987227226932609
22 0.178724383662497283608012076168275557218653706317457501126642842090108340973691702007058110100991993789622408247458996265590459771646
23 0.194565560295676724216346978397827573272936185968454209272725748813533657660494603673783912764115162370195110856878220548111854453879
24 0.208438201869164989403644958881767767560490225936068808511112788537170753831471512170263071471752139620792569558921922824748266876698
25 0.220587223563843168918631093473791961272510408124551564751524860691860271457432730838906291287479736366268110437469240367146278222284
26 0.231242931625646151420983360489032862333892170596145127140894009488860999126915588655204924315762659768445093902928139268443401350748
27 0.240611512470024454101746446523267937042159103938767699221827132147325837681348335419972022395994263814203084285707213999877795477074
28 0.248872787731173215642536029926956540570414062179975944286623421513097720294618054070710185141817334160021633038017404026806144475291
29 0.256181334525194164977484781218041302254601342243822459984238331832100559029956250676634965176942074535145158749106101824493442843227
30 0.262668993880906582030634229091179449752583712333543737043999967432249792124671769233668742112753166905600998905558316055935627286612
31 0.268447785901733619251907602853230858731508612219056498345686179764283523567417033906431343799301313476103310694523383652835179408579
32 0.273612765664201271234867092415333923697931332847494566808183037140698054794711105008094786473805166334102409790777475831090973940183
33 0.278244618818482216945707984256761589469806961232135373625859229767854881310944744099926822086375537361142894544107337106721564476362
34 0.282411929521733614711432802430437794352919781833354530185032662878124194331034799936376544171055153735597230696652657774898786600018
35 0.286173118177197874225260919500016970112565115175367776723498569694367452147916380813643143599124885657343241849702377913730084835625
36 0.289578075461347675309056313838933909065886798858592276171635064515069694712794342810969109535173120672391633522510079846283679561207
37 0.292669529791908731087996249936488732875425380325006916726300178574529418586694922266116669324604945631343720315179976059078109098227
38 0.295484186995552400199918729630282044247192664846257570102294949573358570269996343195307922926639630866255147921617621780540688892093
39 0.298053678360074554208457502564825836697755772781980412843566007158781177681714300523349656019529635843248922440221466914148602366244
40 0.300405349034350894107697832881375044835215173866627439216364751080966310207509492521714209586257276246496711188219678821799302287742
41 0.302562914142866016856617709785625947834917931586347839184216270895694918473338166854862257833148086003516348084955892505076972452004
42 0.304547005612239589279576132228924380884581461555698912570054170904906066170566230127709728172692022573435480327837536786605805374541
43 0.30637562881532237627504053362335242616612187322436289260116846883129259545151250646906310431344105501359185235617623763143249320885
44 0.308064544795166009996718172319391244808395365439612563938028001492462287870048967916360993309991447666827657490265951233346406243541
45 0.309627591020791635981623542755881926006142428608269806959565117093784307152225004090653514316449982659824406730970159176714295558404
46 0.311076951295834672165488504365225659262076137407849895059048466888340328344068125342539855484599516028638095054158013873386767960417
47 0.312423383524161425076842269979763964463427609575611250349971458131527887363988963560277056080120614247658302538798736729567822337298
48 0.313676412467975432654642176329268367562231726130050266604629916387414483842046941170348077309417822933484254792847243496863940257966
49 0.314844493354122646511986148895628971983225104861328111692871317570875713130545419919782015139611623221434253329723585978210634443629
50 0.315935151141487649130601983842868213326485748633974578360845457115141574173752011511002008181737299486133139648244778387219752301459
51 0.31695509941285235463247147818963620035837342171451049757767880900720094412942956125039665522435510162714175689642271647535012381639
52 0.317910342162138029097595414038794287915252018330316011071594668017197490657672206666316889309466120116743747621466857306849284773532
53 0.318806261182877989631934969365881453432656573055543816745904733396298170567484904998052597268409543166052739728243774455800541993527
54 0.319647691301911420192568526117114715739243397717428641511954498112151771874304317206007180967727304314077002535678841589927025286017
55 0.320438985324079453011502995131353650194855709910406485227408199468585456967277589861541521615980479519600482437202447700329278542786
56 0.321184070243335750070932533154584679744291363563618391864938139540856684005765007723459243082210098541897077607780146000348640959464
57 0.321886496020403714885812324451419736435840157617059637283094649782175698078090474431706300244044746701793698881119586696340848917825
58 0.322549478016638285346644345766939500774963037028914732477539036137982179490397122956880428684782571461459346537047676829434263529315
59 0.323175933999786812336723440058844798045947671307260081222155249963865924824891381745197253197265475958042483764070589269275226650913
60 0.323768516493193006441748646527086201109228476750007481968722260944451046053759592728581851487064946744632181858324104025295585986992
61 0.324329641120235183753679307289206389066590389858522379607789275084461900922406554242427891167373783232347622217950933351950623745964
62 0.324861511496049826796096448088485773152865594469307443321304216969229628706533487858367514241286850695859601692848788558932228082876
63 0.325366141135306018306833233798205194915608342401223859311561024809478508103097035372036116842774827912200012441611430487228639984491
64 0.325845372775073300626366882832765716630930066559341760269422176913227647790485302738828157094870655055967085194917670800295421309155
65 0.326300895453308598362287274397523178456164607218948341254110118715671232738364713700289834830691396245102087197118329043669676859123
66 0.326734259634252976671655494644815691605046485157743758375169567995212891019664245594323351869334428084650684878546202714812518883491
67 0.327146890630501530053716664461180892869465618284221754104469927272306000830660955404820742151628215948162241702501621001128576416621
68 0.327540100536397851705186073629875695730253177295012825722482692230219888822483855646015485759589279319699549504678057023414047395489
69 0.327915098857646127172337976477053974769289232733707153787497951640749757684920939870001232325740173403027118383474650504262513469102
70 0.328273001996753413977849417400855705146714432512131862360943543212688554038956023586023048827996734041558524361999173389343585180704
71 0.328614841732388744374656524495831467136045195961614704207180891781657805104366678581431288432213085133475954450697143402050752129088
72 0.328941572812375239389311233274710611482751986907291450087871439602349110113717260751892757114474717777424091280605652969396827577069
73 0.329254079764319124330366413417348860322440700955055859234424653773706730892773456206501125846003726340852565831575465250870503578775
74 0.329553183014411569947506942155049214635282353907240831000052629945953044551448872591328373967841449007040848685826565134053805014289
75 0.329839644393370515971061756190091380708013211047623219713773700858840430307352746954945329588680513071784815790453436859388058144737
76 0.330114172098531557106591029853166824809689258216026271361329011187172427467138916107381267924400343261169546071270241189475451330612
77 0.330377425172507868201623832894976341850594616679859981125404670054348082344914811203368452482997984634159104038701187287613648976057
78 0.330630017551416048623926712443171903970202033079755841368012835128653899549566955138259688239532738190590146926959621723079145038578
79 0.330872521729236874288730727333821038881494744529137458337159024072846626520853662152618209349447008004065948797548275428885899748448
80 0.331105472079303215450032495408598763024955343881214794577852044116721753885467440428205425662166121732149160815978204130386581297358
81 0.331329367869060074014290585530351905808780814971623709537221915886703654027362731249639113603894176571328864017865868037078071691898
82 0.331544676000020719716553404855098726142072512041235441578893286612666142428556789932968710288878383889905170389427211924738510928759
83 0.331751833501160770826536667649360350638446081512293800578605891108448114498807682688442200364838585984426723069741593101796351279565
84 0.331951249800774378144540222048840916719643836488591384804145266294617609184772866173983387038036487114038694648259324297860402857839
85 0.332143308799000047448300813885600295580463381781924433122192485336307233958968301160053713381806810704647354929604335089152087067467
86 0.332328370760753968359029664776816806680639554522984030447286126667689230867810254699908917930208369005615785887329540068380465965756
87 0.332506774046639731199993238927949183606759592732334384570585233889019377572983011198326520420231156155001398924647718834539780999991
88 0.332678836697495356424179978191352537769637984751948635177800472053872449847221002250418325161552739831357137760762672945387453950199
89 0.332844857886557596195672333359966352422027434008562746333774779902442348165528055593779617737175547364525971528510082657975887727759
90 0.33300511925174022422454523843047693230318162437107453458865822004260684536238741833429201849699838937923186011969081443321161438783
91 0.333159886119212292633386332612880846668948196626971441731367685745926814713559704285805696660776012609298775304299785958198562265899
92 0.333309408628302344128248687095743155528351264355169725603264202556476892203487496340909341086411425843116123509360920431121892897829
93 0.333453922766726515373210982176860993404090656286953887670341555341872185404955896407274332129447272253754583552385892156114265859082
94 0.333593651324226068202686062929459835856749749469950465750817918572043206059270267606664596749883133115188569993830837136481196943064
95 0.33372880477188901631915335140344549783847926129782558913563497749693168220802184693201078080164441147687067384381132831390325527171
96 0.333859582073708909233809421012705864658118973427695257223425704299026080340261313624231576728531982052498798763490102756563525767658
97 0.333986171436290820452112724391602368469609481987830227997770119288092758442529594262182377436830533545291724162340452513586148977201
98 0.334108751002040864912596038735821842770435600692435624451507130212356684522829327968156354562405761689050099057878131359595940289185
99 0.334227489490663027733823890035997198962078262866104723489312982900346802984020446003357183155053998856478252801579742032770932390871
100 0.334342546793328632002897966281379700450180000272706528104165590758433852629394638688196982859732689448062267412114653305927082507865
