4 -1.1778625087117397983212067564909902669686054520096451593422213852337813046265097548470649206162765892861999641524544352087755476282
5 -0.38812052421252099789586500986997313904191023766280137234489137791521226351232009089609246897434286085204601460697477633697358950659
6 -1.1734278046079917157340916199281481846026247147393550588638278377445293289360550344855338575852950437011895265849493159675144016696
7 0.030515741123385536528291452105538450763893129072860745307115356539361664863874502071850732646672816349861515854408645606244224452738
8 -0.76343535141112686388129051400626171973215497306404223840658455828164522024668000525979632374411061977365787522037716188976382934736
9 -0.92720215907118062187524862533353826360049229450015984306404004133644485414387864468265747130731886564305406229986842511799090205912
10 0.078146206234290293430030345290590600764743959077134403835020863097446413398623488599585084662885414313717470976745619432168152855701
11 0.82711937692483451862372126303105882330733368115379498069341029203450270565824700327229640401041430005038011024014204354117544266819
12 1.0219789445005192104422793210596381991793542679743955101199785788173968707700962407228796606786547968180554958740066542265170130509
13 0.97102862980176520421137482417291186832076574225163711620274971596225783919240970036710945203282093270590291574094649151486854296497
14 0.84917395565359909292028550479803542609278004457074878450290798776628884398842416309558652529456917911438475388309003698962759039926
15 0.72372285857198650478888741252339394770625241949197532741709531929662488921386892736645768489935146062698110488528380069279896031556
16 0.61524638269967699109231755064304239446835621585449327092137364008271201525195664691674414967806086049999324956447721686643211355055
17 0.52710988421256708106447019172050849534225159568453153927342798263351800065208215109710581317701185934664864520382382584301917529679
18 0.45717921077874688351982648087691987048527445262035741993212196437552128083403876601553132344918757330733155311525643153417301342685
19 0.40208699136981138618946947155935720180787331356228684521896072774965394981250742876011509006343541378716394103878590929546294751736
20 0.35864801423651667607790084079634673906314901558164053369277591061571758313300321966872091811230198158057815776059380621611266904617
21 0.32423189342037595064703892249506309229265482825724971522723358516827282643621547648515356291457163819443970936296417733053764913883
22 0.29677868353582019305747610491461849545381235391170749897155222192332085730398006499716224925298939473437319841659374177107644351522
23 0.27471053868646043072236281354387590599095217115984120695110753547721221297037298763523315412282131843072237083796066537993045198273
24 0.25682847547722241702489204743707509174290607038489348599895948885520090757330060116813589463852405978859858775588640746513042799366
25 0.24222205572760014610773793884743301060543061831480886348257930218127231926017068958336802601779386566329317861808447732670085973391
26 0.23019773745217056621461954905459736890962807032252159938394027349355249310555099606695788236043863107694955183358462756593217654655
27 0.22022437971798422591950222313822146087683329978904465509131102523628347951572968145832270065882495204157002090225853489056292214039
28 0.21189256990488209191756399563674620442333892657126196704594658480830461415982180877834846906250906507881505511630810031859489598643
29 0.20488449214968441054079420549696498173097499021853502408667294349391382476604414646302404401199080337964551787706008882286428193373
30 0.19895163261248605056420427988280361867112102080309226289861847133365240572770369811933094040547924633335750596004706187374273680043
31 0.19389824548257439876599681694617756855303921572321793242536153272513246164342632187671181511678439527705531226324862327008616947994
32 0.18956903777259886367248639825873825718726048867277670690569257887030548104025467025020843235937523136538553341015998433985863061661
33 0.18583994542255927500047087235088747390696652097821102848827377545754681455591585201047539271154380389964460826815452045490036967862
34 0.18261118163200490148782206328802359061542550151593098479550368875692977618175571599754582087078658334019504806167096832986369323183
35 0.17980196315244897197624767056690529896458742097355719815244094817729161752482524070063302734412573585144908923609195872621846079309
36 0.17734648260698656321247964256097519529634243699637077726877207138357729072315990623568449166673178266219176866525879695193299390507
37 0.17519081173671170284144310175120557045844295797002443480751853866352346132116035263351059030689294612661218807779203745179121988747
38 0.17329050458925786081238317981782883529791607709638178150708025925767438884634121191143784374602385730514632948530163022840421961016
39 0.17160873038540131822599427728175542219219242007306683253586940977947112626295996596197287438858341739597809174288594908041014893777
40 0.17011480981024471535344918432791092659304003899413578632414108962401533596732866591896586725681606489650971752645900620800716876219
41 0.16878306053265222030452478043392564173826795493883718697677998906992026571150882955885934728042892324077872229656057877539165531572
42 0.16759188123536500475949862523442565545466027338710667420406961387169726673837310258378196794135755051538496281792414794889594267078
43 0.16652302073413053853273228904964670877934907826308067039310704204244977259925566421175721208264132693706060973488406030543297002413
44 0.16556099158152509344835317307999373235810152128323035774748112040975980258434310806850291529791457216640619128862005713349149328138
45 0.16469259710684281602997368416317124171822902603537860001021693203536198364885415538505024339367524521837886977918911283306004632573
46 0.16390654801024971803947081275939019799327956927520668386228498936104532590669586616118901592159229418496101828381919015129324455557
47 0.16319315003646195724399193202206262195450175582488689278070579349276027599437230532542548585495202750816867707610585719243686636777
48 0.16254404835638583156108384069363760079899022000997086478648835220940948585472901673635770249770700560345212371557762452699856488528
49 0.16195201741663173194289363710205247162740606532208163123782204358396477013389292821507369907557670276358470994915858261098020576441
50 0.1614107874199894474097601232890297160212129614015986604626392471961216828983954215047965195462979890346599734517979384921258408922
51 0.16091490045418585368736173199644572651322921594961950872731451233884668312220656409561306244212560790801043658875649525733905393698
52 0.16045959072444354744850703568889229782624070972871524729676599178753726474387240618698783020788609903757150943608531338117025330307
53 0.16004068446654952678709078096379720881822982907219737295498990888262977747684581294065554458730318241621155249681385387052148552404
54 0.15965451599551612013539531195305444892100938284515194666363955855114427868684576252329997694106117202419898396636902162906865839579
55 0.15929785703634936090025499385027713673472709661685618908152909021086298068017050913361738365612840627353182809396396441249359620042
56 0.15896785703023772848582660486814157555946919506663157094480330026903771282329540526579544685195969992396741157683846359919570523081
57 0.15866199254382886089435302729656039539188845840861253198344786948191123635891425433465592906637605693755270567307667087384420088642
58 0.15837802425579203354790577959519306474242911695099403859124122839410942620095111434173473134709095577638602562806384197571497018001
59 0.1581139602724875067349943565594074225477446255009951261638740667339952356084602331570290370800133696080681489602550244532407192751
60 0.15786802474788540193232983218829874110657699506144738298451358280028601915939407020677883789355037635537478808066449716266491996159
61 0.15763863096322377581245002239830630686028743037883976363003201291871117987886265917011454712858211656325183756475785565741555832872
62 0.15742435816809193497231522561438498144054726886020806387160928060818364907583707440975132553758038024381651927779819239550378127693
63 0.15722393160357422702650000370079418891637584827006010173748037443139961384688519214968320938637892724688601770595686301739031252523
64 0.15703620522521510555677882536324857922340926630571945321436642952549729509148347789469194252962338155855524347710034978159811098133
65 0.15686014672314639495151934342404479559152361557744647246830811976283725877698967100677859377160534475597695875060882900977189727686
66 0.15669482450214040151818398706344313756740862785873562684330079872721372139006925145999797372187458776079979674083638070397961191723
67 0.15653939633831117211536556078380966690857703361800396180203200595050675231575716335780685743551395056646509073540769141490662544013
68 0.1563930994738298478630398292764148258094583540030569470710155854289700605513331325626277603183019163505917072047355899283429081271
69 0.15625524194806965217519907610052740474173268099785410978458300551016838542379616498978073956232557976624712929472881297446330269807
70 0.15612519499443455343040222231467844184155178304402445662880013519835052162635541452409305166374705972651644363152547082523867651979
71 0.15600238635786819382255836029815362249279919599051283886133408612466960329367487493284894906134025642677312545360973185485072414387
72 0.15588629440958843839112776253877704207334275552345634721846015237679052950132505676439179169412184511358433480693439832580848392559
73 0.15577644295368007903124663093469158243951234713139336968447567711635341142431615396021416576754705960586939301015204259458445768392
74 0.15567239663539995693504909416835705521631606498034016522129547227687262568548315248598839705422579034681185316130502975724920917643
75 0.15557375687389186167088759429191038550172855169729805194714242748466393268110118803878491868474945973093613827071446024110446234643
76 0.15548015825287175399867216173544005674965706802904036313637420340505310573187673102803978498261771589309129333208423122120494821627
77 0.15539126531205466100248314007869747571805517031840556181647478142944822190544172753676775797740588757308969281036488356114039886419
78 0.15530676968992278670069440641310488504787269463126711582735058487225758040022967721115801593771078714614878767532284021231824066136
79 0.15522638757510279658870180330375936415825388174998645933241117423332670712193586918499505960081900358060086661646673391179166156759
80 0.15514985742931340620134624356101678930526628142118542535977327603887525361479920914788779084723252801557198989008993468021248128015
81 0.15507693794971555134746471970891058834739420763931167762072180244798897531119898921141057607290320781973858223646164714947638527007
82 0.15500740624267408004178120651751875573351334803459492163572545870242807457830746211634751173128055366596884363523757687039949980169
83 0.15494105618452850677836381477245719130634608192331243420303317137661793373848011222720252453528253589744917922218899904633173090311
84 0.15487769694805992539976366008411249652339436144120448226797033356021175959857088652547930648292543906233283674983801084503433431829
85 0.15481715167600631855244684330231809057186123172608001073155262083531809048125672498699148093243567540551175842552601799580550627442
86 0.15475925628528194256153869944542229640852473160789890221607075113653170663174881843807972504490005104222476026873620468328804058124
87 0.15470385838755102181705003469482698835008893466964050429948745284839759021736641576739404500430289588185287693003664610773754305451
88 0.15465081631353623274669689359317075969374970554450923266614836216326869000328859275379239156499664820351339581820559613333533946068
89 0.15459999822994609645177851772558481178800319806850393531483984811431731977510057724329730952543623079844621198467023181613006717938
90 0.154551281339214385401980305931017327082468614411813916610064703586300250038013096496142601203810334521456281018585174544880062065
91 0.15450455115338612059213284157459627047869855349432479082210363835420875972347312396814340010424614058729660450778856193124528436481
92 0.1544597008344817833323748773239352695047389554145986781397177426995904972246215647855448534052862758252841304402676768858308169663
93 0.15441663059454367808795385779561410812083316071585329843337814054310772102227528197845675335322791613912992178568736666006377589474
94 0.1543752471493327764092869798396466819684514347948827520481038581078312828566157247769096716044608439949413675768343941775892769453
95 0.15433546322031523818968649561447541929980174643072938283134503992034862385614149474034331191877455157048636331842574103211988624403
96 0.15429719708016748283610764322428517183127660541802966455132677786569896802932653493210352687649171342015772759910172377591284019909
97 0.15426037213754776510585601100960382462023647677499570041198686643991661860715818467273772539195865717884355618505155317650256876222
98 0.15422491655733981374435058108532054307073241950223893208815759112927064794402754796683491391027569207780036309483067366948020522156
99 0.15419076291297807082034206479889646950380310313852971272299876020152809404057268409669404967910044292358266446738098407721876204602
100 0.15415784786782120614694860480470022417729601613445232240606549245210227970061340630973729580732108907047409130406367371818771090362
