4 0.5087986923694297064590505481649289063295567212790433004147449377545557282159968718327326039266274492331869151769867758907038469222
5 0.9510115225750555816524501354525458638886848006185088399965599428951843928098747577817034852828818131594673973005371771509566543861
6 0.03048027305897716382415923834434645037832653132754394884037266885431834195578647108802533458985500354792489664659000237508379021843
7 0.2237427272332866726573718827715082837543679805409122954344253508492813046920646606206271124371920014855655349557185296762347508659
8 1.144231841260868030082032991119601503852297062102192256611344864392557051139408943940901281047579235222988467436244302632010559482
9 -0.3470984544470823363641746789427884055019852011253672412629445695697888754913420813767162778732863709351943254672720675490961768712
10 -1.112459231341433865977648059896677373231826607750621478726751044211008299152540517272537027864195718684906330673182855604731191064
11 -1.024476964772383297818667537802155909961723470169738030382867395035035059884604160403775958512257563196149767418206672449554070029
12 -0.512048721159207561912923695524937965914741425441241344129458098862170190559425828702944134167375563142550439329312960889997096449
13 -0.03565282037385068385785433791557104382880295936366896774502783165097494976343243265506201977102678716053250895356776034655571947863
14 0.3046269221202313897484849889814535477682059005666700274894608872574946866969559894095263197993856415219663384173283760657342903949
15 0.5262119992067033159799365188019243448627240152873335580445015938770914294973905674906482142465511765610744377647609497536823499178
16 0.664477300193845030739976149262744478396463785282309199984189823113540894172351214373748916639193301000459798691953236100427112025
17 0.7482795027163745072977795104039068106578785019747514865297227287631740426911879441579429492323492658584969057688100081615628752553
18 0.7974021765018699257314504425190343450958138310749194387399296288387396321275526291345339573286764019837073388205840098130261955048
19 0.8246509633516168392979542572730442661303286516276225038799117495757250074261970361918103248457801388186807368508365819728317162073
20 0.8381582182044513696264150804912934289471639707775085561876242378858402943838901886460553396716020495025890899560792309873672014924
21 0.8430698196243197445236430714270346685675508193150474091876568147494370314457868621169180576465981489707500977584378012260236366055
22 0.8426508066984020322618272046790411576210311831380420764729627042074558864558799078136779502243916689593599117824650116180062722443
23 0.8389827795148858907880423682815199231655516476545788594438039076438450157468685898087334363858634589479198512014244658964024075774
24 0.8333988362215183155236101753196620051721206214103096456052670896903694857961686488093373101873668877680676550565440519691299348416
25 0.8267550017472149488727523513732442024819843703136097344869496434933203762327906035611863651141873270589414169966649828445268369742
26 0.8196006844018416125101578794849516237400704464232179715713983635650690455244111388050898662081585719533806286126945997546807895776
27 0.8122866715453773928946737596662149443483918346494850774588964064405448121604520268830474093620045024264132647183057713252887087838
28 0.8050342225350893423684079339755931291797739946883693832896827373246305653482758849215191247751662967619434697865555717478429047195
29 0.7979797060818582732066311031737454947882339734295335088851096795211892056280694223620406616615354475539110672396227970664949164154
30 0.7912037049787977372872729940475561708057456744177050905030366643330698182039400115176442908150758536337997868159699534870471785611
31 0.7847501513815957442786465847630015342799952876516188142601935025696424894496941490980435560038076986503889678423254291157835808516
32 0.7786389975171903726466352031346952475102253906047928133736742657736779144318917095423271614883514841876692561304658503263810581529
33 0.7728746538112606120827333604992582529776943243964724582638194179744142453360294915842832741996634292840807872489666140690263208979
34 0.7674516310118877093359532972044282774538163640659003484764383517888993723738753857985566703373565995904630533955689579557552302971
35 0.7623583204572733006291459843260115897681430170786153602696803259863054855206145374105816484068684353770484774490385809041783094504
36 0.7575795258444706987296798234239976689871107631266340977214097878758290193373620453228722964451225039699989012788240947394907012391
37 0.7530981528827165912721334326928971148989017902989547008433760160044579466562887822427607682954662395172156880421817674143374817342
38 0.7488963283286163098730011593866528292560443103599744754936592648345850837848470496220120877880889050603970399869485926521700382128
39 0.744956131152720797969370052289548312659025183286658899088652845782893082048141785413224048900274025036808108110393045515830178953
40 0.7412600596714228740259170752215869352980096178008201151461259162993466609615038635520182441366674865304557157078612930906752438438
41 0.7377913190398228751686940064017200530490296410099569167889812123297800773559427143194203607701956617811891565663494030525740490679
42 0.7345339868978267378473814477593080320718286038964558367441940584867235614182519217091497710605346520809798957007983822389343238462
43 0.7314730968902958589400983242742179258992466677490016626689234098769978900977426489141571941911628201123228299409054881215418752521
44 0.7285946674288798309489003530844066464515401566633683904631836354817429291019261692889596496863003130355713361883016836821377925107
45 0.7258856945718592406123979078657364764779411560159108882328963882603370592410362099772256592453048887408493092999959823208898035114
46 0.723334122033720972279493885078728645699477224607832138032164067358885309275190168829099134880584951797122406381985457789722988919
47 0.7209287972698206667285557975041577555485581918123591429744576491032491564158719221527526431319800158772985969820438654200970620841
48 0.7186594197534964957486914268634018638157010779297991204755475888426724156279460208509871238034406490077845809509926615197470952195
49 0.71651648559236988064765429969830007422342532451594218114447412797328314670388165535321991677094511059592113633839540314951135024
50 0.7144912312562952514867469110148018241966023950323069039956647258905094494686074109677592120422548442636147528796211214636708420397
51 0.7125755782316171576203370487943567981853414167385347760556348591692997564677183946656860206070368206181418941682926381599987765642
52 0.7107620797503903246388256257945613887403938941643553241060254003679384873137160290995159108620372687424923044675254476758533209692
53 0.7090438702821771608827071546047878292955738083388541338582456107166807360350440996464342122444238784789241683273723109582552063069
54 0.7074146181591936196099724147030542917868515487755082619310392382034140308940966876145191927764834302976144431059079603871126653878
55 0.7058684814902397543527865351276185832775315870167743472877099847424528287113751996506173032816010606233363548137054002173123999439
56 0.7044000673749334562119646236211495403819374806940343736346034253475715956953472777964387793334809309153847829780013103971528515895
57 0.7030043943359925598797165841277584790042138174468633149291189958242357753176654084340817029348338684790548809680995544499907913912
58 0.7016768578286127721309569492180065568550957647207146468622660963375692909424268033004710374379027876349612670198360487563528680467
59 0.7004131986516776089718631286257530911116992629912245878787011496828334012266132585846725664067805942268860823244659148269268931499
60 0.69920947406802580886240235599965130207896451603861260934007031319779648201910745131644383581214323513053275467394888638014548556
61 0.6980620314349107396670301244514326587579166456760947008441442598346872142483227886182726235840559882544836858237418692277107607488
62 0.6969674841473051146409885874834596889367708797361713704402168010924893248750617364540996940453794150417814024411768187089992136807
63 0.6959226897031437685236784980503413870469562993061534584403587168524488379277896626801248460485126912646176609114891754811062959909
64 0.6949247297090690303844302407904768237266827544019452996310837922745349917338115926392879715896543242781114779374478563438731917423
65 0.6939708916564314440469872837561103849765291391878900220531378298319563328216956106389718589914417141567442128205339700427509815659
66 0.6930586523092962024948424848466324794756942233380409227233008748462987233000832193703548584124246195017668760579696473961191616212
67 0.6921856625583973240363279539521329874215894656922756971300377384879692756942741994694281009785600442073037289852721537587233848395
68 0.6913497336069594303181364625884248623767866706223046089896084822280511516923151526529419245314365775471037182958460592235379975357
69 0.6905488243658100670529408372108068299391923801631150937722338369983286332827282419622885936174899291525503468605880988434646358961
70 0.6897810299460763357470553742719791609361829474159560209518476575895566863843044048321958503816624931301935304837571337660202608138
71 0.6890445711479128023129545480067931536237933196298579745374370760179053415334534871447044617385954083120866876948153222909472081095
72 0.6883377848531074958658057914040767305743891809814544844138873407234646639228702660892524204249538931760684078702735665447534595263
73 0.6876591152380571498221976963877684079691594990144598596200887210457065768683480473034080505350179816647106938543776238848282889708
74 0.6870071057315115859832033265310083506853216580300002645706686451635954273650097998619172496194017365813831570613074150669969860925
75 0.6863803916486941436514952236199756902469227948096619658973670548291073018696900068374918472121489367289834234165804167394161756507
76 0.6857776934399523354653475702797645174710251740813080972542098221400661871166297369121441555826582443868846906792727732424549855079
77 0.6851978104980266752483798571531183677003685872095265616463634561891322292007383703232027829665277873107660452803383377275463463318
78 0.6846396154733935086882805390865850463463119249389088026294559028138130292801536903568053915775330442503367780856218300026477447487
79 0.684102049051986908047918994735993335307765351074367543103942550879573168563383894962302226600647814374891632988176182670370872021
80 0.6835841151539808725207441154408387019656699816574304430890884369515833505717957218577598695981873694261628347928385438788349291922
81 0.6830848765162594484153195915315817956754285705920989854363104692363393248342790581915799120290464446289417004992987983692354103396
82 0.6826034506247594044311066684666600045196915194730426521773620289412824544721133579225256750916339841693698889353550233067042919422
83 0.6821390059660752388419038360233462775322156065268241777529103746617373970096382384757790752385836733828763894206412890949719700356
84 0.6816907585706039998351969283119024245047726596170719229391446383369049386160731092973099804221620786788771038939262762545650802776
85 0.6812579688221091375148484686025348172809523682460087262951459029922272097492780922616992839698517010102865267339163388456989629265
86 0.6808399385109269965780184573034785258190660022224374757594811970530683081141102373461626026586885199067738912273112641877147395258
87 0.6804360081101525360672963810332631550190904004192162349253366880234861574266144818462024133344615376616760114570397879983209359057
88 0.6800455542560458580859818438616616345903918105817942658317817659604496851554094103185582400100580265548259471768777062804383597672
89 0.6796679874156192629912416354805880641102639314204113028116784444122543104705790974793822260776592340583611303098595938368214329024
90 0.6793027497259148307973188650201337753996794538737785847863754946277628684024033336091181789719352953394329796012206903460081019096
91 0.6789493129908820363799080959239896223017267455772088887221204893847584635891781157706650580802058277154598342821644703681609791299
92 0.6786071768230289704297805395560276694704285257927676696691248089533791575251471879003625577740851713459985992936293303651599538873
93 0.6782758669181631097205256836518797322305133306944693621838702973066055572218350569155317683899127871616790495027696030358432771296
94 0.6779549334525705857137890121165441310541220247117695743229762105378067277771448183128142912125544595458998594339174866257622951094
95 0.677643949592917585598721333125871910021821114476269708278084445962196040115155348647324948750816848545881669748456928850368918141
96 0.6773425101100037804685144285397897293695752859431618499266737229792574270371521684789295364961345969249644738406009743601745394157
97 0.6770502300882643765193086565909386726120951770795179221062401554664794503668593809989756595211377278111468554740854589255409845654
98 0.6767667437236124687327267576254128614253949401768643828607616460749485597609507588707928730082935538223282865532715819662377099103
99 0.6764917032028439581332255147851147911356550746730508275054520032989345227815240975083927744922901737402960651825205284357955611852
100 0.6762247776583997501937018385009794055688171103150451363118974847695818890455412166402664498029220227186783645385479989323820537317
