4 2.22367194939174871633205842193819242498922422106133340305779017938780301194196490967556868910395296106698021623695840650978134266
5 0.387589059835016436019980572517885276563509949457280892744955575173012528036709748042372530172304981845722978524701868989646376182
6 0.591843193837074094081252201145041361182381297440542872274328430241634895377383566610072402585099606038217571148897566162857560543
7 -1.08846101676350916690907689819763736229226256531295414095135505578223622456458802040222241331515880733332801199964763105862999002
8 -0.930740345181116225305981194531831677894702764287998889398604329492912202532861512516123164205484420599231712228468713439153121441
9 1.02195127235211438683693472400813382330076839598028532231633723237195243481281679038389523273866122900754144046810693083276452842
10 0.49350378318543698534050804257449609924995529429493720624846906752245587474055619354376358039611420774183234869040860864591744569
11 -0.299932981723462973435382080443943502394228934526323930856061383304213617225499617033045612098946046423848792633347611357848316436
12 -0.900346970806251935232000685961392823751349223759353851952165856045116333479951772872087083054816971932612358670887212171336133871
13 -1.13837604808223926360200498309940592012671387260045427715075650932104916254010435925317883583808631728904907307017891876735261032
14 -1.14600424890461129682944262098896205872207218617127059696227099641884537170528003741475829599418386308682323338133814925884109013
15 -1.04576092104637189255571893611374599612288773354154401029481216118609837892690111958001541659116844721040396843642391272873719078
16 -0.907290206990643793381773557526194328605083722399377578707195446905723123673411027193517001116123216243881329118309632557067653671
17 -0.764081735088837861534053482121012922669980863839130863950401036354221699587260160956232597488520201356987135521439183293350260931
18 -0.630366287005323885469521341847554948666942744500705016764812315903774049221112526379244182986115047341617906877363630732804554403
19 -0.51106029266052096764255606482287768042287868804565585013665209206910085854656511274477951991013895693014361770604853356078250405
20 -0.406862934219504964713747957560864036661893888348929398135976320428032050207177760302873790923009605718826589775248396022335412085
21 -0.316724000223717365971747642638426589257140258544441728667088087345643749833600573544113110277311828041919329852297287625865498996
22 -0.238995585062463550066721500755841746621858462147595808558005310135783883036570341792837562849583855285172421263137101431677486629
23 -0.17194649404460633331426836242827336441292800481756309263792520096509757683542261179863125637199358727619503916252047118806000328
24 -0.113974153795570101648985908927750991133428791433379539054954216115416157169765087497338504487996063181200304292433329018688430499
25 -0.063676144229048746293787480248259575615443851824848615474198926430463545915682431181771034710726406881612724195797084145328859171
26 -0.019859114476572920093257774467884361988099767471182606184192116591859946307162836310787188758941683626679557037381192623125798267
27 0.0184780076755600470824005178095589883349409748312519713294065039331585878741550220444718509903573056364707308140829453459054758165
28 0.0521693372438055266945041376513974743146951809751135138706720341525006120264923849138473671870970578333971551152581356991863018625
29 0.0819082112385847965335490223068416878324258221441125522650605615004640185191116809162594582803393081350412053820691560002028205009
30 0.108271087970236391189699422995167317247093425063949836694190621045750727428767427163018427368360812172093224903779104065668514966
31 0.131738149313077102305625472411400935503697388514811670980698262872678511690528045946756339427793764536332050096925863560765184174
32 0.152710537477128535373729686265125716288508612969722959052709561093546722281947846318627169919479243110080584541601226770762348826
33 0.171524543493563703887203430621627260131545375024492149685840692755399222528729189774209568837469037713252342839651655584553389632
34 0.188463185861154423223114503760999081136216961379671576834155289901724395738962240666760349814223524112634416182523201793622131962
35 0.203765620697011259708543466199290991536548569413995424995604811699233299983858950189444259652536858495887001354951512785819441142
36 0.217634779919284113602645817599667227730562578708793944902233019643929740213937822860666246834897377234169440148660625975969281537
37 0.230243574750078466674136587503764227809250440786919739907846566723516274362962968046761218876037782192572700234830116392631203861
38 0.241739943046784806686961913835835074435914391989305643552886040809836453339466997137414529777987323534311563916091477336425294943
39 0.252250966584540801869409427859676645925481538484525319319982233482027719138344468341562110095864482822090025777105137555972851371
40 0.261886240129851316677189576586306720660351232260078961622563817459698264604802727267247889600479106523479734660875907580674226635
41 0.270740637788594270524997084758424865515278458717178872918663499637525750156226620389905961738186222995472486229085671188750650127
42 0.278896592762316529222588900024519544515615823748263324788171614373523990969696264356450450368432017513253033993229458426912448799
43 0.28642598318578674838904369999457610488264543306723104750613051333962949094338028635383524295401221653222071356365622871457487451
44 0.293391698066699983899099921360270853064417897700934542039037713471442331673868142616621968625642671030560910865222678018108713421
45 0.299848942558202437047850580673530610966935874714503270212746728734510130876171126375896697495479005246745226629472270423798594033
46 0.305846330075271098763197376918875811361479323965311030425014533690684948398532692680713512219465428705170564595787752618092209617
47 0.311426799473949182696809408367840092526401688233797540623558110138648777277007619752003487811081767956827453701713345076510081793
48 0.316628388134093976595291985105072082632139955940205719305603126245422507303551780905494094897793861433614469324704488173780272526
49 0.321484885914992290594837435470459438937319840614824803084756960800021912644055110673575533898737695984410480803261266751543922883
50 0.326026390269052416199103432175701174756409373002549594642835353026345065408893694467964297486746018328892691568289136941624026999
51 0.330279779050939647536379315889875584139740383268562317340928550667585892836274426599220593029379537654829175539647498762245911054
52 0.334269114551521325379510405156328336246904372005004749476690577681110419849220650672809712450882804442990960943381188434023416397
53 0.338015989863953390390352892443738622413208290500689050528154976672088815847105469004105405236865187976121959174689571257614469916
54 0.341539826732541014910908445105676216652762682914775083237792918479066683361923707384704390034592384247546519628241127658033153177
55 0.344858132448914350222147275831967328681167247021577650995235487025914399107428078932826396173240846911521750389703254900825485577
56 0.347986722070035609903913379639054591765702809681315117655095379206581109600405419419471993338451168638394545643459905084353935845
57 0.35093991117979434096989545685554834107084880669916178547001342572701930603592789213411614595885854388791390127137409319007429205
58 0.353730683553943286147949969301005426229773835386801984824947655957465337361474217914639650108486571012225292960194872463108165477
59 0.356370837379982897934342524417640221042220182223354508875216106716379143386897255907065162044545109370083207253952692195309302711
60 0.358871113099963451194536761158934158773739363949776313342835190429691380751172670458467714879998125150235714124279154559934444628
61 0.361241305461612152052877183745191388328272864861774546803589046588839535393605542166714429418471069977622461499910977855957796895
62 0.363490361962953079318386658874916779830062198014985811380421233564555706031035002742109237186147462116535102064289556595743081757
63 0.365626469542607871299570691356878758771481216116266371058381410816147727388779558876616269358144225743848489844423170455813566365
64 0.367657131090110460545265749399401986589749026572731002878693995279232632979206051938451874466044011435228730273529303628943128486
65 0.369589233118033847605749138547562575040312808698845458245720220389272996033795317334774807822535365625191105634933366004128056535
66 0.371429105742561904606429877734555826659282464853397359429201452699918404000583313717707431753646962709518143134979706314036105362
67 0.373182575954881152661698229369950656832037252312476750267260059666600844617940152895602987057755276846860268329919750706655101268
68 0.374855015027145117167308643406259857694817761659020489954082235082802159358171409393904785631305924992305126429803998392348561127
69 0.376451380779465448744861814547964626843659719579729482692074014386831651822450803217688014747855625169640812815010112422386829258
70 0.377976255334872246260028322528748145467055144555955241487198573196335647881732882874078447849417120627583088763451085372697051234
71 0.37943387890455075090560374789110193216696410018642586631585498844494829917850253994799756794463840607403816366024203915219151587
72 0.380828180073501795244850872165358475586882981084786172033432575874710949572459406792934757792941407120720438056938128712751126831
73 0.382162802995102720220305797319808633011182679037426041564943124351930417701594979667116742131595108687314535911724067140947902011
74 0.383441131850216144275154055641582594326667491237439532022097153707816491540502176591822096123531024623660772779776387519265591272
75 0.384666312881135479104026897109201842380890819017302474769124062362976460632395068195915336353705452817514894812436917858477875371
76 0.385841274271625601774217087488381698822769375385432741575241529386541537472515546932702072082746497654969850916438450043533969565
77 0.38696874411065921861745546347611598828637884910834987418920728592725680778601276273773273540871255147254562621270554370959018378
78 0.388051266648363521843599767806538066652529797634837870279942731868149500563971220415281079068821537887150549765115865924885852154
79 0.389091217027505120605509278045932369964723383970941001442634087100458432214102598651327490048924072478687739989613940059735224004
80 0.3900908146519875337623304963747514197330886411389262712523660338500514871816170666037297188546525442606432218300863191840401194
81 0.391052135334836726284762218183266829007395637780396077574277246467458374050265963849782341530912006666558335130209580595449364819
82 0.391977122351601881428761056297577496345499900598590168667032626468934200804049746722734357072138249724695201118199816824477874831
83 0.392867596510658009875645056381916131471411750961458572949369568502875368504098815129040869971112128663969754334981836151835725027
84 0.393725265339272848660518301027541686018672664191783255863615697360818977804047428438196648105343006089894004589676287420635529064
85 0.394551731473244825046653749946693595283822046311923159282019431119811075928614359737961751316333676919615452227807652194694861145
86 0.395348500328220099102377380733334115641008204687340754431944141193224195079439313804199112619050153777791914005974841505460614479
87 0.39611698712227400520247684110436016487695342814865377012015563272391505575779752933727269941545330000943705718762694542208636713
88 0.396858523311840683847203729199461083861848572308682395966191541350620382018753715776642858765358260516300374508862734203400415445
89 0.397574362496461395883792431005814211118543082451087403513677168815938445363663458748391840563789923724212103499803420573607459604
90 0.398265685841982644359599749047781521876055578095549306568864327931475826573648604444142780909040254127019518329729402717870054869
91 0.398933607066671342124465015736946610579031468350980435887221229338821636522518996292275326918474985522706164449747070527357639121
92 0.399579177030140898749967971414956553819152596027170105462212133128299129578667370410628920785404517194658116012151407765940408149
93 0.400203387960925817896726620957597510011591226540294536940495344913863431862619492187231052755416577333102433188203939759971638134
94 0.40080717735493960185510517884462179420110082569389761210322824479770531357450651006468694603811329295554022349302429122823420075
95 0.401391431573846293119077196199112987950775560356456641738823847389183556861931380817207726891171406315435659875895315140303230502
96 0.4019569891695219194388630601531805679233457927041782169022101260545276582484543627882589456045433196239416480651962449001435327
97 0.40250464395823674474268647229579498526236717541848191750819408037086573445945222766039111986215735847585091779457930321377144681
98 0.403035147865916215018004302477714534941608902336703967277863752268667995200264813843287134664997412512488625880269926510118741515
99 0.403549213563806095950878670995773116000772526065096223338937003323169489402256841048992738291651177089805629912741070528794843243
100 0.404047516912047788168320269976156897780465938154464898273878838564297939153984509032777823618047222075999975204995620064718287387
