4 -0.99843558334623614087045945666995406877638398704203643187269167357213922399142604341213776140448805867261450796696433818672880824
5 -0.44771896686276099721575604541823279146583770673157809299302987894836549466153180124081292968057878048491558451416742848867831592
6 -0.93544641118283276896005580598481990296582058103478045400882725202479019494879582260665547459145851406040337113612592593068821935
7 0.28401661309691503308913226791634226361691341744716868367482633403052265770536792732394785386458779466441861933902858971543870244
8 0.15533930739333292196207027686862639894141727030221370438639875817219704307174988643128725446040651443014457881002536594819075397
9 -0.96293589013364471351390601506530292777280811770555639293984157419814550833947571509117377396943942433710811436939876878944121339
10 0.47236110535003541072757842450763765621987782889972827175338205639217296926683549692916375769796327718899150140398516340083732736
11 0.88536188914760363993001571015086265227722791018170981361929203530957981550191910120761779093655315504162408886511210097655173997
12 0.79912236277258880398271402911650477384097414606114333551403213090076763942993093923614208849378799889040985475712504132100514701
13 0.44005271840531590378693716127745062944455265864963178212767100203774834568190794734034826754211233039561432351403267402632806671
14 0.045884544571831624897845204242850705724277807750047400083566659356718192141090016947846898832129640767504390520863730411580491078
15 -0.28657362795977985277799307301270813449248232730475280540551418147611350846858108321353261583920738716776223201530760165590865764
16 -0.53930844228510016211937120389372240327036411620146448596227535850365414087636914375893949211775521838177159263552822522606816208
17 -0.72224863875817753222606954617720997178162346150148600866174383590080264677134555232235716382756877396374794683019750327195255634
18 -0.8512234834903716933281795316201519182401206123192328608060944576909804939408355540620030697479639701392080543082791201918289542
19 -0.94059347770025834228676490243395325976535975247591025750730470858545309369375375260305503228512067429535938576189447833142909622
20 -1.0015730145890212030904074650266371188329946707415494637812065492680239207211826024949750455981764028448725235396042681636203498
21 -1.0424116428974888983642405430053847470904662194647703376782627040384493994636304702349727174151897422471699510027943819588510853
22 -1.0690222450746326212378433483606671947604999060555345129502622759520285774903596566015284504654497696345623206369135343070007608
23 -1.0855983323283433181376500739175217992823716603170229148828292158099715183640120859035400703108145410526951339495644482674600783
24 -1.0951054065526120834708350671548597881560945356458682189175482774902639064206345827228768895787064436529931137936773294845712167
25 -1.0996426521670344044192107095696799911814802002303602106286627339948100302678051902385960638278417933602511345671326340905154589
26 -1.1007002567661795440119818490663610296709712718871194932278044950998152162234167758908211155458169101860484961049513591054797135
27 -1.0993398200949944196628037214197945235654567248937101018798300550134053282068674670788631656565282761290106657702195488349270826
28 -1.0963202310344305726994467391858390788774068764912508523896480270382946231998672148732521410665201607223422539134846746386005255
29 -1.0921855367571534687107257271249417311912745761407402880855602831726564808793271183657026565354984236942655956261164716874579152
30 -1.0873264890167410202212363646222182931503211058766262947376130053534494279797801656089190881165163066471224043507445135731375126
31 -1.0820238692638000424073542406167342273597125372417671901359759710689618698568482778144599777147866373687524893111606819686422536
32 -1.0764791651068329206412771322902141762270227313767368234673172261809177855099014652338192179917335227637572851189927152372235873
33 -1.0708364248949799007117702777121524135291302023879552040624382017656000383293105783920524720039463825159821806098354271814964253
34 -1.0651979238200195740585929185431891363029630125898748333579079158107186359440773679462634705194137246337169419945121927175320153
35 -1.0596354613905315347873841147295976482642681331986138493770328541476111913649782923633121927550647530491278737992543142657007092
36 -1.0541985548309536297048855505094504979419391706304205913380402263363690027803095349136354603577975347341282956736597555118952847
37 -1.0489204125452031104071929457697777634574194731587885364234111892882843524250468661229092633610962696097153051240199900804830034
38 -1.0438223098542798616419787970223871303456967790897915567586284542978516040141480455956285485585756845370874370546010988918320484
39 -1.0389168077982729112763135658832038179070120918809261507918861308059500243354247374270358328376713045786978612139499068931921149
40 -1.0342101293351656815611769095554915310407960504503922559465317696410443546236152395507705361701005513276533099296130933250938294
41 -1.0297039185392611507685267752562321201391152338193896226022539252879639406744883686476392191542041405064263063789925954703726108
42 -1.0253965457307455989751625098790000742174972231265647165044915547588596172937694174959145250461409771915751817665921442326172093
43 -1.0212840769106079072860567658502484755387420948910517714760518278727772076052096145466360439211655643586525081878690607005035469
44 -1.017360993992250831065364561196367936427299726526332593759092090634907603329358179538187469916328314530870952376017156387007055
45 -1.0136207293648736675076690467742457709647207790877482303196951617241937176852546337103391510862321394246011479760402189405001174
46 -1.0100560616952975190570243206398763199436817377269850612795532447230650221232310777399047523970316926501339451534811580428455202
47 -1.0066594077606316222793299185869654160451700497282801824047209530791923090506444040538275080491760589886505550544854352227246391
48 -1.0034230362300611264759285920714695409397302154922706249827988682355105951777645741758061394813322913597047363852077187311313291
49 -1.0003392227795163074104972452868916702785761672487134132961327316302785069626154732696490934964752297570090262884218382547166833
50 -0.99740036108750821665697175286173031631810298335472685700511725897850297687109958810196794852855828442978155757091823190334150033
51 -0.99459904066561080864044502877184575924109979785370348996666605540261969334035750421386357657400914999959232593458025095669374054
52 -0.9919280997929977712668649895086340303417504510262501662404106193470753281762187250851368185988332275622784385329406677680630851
53 -0.98938065981226907706010761219366572534515500108448345076691820130807749145236134586463004672032877788280222545975594931885163947
54 -0.98695014552969545765467143436398725743361483816986257111672046194112328631830899480664059055736330363517812542507158782859130645
55 -0.98463029531978286880678395527539972947569962336491031951724938068605862712114294733500787107079261047626110639155466240602316466
56 -0.98241516366818841421400415475253032856240758315373274526993818784721337003929775626310708636221707843842267868428481780462517184
57 -0.98029911822939952998628509829255962213136792032573598360225014032456069654518184109878374845760663857297821842934646961640662396
58 -0.97827683297492380635173400783774223389304613776991444982659217660668482894741703831928432324815550019804348868808238699472456271
59 -0.97634327862578418250780678524868613459048712108833989162392085528299934091797916495968586252645829130275584539278924635972866329
60 -0.97449371127124195008399919307715718567642565783090036390159176204267743166257743052524727163972293592183615711327131700718011125
61 -0.97272365985235779599973544246720061747189102143878622694553970994961107764733991352748315428298322807873635080536363329355073036
62 -0.97102891301801307347921462614917651716476127017078141705948545245806632781517890851746762411985919107280714014336700434497452328
63 -0.96940550573005706522838770789663657146151421407430777675100016541168909572125565824731039476997377630143487980811999423988253525
64 -0.96784970589398329696080617844971086304001204341462627946208172127269714100799524538413113344151782828078789801117750688673121218
65 -0.9663580012148534481487391291991497306069208812117743501518268469083157614858682169252123731517382171670956051611485725991712554
66 -0.96492708641964330736068005165465362051559742235892085324714745436067354861613414918080049836194446719450963177089654575081943962
67 -0.96355385094261476573147447283950676856033090455281353435081327912438177735906801007925792604193781437091694104348766206758344022
68 -0.96223536713652035796172174960794427276183313387897989858537308693158190119981665222220164288496276965992707108265543743744014131
69 -0.96096887904695829488776871470793457419170269951650718701075968115389739064004201431226072314416745459010010430501649097067218858
70 -0.95975179176811556080044162778943014795550133748953583034028735136267422455888618640597265359740160433800272217928209507294810165
71 -0.95858166138399574471722590255308631793053110611068463925942261040330700816341011429820057037525775326633382813270131502894102581
72 -0.95745618548889025540060290963236594030584299466977081987348199049028309211008513312826708113802509036252241306211548787109522577
73 -0.95637319427343584265361784102756555839616187291161835274436342434245359421557089834434752017311840337254341312313971812652365217
74 -0.95533064215742505450113614087524491469909464632622535937227158108193482531858716126887951584611534074569686039363718101074695856
75 -0.95432659994706958983045270973583718254323332613163670011053563423841151687881565209731132078984155070652949414526565455531804662
76 -0.95335924749224832165356841885967721248652025022327779483104652090169958907257553859250036259171897356916026399352072648559614108
77 -0.95242686681808310037878551650389171103051053669376841126610613583855934698055749703370230900300334175821653814956794014536132257
78 -0.95152783570472901770235401402108893122104798348644491711262508503030864294287665822386297915806312787824587765672678822955451256
79 -0.95066062168935015603436995046408358857469731392739000780802465024289632778609654287644880836540771661540910950478309804370891661
80 -0.94982377646472900348914083495795828690684835887606454194442836145593626037749145782696137557825248631850519017180571521607995672
81 -0.94901593064971364247952254844718293483294118540434161256590240860141614383963800255253257360938705684238386270999806462242949386
82 -0.94823578890765394709381570587346949135579955698144991443386190791855516504863871453174070321692340318406467364914893408033154331
83 -0.94748212539004942119997462640653134307509387069748765879766884077803411566011040098806912312382712256011233326531177422308615495
84 -0.94675377948377614408791907062772949722451980007590286675445682484084639922274541878479627803408941302592737191586989512626564087
85 -0.94604965184144027447840495226648256171669081240413047293196938446442914681342777154861835783823734527279393826283888560414261316
86 -0.9453687006755921675045434949416016677496103233612517994034597288429515314154507219358439038888217726053650268607283272388281254
87 -0.94470993829870743304311148786420315070935555122407106945813575096587707918114169554709760256678365041143189496681964875215975992
88 -0.94407242789198412912091611537101156850207001075770525586236205463590096575941492664697937704249123372159079335841875966296561736
89 -0.94345528048710819509989095482974070041711615333265071621623694953697899385979602355682716742367085422800604815511372879532826672
90 -0.94285765214619512326702406258668745891330777227438137576711136468103961254950197684746064959999967019023045940088700197527219924
91 -0.94227874132612034309123186360946052483777288902192269733653558156574616172087320536564337951885892765418294083604735360490664622
92 -0.94171778641440146686592646507408850511682323488685536631587338734229466624716167341721258043192420619479946890109649282676889892
93 -0.94117406342469155156639832566844839481093160007279236649019233644879629978456573026075444882387475915061017884108800982862772392
94 -0.94064688384078412600546998025787402044241723764125400588263784288238461413326552250623641693459761343116428158423791075958050547
95 -0.94013559259881898984042715593209112822108601839574233121704333943012925212679811296468217856832941595977213874891601716055937211
96 -0.93963956619811436870790739294597073157476978839171786005990268910769681696903244543779337730332513316707540704509358499120409275
97 -0.93915821093173796400061205709812172400312716557575170214315846431245753290634980032470555366881605221128123255855595676030453527
98 -0.9386909612285690816410337515076421927978781646219062410058731288574119302462871018069684504981812620655043203039899448971666606
99 -0.93823727809919882846307738412336202613663170686197425443618141387990402855310977058292755583988855543915989181454095044112285955
100 -0.93779664767856786500954498352539475515617864783821049819471374326587154311907378896915760379301315181246949009200088591126283091
