4 -1.367507986650977761579080906698118486608305119416238616207237149842661937459555369773296417462601560224185510900192274684328861
5 -0.04469340495291326268698175638741742461174211715782933505791422863388836478480453365010061386909632684977794043359383937469434964
6 1.518440250326271034165144165367740777611543555291886072549426563642722747458895912503104290749849996169590256099461115711108858
7 0.5685685364652875538786165529670628051123604086184055833124281923075404328844668135528622716105571815493149899337582202654652263
8 -0.9208288501172900467865671709374732001794647222879908624555350004792072934565446464422324189235679921960115395277671769665638018
9 -0.1769017597014888129549168764515913979857825003748468602747041533172350939184055433898217467135719834123982330335481659435082797
10 -1.182974851320865011983141698900043654179987793269065262052243677612967678013876577336512032521948310900315158090116206197207761
11 -0.5580553674903071437948439840007790530879541194600107210427969162472092968215359609999370421262047752268629338552541416818577528
12 0.06700277484435821618883563373036070681849476385957985101606731813604638935597732011871170148180991537871664352230511417204483393
13 0.5411104886485955568946950677741900518895886243901660037575366801616657448513068295468147508628505802480792812900402254213109892
14 0.8033039793511562552773092506460036367051084034032141843362993396864603708334055938282584125581909447390086324350123789724535448
15 0.8993803710950508547301322503963213633612409859158694266857907455165821916637531028511997236678337941423954326876432873431503176
16 0.8923382284482584805395266158308389916428636426344572802100761428272429875202737481221147622546977952303839015631913025790255487
17 0.8297523894288438339971742206213499318260749363058637751358968831488749211405938275929943788192632588425066500409714660106107865
18 0.7414703055904031645041076528461023784203374637022346308294226628293442474745378013694804484374658189308149250154247717725418094
19 0.6445896961825143342183323678737800663643423866971845969107510331082299754904202017071064150615838235380810566749144053212397286
20 0.5482810080948979363594948847764240208214547387481154965857060324419020722817953312296285959262409995599734223038979356345399642
21 0.4571012280151532766844867570334971462447776989965134341816844150255940169149164480126408520614294993605547550264027439609261163
22 0.3730260306957506818766126735176294064641317075585070183677691255752293468472095596386427664971569952322297463801985813589132839
23 0.2966349667754726006942733135014361167927413003595498727981537991869878353217753140920665881426915085099841892744325343783297258
24 0.2277846887294122594684945749092145086255952535583899057144599005925130964159980796571991056898563129423019765307164588792723718
25 0.1659844860458708349902374806711280200640336231030404145945442237500161471817797207034288516308733707633538629293157182665483713
26 0.1106018982169423643322762895197545580686097654101321370367464873528983315758730159189593983350131840363196465016679758143002723
27 0.06097232456279102434459165500114443316635480791948728401185837286203857321862684549308373120118656980729983783298440693713098433
28 0.01645483614366628710713944215069340514335004679487874114233374216987565458051335994897337815400330161559402312954405436349828481
29 -0.02354184639408413497492806593360546940203191346435534886988716048247503175754651579856597907193870673620441318500748622430635914
30 -0.05954964041151266448689898386444970419960295563467305504262802054323904255655226134009111783575843599892898402044762418361422366
31 -0.09203999468337964333217172597817848194353176715894154431199301144215475819851948394103631405458067544934218703241592068292148488
32 -0.1214270891364868856780687520359237899607124901771188286538621087536189594410918704118064750922579825385688140359221311545486044
33 -0.1480729540170991825312688375757695915771120968888384618942940800030107714858476681572539441181892539266511441805089911112190246
34 -0.1722932100794860468061915436928438681820525766700806537447354194744615409467726133266287710989848749899757427620945582558475488
35 -0.1943627491918420345408343416006487652594044148515237997741116926289074811187231010174853280684865187902757493573651446564057894
36 -0.2145210229234251790296038781486422463326169631451944052241285406707347490397611673296767878085984561088138423034945291434120755
37 -0.2329768001393562299086825747483864997809463520487720851298115605420084994034737855234347370682205680039997072114224624209732113
38 -0.2499123594017783397527793150820238064898225569608059795669886861977456588731425496069396769714502056138057833798299218073842686
39 -0.2654871361283776984836599114005627882320039509308392452189372540108653432266014290791650697594476149486013752069423301213277606
40 -0.2798408700038012487630974934494855437458022925972864304855976432150188144989540335142000246282374368349349338510405886770059637
41 -0.2930963078096126799321046212526810211285150161963501859297688920578144031548593125326969180491760280232771053868239110431868168
42 -0.3053615179811140905629726100184606062880924715719578527840706678530486988906088913404077817535727346595188423544855705660395877
43 -0.3167318700247757725602994504152354124588571528970230073490799274862466382757830773661208636965394691025980291982964905369615166
44 -0.3272917268190100154606101898721808075962547282952718140495408523000373256434996391913817907394167743660903729380921432095346277
45 -0.3371158920889502343336895538812614304215848547607808869226396812290613688811321042336056344072728672535995252435756638161434188
46 -0.3462708496904030793360238546203864864359699949089524276983767384029468963273410771604850308888677075931632882799732409478936765
47 -0.354815826102214177176183664178052814023745863839190384832614279449122638558865539166581617707801319360626664264862093897159052
48 -0.3628037028527341796702645343255958374787755146620633020319662225028217507352005336459848029448576512901137909901789057792848808
49 -0.3702818015279671728320972363711750866001046021377932947629883611428056695123264055660006754439111607381263887734479183962797561
50 -0.3772925605022605783483510242580148859894001796316409113560052688146659277703927336774505903943831691918518266791441202388551994
51 -0.3838741195460287577324604045635067263582954100599146850101649165797046857266738304865721572374281063350473556294502420907524849
52 -0.3900608259379663228157148510980681723180418912743172287187654210816956300158555382620364451673133331728082839906749327877043039
53 -0.3958836735796638803305641023922295307671008048780177563862948810901237323120410192379106108991844388783116852948741498024142535
54 -0.4013706848205029781518094407978366189948915898872104639190468970943825271866345586826628842034762620544950051569414032481413159
55 -0.4065472431981200484501765414119010248894695915535817908043566390284126124351944541623468442430640224477104501810898684912443757
56 -0.4114363840390914745451382216454041905064787421709229580971965385123282740563264012457688661422553381590976466190662088094353666
57 -0.4160590488067244596225844831128987140988637083128269589081411586895630527821429550611777102529005683311438763578613553918526083
58 -0.4204343081947672725660551042238985350449512112404515602472063314850670610377064049348986984707373410864738775243796020311516675
59 -0.424579558219539696577085989664928580654357630474714868448479118937494291043613452351634649212278795204067615778307840371648518
60 -0.4285106929350279343140849705685520117359941802412803723648292620792956176316150717584372946281181231311083531197151421583279466
61 -0.4322422568663548831821187735315392435035003280795636693760141744433758042087923147795636760080749405814885806972535057226059536
62 -0.4357875798104597841114045899646033986036272500974088807372376514746091294083802812192929858692438494618374265798755710949017941
63 -0.4391588962752712028260758005901363964153952269838474107994022331962893451120410511528885669264685425566663181898790597725388427
64 -0.4423674515088872448622333294110525679789389293486324290168770477933116146873328298466613532508135368590941681917947120673988284
65 -0.4454235957989372912415882705765842728231702345327126533602825362271387402343863792816077675190759541682099277649602446824044479
66 -0.4483368684916145516623245052694001121857461876416424503911357030646832586954772074232485688880742625807541921114052163869633061
67 -0.4511160729833662806276383470355315172220214452367076096116315134750059723890833498601786996569994528015954554827034886815435392
68 -0.4537693437705159998662422314418638079020504902661146489472596382866342752709033450638694276226234651022552564341431160990308325
69 -0.456304206498670756331013454739139062716716008705326354544480745445694935114104963998347084946212188905264289748645082849079003
70 -0.4587276318308779528422479913458273887032896410352592411833047955042423557696883895194961239778607798415944802710581771685740929
71 -0.4610460838479959976870868990038594608033918951665600002769782539606224741737855163798376477768242295452291100215500312135799493
72 -0.4632655636039955666101404318378626353945714895559028420123680688531319696939175401500512002413033752415759804185532078172988488
73 -0.4653916483807013438805758710539183636700491589334680842273446305944039715204723126804302232433673367152633377009693829987948916
74 -0.4674295271189573017433866558118367402594441397003195523163381073407758626959323120712232516662223673408602766397626460965353092
75 -0.4693840324447846291606685568622322376219106413111133510998915363400054265918245302051368846647133443042524579304213529461396359
76 -0.471259669658477645463360387288404866340974305093479290437378431938227128348437101013446467066922780446819031441660285573836406
77 -0.4730606430106311257023337229416077522003919341975062132230328335565984358612261106054266089427564108144257660915367472335467799
78 -0.4747908795508651895410473361728964238308864676456705154432004447338750078832753107385414044265958410574201916437320348688998771
79 -0.4764540508017074721755212876881029692389673293167650747267801093063211417865878814142412986790565629765598945504296083882443287
80 -0.478053592481023390151091519520684019766141817536168934853175940990825456867693954252563153278283743497370584822279080482821483
81 -0.4795927224709719926231738725681818138381163467928208322857226985796046495354714238548172807638797898075327034824275744840844018
82 -0.4810744572092106465033260925767929006434874371475940396339362689125091909191368172888530659968695870905230428244584195735687341
83 -0.482501626658552282079172653873220272429300603258054347894230809443585796148442558170729258749614230516229826326433001115536167
84 -0.4838768879941307861097499650750093366593802840189631765786324868466054044807592846332935251446120634810091312999870240237432306
85 -0.4852027381320417399388701509681207577929043776923836664456103514355928465642612383262914944546969501318759106885543099890118169
86 -0.4864815252101293172177889655513930448160114520708008422688913760084793486941752072274044263763680489920221378144325780670529554
87 -0.4877154591198553534250530539323369093848920970692295170195774894754883504872553779808731252400066269407940750048455749831281652
88 -0.4889066211778147366558963568914533230870964251706534115490133884862853949155645473776616949501841676901964768929210935376016361
89 -0.4900569730162808240947221126590079558595103080835116332242476037652700223036402091829791312888417757432601272669600947416836693
90 -0.49116836476402721567323574485372713845883529995463809332990135718603492483152121913615644715251458283046309408744094923496481
91 -0.4922425425814494103815954466918842740785665308069874574219131137043275481249880928326441194706843935738546236361928070523155583
92 -0.4932811556075901383499260534668140836786453993602485402591277510770522150848069685601629977744376140455957994040071175064282534
93 -0.4942857623709586206454404428750961799436365165052582790372965991552750835262182995019658495211459717942018408659549434255527582
94 -0.4952578367109423445205162705973918618646615160249579848237021730236411947845407484153939728995720647004375049158909724554966766
95 -0.4961987732520666687911203719824393117805258880933808130088313973216017564893260547209742385525831815363648355473424811301325731
96 -0.497109892469298550154880521397116579423818169806174963098963737177443879884955207216126306099722597127402857934503166612947465
97 -0.4979924453789598397157814941065618284375632337871653198945805691039960630287347404894918478493025075527744507969527405309474138
98 -0.4988476178865638620450429565872531384461944757482910467186378858924087262943306991106937206686906873640125324087859218508685536
99 -0.4996765348199733372035736106642449589554181900782444879542216966688109971645224879181004916318683473827985652811023158722986086
100 -0.5004802636736603785274218426614328725550351888085242143589628834307329370511177397365570313984331641538451867908391305583770082
