4 0.66767523005759064173498885174714804680361156994090767077200196260373302668401519997115224360066718087568464309809718980436339
5 -0.815428756097391694768554811806262241061888934024447960397858186554514653369257101855758078419595678228318996712907969219214239
6 -0.192450089729875254836382926833985818549200583756708958672867442161325890767644448564571798528583175075069571268378522558885548
7 -0.654040316959621409100464337000214566452285055645003988356003253347297457139021610685620025694392722345513934436872114886785877
8 1.33938707052073402446567561361652211601263438070566526357904931517081957405140839905562192907421050328623013020528353791613017
9 -0.0318171438754554156583334689133538686903565449755039278655557132840104528077637453061125733818876087589272120433900038552672783
10 0.193270402740728262411477495842052268086216853281447501923662590064928750689976634998503841528695242894300535290865597893312793
11 -0.81007498230862897804283452453040092201848018019807031058211448128666046994648054112087155040472689186204294980209098463414104
12 -1.06838798878841460668391179429837607055121018882085547566753213727683877146756211466397753967250049019350185607752180076991981
13 -0.999997878904134254706977488258435641424469736955839972821623330881491709832685050138529685668365297922284427002976825767523653
14 -0.768550968802253597274506469418147240211175695716268087150627358020488247119191295191096259041796692660477936829252673882642309
15 -0.488754408766812883994228633936767441526308133075324833032644006845033897334014752516660048189058273298496101890714092162026131
16 -0.222433537825906941016798534021080243121859993449881979334368075070573867307592286970338332670428914026730616748828498244713495
17 0.00638049857803783164399975977573478180970046633899333740111796719013096532657453918558084765489921322104352164832030542123193917
18 0.193262687876155578156193576453090617520844982988105877471955374119523776048425133313251747321393297299836898888666376338612226
19 0.341962461021552027931455786436399470812939401410864685904054442627201999851544771156004682540057062842566834847528435664039134
20 0.458718898528357082650352164683999572948831860526333077469246154183669069432096474917288496276958529645902673292150378038741324
21 0.549822737192680128806073679037255238485729534748044267491910080489629031891939277324432413404791730546016896392974179800118595
22 0.620744001069027762127602944553001187885012715235226066028328844586100835934992455769020602536456804838261806768218205453212526
23 0.675941236621869726269848266192537637924682792313154947729602815802076843439176915895654258810057345726378871998027058988016789
24 0.718934733425641276369410653639213830686391857107222117439901505132723760367057980560098910743651393251728063672642445376477357
25 0.752460110837202073966879671369062300533632786867491748543462456832733270926613781103085489935105422606829287023143817624782823
26 0.778627740658746716806867047012072498212361569861789633265402237183872209610272387993516372233618742127104632483492242161029347
27 0.799061802556318727826714637089463555288266998246953920576528192448020197599285252164487168356201240994524540397286705007360989
28 0.815013002732654286760836388571420043051408283431632675051702253018627082471715786820352241251626641832876934262155591523437506
29 0.827446696943582776062882800061213023927259523532890439240346684112965844839797736885867956410649484750424357729448087658170119
30 0.837110508992974886341026573968216691370395333501854638179499946288344701179144766697429154655962205750908744865771480038586653
31 0.844585735681478600660642364007270484817958023827905276165755323453731879935493134705656066113279593789127497669748909783240652
32 0.850326276058767109166382991389873429546984088162725157715880801044955732992188620494035057738267873854119034516023016041384942
33 0.85468809735107600772892388938880043720175264562341270256496344000106572714102501792025264655323520403999349913574116908083035
34 0.857951572639785939817762976282200342936975404538776263575527775685004419322922782749302764321867601577138614865255624506133847
35 0.860338463255681762986435540827790438040833585920530854920275214493176015495106379952877931802821076057251845953452712175556561
36 0.86202487743507460375885823127749623911497911860353233249232995364103419346380840642437435879105313334556355126854273102618631
37 0.863151200088324844405584249132558625785442499045624934927307925267619468770081985143797356643292208173073798726814664949152283
38 0.86382973574688563071569220623805179477305453481599132313175774168230115322949327750652170124659814761999800171444660372998644
39 0.864150618541184920703930691683822385424547884958734155553404278257295835248939262015823646133124968831854806517577437480686911
40 0.864186403450736308835870321460823544395030094639700474928323222758897394526793558518232368544166480993144830041444873686346021
41 0.86399564959902756965857420408608857189477143048498993917676163637814378450855780817983172921692925983321894050715250082985266
42 0.863625729604451264150864008419809020044080753348945999735339367344979643643546386254659919065031437729858433452251026906030813
43 0.863115041921392297953032561395032248898273013912561369619733100517054435481644687859711720875816016967097023443601261103789993
44 0.862494760532640299302830176627396496073370158692668376173521639024776312663705769026655034678946764947745918794310008131047329
45 0.861790224483113075597423287667681013278090429162917381954525757040946913933201882400085118405178206594090804348993525443746234
46 0.861022045788973956128627374734265788954636793785584354217675566204909343911238888863876109156534942835375325413418172158242952
47 0.860206996173071623516751462878610629786609076114455272264156367447154801681186196843301909377203136970873526747114898037848731
48 0.859358719367618759331937240273929409033142445324065828383024107083715670021520786090409134762342613765576473718964787895613366
49 0.858488305284371635414028332967999960684485623009246116585966829612220503248316177212431441205461459984997905688124478835451681
50 0.857604754366268862784804807064497902711754776621344143195499120287285319462008355294631978408770998422465300011709262048581008
51 0.856715354298588480039432471790831105129672383866623746822886932250314626061366104769075029686672385985981691560999031543280034
52 0.855825986522908982001250901695061384174123839180497797993422240710911007287262709210982480076582416698006733549123427505778865
53 0.85494137632792998739389202111169775547336388586306165198947871184647458804851178416873272706001060317435105512087564841969834
54 0.854065297435817932487250321780505263599309273077443356342001834264084198664956123941630080653026367385710758603440879036229274
55 0.853200739771601525630578759808638770584537705026769050921549354035060068080897663712385762764596513815812233790255503239931073
56 0.85235004735284103592313177160257729356152746128305864481336171098766148748069237495654993115649573022207357298927973957710189
57 0.85151503185839878426482773305853211744145074569763800394381144341592331208497578410310938260189894035424314287432878572322491
58 0.850697066345550137452435890847322957439353771525673503788119004434264920281068238749416581692065292439280614320615378812202184
59 0.849897162720249321706488726351366946660428067515138854201144699278798243431023212623312305933244977226300402046710167709890182
60 0.84911603587715667549868449674899143447333865048124857036658350073410536371554915830053116996488769398689018103824099132732626
61 0.848354156876252936658088728568894484782810215887006336864974164919378564722007495988123427584711549910254613890815890648347151
62 0.847611797082220645879907830291201100126039438331476631493647369660967509285268861710579328461495208819139455904860733231623602
63 0.846889064838473284965054807623672109706399962412181810909681202192213465894599201359468078711044831717043152419080787756937705
64 0.846185935961962782696242274459615754256938236231807097791231125780119092962662022191519932861321618480228310384607229238015559
65 0.845502279113747820412762499862992885791172280069916048443518195313703303174714403079326819414963835464125277145496747333125593
66 0.844837876912789341629837483861493162162652253695091426038385202312073580994514029618606811741142271909940767343084283258878989
67 0.844192443507898926728753466729557531646591334616170400587782310066455991999820012784807464330926871776989240335714582198997013
68 0.843565639198345771175091628784140425159038210050979721387783578995303117266156488227165135107018238426447700381134338519293036
69 0.842957082591884053392119356563609746476823655877842424063206988718863136984857711276235350683345490312352887741624189111878982
70 0.842366360705555795590480216632689404023505509380276986426161928882920206127284358481325723489620647714412130855018224890096436
71 0.841793037346087093445892554320863020497757984412908489337487210178381428465404695918981065382123430998722357907769973250335456
72 0.841236660050247873528763905474991158845293846198236419030287001013049618247017330729082638179329545395088128880082998147613439
73 0.84069676581895220239111510628524495528354687384009705233838126835810545457101488739228298592075508975461439771862962693683578
74 0.840172885840335838667077594436404359631710978836604950607774729946984554991702962705180502838378576719735408451530934242786369
75 0.839664549365103675141242680576987219048399096980341242341154782904120198486078370251570766287507359371885316260590881697239981
76 0.83917128687091145532482126164152780213190697767007544383461056918173297905317185570490808765517929875599778674368192635421569
77 0.838692632630474426280498222098297226819863851517212637404857129423024845355534483094989796924715837158738148735388332483677404
78 0.838228126779699026623164462457972005158284559106454738186607689676846054621196155110908766227500859016526154051720724992330862
79 0.837777316966774281349889769553146742837199655893486529079634869801202264774290005338175797638537295882963899281354948426906215
80 0.837339759650315100418544257667675346417314598409867927320621941181583916916891245091668322634451155699938503039377461965028367
81 0.836915021103891816653855488373847113060280469996683706283431098748863960280796305981799602183334158657457158676400494221534348
82 0.836502678175256920933516762448001814804773060829245189877799863320493345089680166177934451986021812613354474812671139854619442
83 0.836102318841000965038615401859576582861242622609060603565851235851594405060079774582728081268304122554617573432617633244476029
84 0.835713542590995526743150597141121371387043536495927385550138129180829014387666633519913311198618455645653123820797534200120879
85 0.835335960671613879439592981007545243686775931214032112146240642600664932450779451935499083288661018972318491867737156841509768
86 0.834969196212195411823964766200389135274798706400553079385718720534925419364693723058307331552833933461412969966010099839768409
87 0.834612884255401591390448022658557269483239457089276684488383522259155143590423875645096166463395744867428894687510013653863424
88 0.834266671708885973909262336747717440272099288132544078056370780360110636451491146571766161206038348240708790549893955828155735
89 0.833930217232973949745491165067413215548957570329159123851868477446872822259597362395366608422620240783521378159591689049777082
90 0.833603191076740726514653960366826828980562325846938627876943684021435619120192646344814607819708819640153037925892743395350077
91 0.833285274872922545605885546384052690498944659295443405695522734515512277451786214431028690050879484581448057336429206608151348
92 0.832976161400441109773993994645487970851337130387497373218141507603097962728774555299904933008574941472160151390085290354555137
93 0.832675554321918360984100954356752307109925697536488788143117283617055930912842454430166161209236248234011967299129793471710506
94 0.832383167902369206588640699802790066404631407865542420325658354256279803699082221303736443623184511049143374879555315618173354
95 0.832098726714250842858428731073849122135877696963207270556709058452889698093637904135282588016265989003336096515016152919820154
96 0.831821965333191423757216857666259217344884047306736578027419935637220048892749899832186187693400919822885081956089763579758416
97 0.83155262802799474158268926525862512262166389008998749152092712565437217556583417186907136291698479689199791984071841667746328
98 0.83129046844790171181201010532829474059025632826167283645874150639508680147505541677463758381352551972520036421321038486861104
99 0.831035249309567206921156510584748040870419831984903598697714903195331160788889916792661640147148910464999880602320680638198721
100 0.830786742085768130434948537925280072971609316407978024304331002889735312664693486437094340021004053094280028265201674646998436
