4 -0.22732422685076171366511538557809829546135094611869904716452720807637109665023629036679514654779062331951867532216240029587866
5 -0.41758704748355034116653893464895862866214855176371588877845225704213394966177184321216878846196709814214726583340686100052409
6 0.062294887433596181830629964443553915784263985554968340577450560263556366910616125762306031423589989117847834131093233052533302
7 0.86042153600690198843605754413747087600777833484547131370745739498419375649909940024245181749039573757159323867470976947301761
8 -0.66146465938976377797506774358033133656903411513920754994286854951434089888139942506770576864456877762576678548628877639889371
9 0.30491860467301422057147503888459957671775135569856294098876943863484182976882835972637934685948753967247307125310271998360052
10 0.094379348171717229376707600518986877327594077876648096872640110828324525632050870686146241779208374098765052473447929379283785
11 0.63203439818775025424395934830585311697391920582021631884793159628396925366122630176816370798413166039261783350262757791378871
12 0.18466067792207066229187828157841698030117590919919255707870258498149895908013014175138136726669580003509728511494271653363694
13 -0.28303854470880249172645499032277041863312132683437973888862163814202152544907840584938634311448971441511895124651491277782652
14 -0.64281698582595745559605332449136626133982747593118213709139819876274174258143276721652675313078331220086939708249907781345884
15 -0.87897799589963792285632281676995723769094767554536817728333473508255489470558951159649265969789312534729523339807833137275134
16 -1.0111693113636251239309046611043058799242620760742761641395022436224762579260997069867683674542546980845820711289489215984939
17 -1.0681230928923575651381017724033109221226750858226755508207540893915367495808547518159398926749310669622866219794715325185249
18 -1.0754010846010709723994948913462655043053431014060560918755025209800608272858464447117690497076187031749511741316354849400779
19 -1.0520750418748775063238064930653324982701062003794562060295890211205956590619289060579879119518064632976075697840203736318521
20 -1.0111979003731041400714850581023235611199281379835978596326242694247363707478279819437737319108783048007322520420839300730599
21 -0.96126770281672182251642368623342298495931148474798156552018035560950974280784051905051435301069014664947012793954153008991123
22 -0.90762695224955747486480951686181732091459663909777289082675534226168744977198520886669969546132421509167898273559967604164211
23 -0.85352929561633295034276350825778852603538615517135691954810758390483560463495526371844016165756600112107702314108855222228497
24 -0.80088155694790450377691084545880319590977076471821344543993992679663489895718667209676011306428613907009826708939420792496261
25 -0.7507374716286459586319893955222043069342680054870118211859859958054060099803987777677049252114449106304959784846463265137932
26 -0.70361858678699706054002913561194303691564768886142892157810181728997347713445017266326249457169899029844031500832115366062147
27 -0.65972009260236914574408050874034574771422666034907104370696733707032464600665336533047663597469182514567485546736815496192687
28 -0.61904174572924992767221001318150268858608940458912897319413239391225566769487565216907199737042215497514335114716206450019932
29 -0.58147058384735655450148376050826740056584445530213885559826585442754779235419008811590457402443473257585659070510731928322001
30 -0.54683279107716469700897493616743454531413454320780650802622540419032780355237103586058584415278482846621107881948586813528767
31 -0.51492588077189835761262579383090661398914913859583276109255036549314700896177001599961442587823375205765792390715458849744388
32 -0.48553834545046647328348155833893369349191687904722978577202713232281131852044702593801902817504146877404925776720870394255448
33 -0.45846134585694937492122438968151904601169976546500641623600089781667795857969260090614129006532639516353790685187045830796939
34 -0.43349536370149115398234893078032492804744376873304797833775012894187493063495089011907923580423185567420483475896010445154809
35 -0.41045369038087329931015295159334677654065015055299873687906537293691557921103104437144669446713867822099401286289203152633207
36 -0.38916395093187587674134617468228720733395168245649913349570655791694159332575673439422695146176781041534243760982096260593162
37 -0.36946843096766279003894815144613145792672149114605323285123590068092362986262410897842123590506089593628162082426063842703583
38 -0.35122369698728953394301993887807602722753922401451565939414008018694579458357331117092496610115263627391674244173382442974173
39 -0.33429982175847642579580817606023325882340944295451829045279733034127945608330267518966821908845756587262807114471938613111284
40 -0.31857941117287051864211286567879910674272697529030265934626846991143574307142241927773522184726112253244508448400983993390345
41 -0.30395655454550300637471900150758488263088131283135850916983155907083145808194145554322184729289971459375615011908313628525382
42 -0.29033577234784369636272387177678986460181437652121521335154529861160604802842479994519925449827657047792898484773459050937257
43 -0.27763100454031015214011728996999518123871965104778418752774062379477987789049597174726568705695557170435914237624643807634888
44 -0.26576466300204937050024273356495980085735504384813731350576449504281401070343383151421947287944383858604890972702950179271505
45 -0.25466675914646595403863790605244900496556177860672712355116880734417945163358564117610291996512863107280548576935244439012215
46 -0.24427411012160687696432775080402346579466851950201854401659446344492794551349164052095456349709634675770549757471612375843335
47 -0.23452962236623479506467482879090405569125607731370174989935841868130827767898478707424106146452154817874185231993934718823702
48 -0.22538164863891505233084674218220784972759444681442482005089897269865811997516075857851053135777253412401217456733069074168805
49 -0.21678341324657338577259854850772176585631631311185907185635754628984331698143681817926442863168880035007793504896940903659538
50 -0.20869249960403668723656078603525103764232685079872545113528657474400509595255915096319616435899121736285218060921506157044684
51 -0.20107039415177645343713945647059443291326936018965383702491005498001473224765534701974035273078907685251242650387354630073987
52 -0.19388208084659608730742850815970450644351432629432318024658525509160868773894924424102758174327747381702390741184415035294687
53 -0.18709568079075384514540967672385683882530575133504092237045316075171999238301387664275655010384598386086100406650464912250248
54 -0.18068213199677902401516426946830296545028976202929491362411008732737121213904301425950536913139407175755948236680761515497632
55 -0.1746149047463691065284266811439710667355737239266580633817665585065908121191358909655702542610364272539193068535555465703894
56 -0.16886974846067565021935853012836267517183629909451598632283623619497014612399359039529582881438359699513799300932534860104487
57 -0.16342446643753352908119649318830040717158704918679621852094850993809600057696293877191360163454090567563386710354413800655031
58 -0.15825871521878230823036092605794906623043101499370244135545128886323400752567457736533504393875964040830233645671833443399457
59 -0.15335382572320359117555276186131304144180372513889682311288104927043444886207613726694161234356209692589617378405041522556153
60 -0.14869264361656814968106456293662453127299170307983195561978369605451598192470521934795218307715003541960273764727441166111237
61 -0.14425938669070731501269109664611857377399750998599867537145112983547551469425686678811426801818552739316615481734340571290256
62 -0.14003951729041686014560115770931026020660722157243195100538587365780595998180328120471056413640629766114229825089625233423056
63 -0.13601962806299180457398637754324548112566273238039212431641718287809895106576719458878118969222377379966771946575832541529964
64 -0.13218733951314222364469247282338491385052109467774462725504096252538140994834453849378948038301378027115546704402696781798636
65 -0.12853120802883739697183549605528417410406716846847283651438164538442047266432837758298532449650504157114891170439709970097183
66 -0.12504064320403960988041270877251603114210816502239992242935391057465793199011710160632820405216370713104542251405932798364235
67 -0.121705833424904524969930414155099150946510973453157652963667174298252394528165542031769978416296645396297639009299003976878
68 -0.1185176788092057512445576029593659857817628272331527509723475645736915148722428628870685654707404501433081412429261060884374
69 -0.11546773069661793480550688081340942730012366712405158391452023343164585548493964551635672352167662842470746981472104949943233
70 -0.11254813698196714006870129208478558834876840967601770497473481198693532381422523114093118616930866545315349892359255320898223
71 -0.10975159266631415124930678427075707889190821567695228767285896087400992334963541028131905574073511737113869037239009923859903
72 -0.10707129507325972262011421580039269302810773641677315771123012108794548023730884919059097390368250133720413213485996253126416
73 -0.10450090324145282764607080441017552456974024605486102198064837913635036336802923326018495724660207494611158604560771583325577
74 -0.10203450106008250756636377716978930246927757795651430233455741910002122025470786709891030799331289984548020094672038434935649
75 -0.099666563763134967655380722660878715179565434956861292386782321175461765234873202680932429850210120286574615744188107337765296
76 -0.09739192744126622155143654599601756431020833541714542661000559250187680678877880615118262177534139310085018208830510153869728
77 -0.095205761268030726145548823406512581467873636253875700354459374168553439235980440463154700973193426268285956727813550211450136
78 -0.093103542170573847881394303891080279314142273671129363029776850007503980349691042005091817310667187166307301697491466819752929
79 -0.091081031704310878340775233679343624539381133389321447662975997183276102640711074669485484017189288520184779583657298060254042
80 -0.08913425491707347150440276140427244938796133414161479783787202119661334853416290731994437649720570696165859262903757425014636
81 -0.087259481011136954876481739838493433515743024225513329995484302512564645299050128375535164286637646551208245289419207260458893
82 -0.08545320563182401621461503552202970115458430294761475262043816498944631848000576048797149472364186356077334656120313651046657
83 -0.083712134629338177860328912299867852633531203236005608820052914740715802303371017790041301502384917555544149076142943906529012
84 -0.08203316915639845455385506762291791900013051927777339915897091653083756874680181426302068740889677207452068004885701360149584
85 -0.080413391978372300516226282092012490846400791169335454853381335202695404419123857307841822136900458003515348097075114717726004
86 -0.078850054885153345383944863527741754889577570901402868941283146230399009210616738633314220210857187402838465661703640449861054
87 -0.077340567105191970656681634385983465023001970994164404840375097951548349397582063784834113616651442135670789342408566259698885
88 -0.075882484632025121201057159064783924121148798374220601425175511354572905627142430840522820233073587286049279562465783106012474
89 -0.074473500382510818977994355849962851588179649530673921339653139791769818620700203172224810860669382956485596359902643699095406
90 -0.073111435113878615178639252928667909619201129429941094292950023488536462941145929995907995858869940557472745527684940438876664
91 -0.071794229033770029197253743237446123913143727595623178143843358349249224186873888274007995213412392454820392275097426260825105
92 -0.070519934043759639442589727041500098882330875314784438918594704115067490682596819615558755824777757796597536331860797804418788
93 -0.069286706562502846723230847660039637549442521086867396501872603909865096078778693603161052906003064341867924328438744502243157
94 -0.068092800879725057036910442809583271503666767784626389446181414836109793087843944666247834008080969158766215158434265664077861
95 -0.066936562996814773080384581444307949308683377789631245584532395623755132041495077828549277953546258011992581361026809323467378
96 -0.065816424913867645954059591665011753326519509745343482272891522381009141663819486527724209507972551774864470274536034192966655
97 -0.064730899326700871481687677364857297323327125390017133900792374235986779760934011475311228422108490618935055590524002048565834
98 -0.063678574700662377867796167254568744574985860875361646503496610078766566661479772539074036912288394571676554482556073391234438
99 -0.062658110691036755657821368351173426596290467804134325270720204229129286571794717157123882459648581392861866744703981269664553
100 -0.061668233882534942692295850149863347515218908754964134419876487343425659165034161835744356964066762944317260720993304130585659
