4 -0.0809772407411724304426541119548491240565293845723575654179488453012973882522464878212965602921606046107520018758081548468797
5 1.06114928259055448261779852688670609654938773908320311966355712253676597115864365385777875629472568637642874956603454082685
6 0.142681903726424310759960446605561378473387569951724047323849020866090626625952631064656088304988563342193048508171049034745
7 -1.05507327447986551134857350058650111185706932449263138254954700270123794800842253798255789527321079571307760220482832700832
8 1.00063286705703781910687854694470352352888756606504049019556779009696602971396240999570008175825078011804022774662200044363
9 -0.905956579253323699760018186523183784064227532105061434930129226821295095591599703115577688163400499671231706224264244326981
10 0.258635307882283380011055014578932801419097993686593084326789371967434153423502539800618516590807688169527823563262628248301
11 0.420850433360712054080015405501614136069418650201757721484639313857425266171516962380493655468769654087758499378123452273613
12 -0.129967095945384309053638164469756450376924759966569949224430715818334770948392547906752147696997074764900986161288392108909
13 -0.0674455745539099974804565832712185543046952331506553422466687257189392470657214413901113347867284277906994558671195580979781
14 0.15509818880248987675509468526163093789001632241661366855126392973741581210237577311011350624213671531853472701436089112116
15 0.369824760496098438060640469539488103873572326469043355863190150382591936451533590866165537104473868826639520182381161416883
16 0.535226326323897414320737786477693276946791081497690465083618982303316793248462130837260906500973064180946408765115127457619
17 0.648782287745062002183979159599925817747597111113748273374096662752805184206978889883506421685348324850765497665628172758638
18 0.719200804539829545163683488636604621138577211984373620190020761865896143730124363218775389097530782289997261342014056826829
19 0.757046263788299076960620582995993450404224262308630084141908434096590998486742102364893565290949126313450742891329375077871
20 0.771625060017735040226335611691868267601807467167909746875702919312220114581772296585775331573629040396630633682371140361568
21 0.770234396364554648107331333000662099775100070970931379719338745056713625614032856388987987306386965066826497348932067267467
22 0.758272899876426023162456707581755170398956200220610109255489410463529339857355084752182037696729656846437138716604066945759
23 0.739602134787999523950762490832608283607893116624079207336642307221434390261671279768548104292750673236680610361869437244179
24 0.716923831688524845966023389399268417774686944583175581126338787872161364983820606743651664614806398033462496583271438136334
25 0.692096667830910273256701424885484383263889842412688051873243891549016562922565272233896589926252883337883342659803035161736
26 0.666379580824994377910250881629798626980588328083040080396138703159733920760506909143376994304197682085901889503940937578818
27 0.640610455048422836635774353538531590259104093979779631501465827701471455039199870995128970195002321939220597812689125042561
28 0.61533417038176510299485293814266542589603077519546952149756114129836572263034993769363230379767475506252872338190105906753
29 0.590893104329493663991206182222530593415333617693431284120251299751608166540081692684740587296446666264543306274744495511798
30 0.567490597136428998634793411901808201315204269886280299600082123358142771719369451093801007251530910125706922296424181770246
31 0.545235258034835474710592011268901481142550881705528817284605183576529011182805135982086282990052336987388307371824832304756
32 0.524171812560487435410807498686009584306954153129219402282435519334862720407611313986127264135619975585674963919846964545549
33 0.504302536212460328918522709651752048089241594068382330277548909029672116496588779475310216184281397387737247977845604293962
34 0.485602115744386449545694623405217815008206925939588970867880973584470071854591483124679457903904410025093366003393147294332
35 0.4680279234467589889756533093408333756793030784111875192106817067452998435194944202257046471247339836010797770634445882827
36 0.451527088938482252654519543438554329672043721894892314944080885001660151130675135616554632541443689010876019187698613926553
37 0.436041333932754649889209924091378556060501796919412978193325507795724926388069225703659741018712125200233279345006174814095
38 0.421510243965650778081822699464314610449260211581393571605056091618619576613371339572993279409230792145738329707538357995507
39 0.407873448404770785881778483784889981506278165280770427091699622518407258216404817773706820099826765852342909501327355137001
40 0.39507203897143837625871014250879702651168977622738413639747805441936750435976690025286586644360951697429568590993123988063
41 0.383049458596259218115164162758174000189709740717665176585171546553712063699040592853772459326655278805969339358421307411688
42 0.371752023602636988933625383275954750672786377230680155157611223069469249152739384826314359548186265531229929559980334950261
43 0.361129193945591705046973759254496915796718070203513115858961251862631088772152083484462571527768517873801065658399428502238
44 0.351133672288148065586807977220028872910051715189275891267374036201484229734243208148218946805687546511704298611804143016209
45 0.34172138876145980241214197441763104622035593285164190964892079090655703003434703774450091368185132897331584258246323321054
46 0.332851411336655882267836845977509379821978662244073446048621858635293135964918292957186142620299167436058971978257130871394
47 0.324485809755430547875302259176748310873855283885404440349208973251397902064387389011771777562082689677746722970481789218419
48 0.316589492470191734126588660523076182994633569267653753354456343039652716007384269972874060084233142105309596182398287297245
49 0.309130030015530813125675973019204994625001595244829592180085949479218827954589350517100368966409958686183534534022189876443
50 0.302077473955317769809327396938976979869546310666216581384981938374679976736163918379720324894144887134265923765986081338312
51 0.295404177518859399397811317291486621843462006014259826784517556883515242289449594643242594641213585858469833531653919903073
52 0.289084621897640340728648136413746438423295355113235854488384152548596767947693388663222606676213092512329298811442880602291
53 0.283095250667078360355409678837732725358926143504005813354577912535091157083302292309477610421616063711908310432665494673358
54 0.277414313744356492445032508401060681431323289036834772849267187751644920873280713659927070199484916154517754956821544031099
55 0.272021721564317587831043084765703724995954577062332771647820796308025682894581734469273982707315149579073099599679755991046
56 0.266898909657909566027765459521354277204605978546024321938304728958014976270819209131581763470127961607678170232422437663298
57 0.262028713485212397192642355518924784015556422843695494388593939286810582673164445659053497383426359453019829381845854153243
58 0.257395253159836006150816851072168465085264433443142252523779676410944040645319912911324317232181598879920526962133623917508
59 0.252983827569048902340208886981167960344426977697027069846208801055986644323711939988535462372017905790161370851789976452446
60 0.248780817319627484102358254859180725410883672029087867757068632737308158987757725257378614204256694513575540322333488462441
61 0.244773595905306584685792987989760547624751442494108674521293487086109145928759854665858693441146415770533286212520538973241
62 0.240950448485084034840603765125004440830740932869855041812495673709790341696358549109256347237121880061800660472687122397522
63 0.237300497673336175636615419696854802565306586986574639212763523946049760598890960390821343934926760554905001286878989598601
64 0.233813635766213757665396242516876088715881742063847698025248202685600102811151159632637627263557279583293770955842614090922
65 0.230480462859485601288961775151904537067983568193876133680227378666023825802762417328251800153059946106449587087219057938557
66 0.227292230347633044331075586679454429417980382336055962408668000053625483914628166469726120283030468367588589418970699676065
67 0.224240789330317624336482560894862674103824202928991416417336197573505698802302720099616074409050286000916680221304521502597
68 0.221318543488810279467568638781690009453004365246289406619660934651383109883777247204396529521074256472483544159044995331345
69 0.218518406030560219043817161476578268999041813959785386772008294241248087531341222241292097456519143818112116822709504259831
70 0.215833760334141375451819274804246686564963689392820861739633094533221108837651673527444482431888482391305163150367191110862
71 0.213258423958951379206003820833957367761284923473885025291254900592002856637537388387237209649466232996855128403570659058447
72 0.210786615714043602918982534944709434698821829054250959255410111161369319679814334374534127350516082649675294960193594243131
73 0.208412925508265938835283463973979807801294012540858461140289428985463453117861772641637113660204036448573532223596985007693
74 0.206132286729466453324052527865862941534092798221576584395760045799547867132474105366185563152210479116933036334020429742235
75 0.203939950923969294120226339839060464298820723808037363900377771664058050326731873696527115518973393035904315274945902831737
76 0.201831464568924118035746650638139427483913402758324036237187156031993687885738977090779932091672115448810226661242494146839
77 0.199802647749610317022638976095010339020532764650611804872953793318216444701440216138738619667927453950885863423196414490973
78 0.197849574571465935250343099614908473402745005410640443204781143469059425912103114796966696362422663141570816240294540510901
79 0.195968555152646606166734673174015762143953509307885340506383788560584753843678148123047760533050014999447058828366053734077
80 0.194156119057437088639044380724189968078493331379648188904639763974263561174040342130764152426706843679799146408891066219473
81 0.192409000043967549265148744214424139071598312017613919822458589799236497513247431817370775916405634169990806669640047321546
82 0.190724122011552589937462963286582528751416953830108057286356216866898962625815096825618421393293845579676004001974204471235
83 0.189098586043689398096818407886842085822248211558060673516979267742937851464951057323810551259290796348216790299271031576986
84 0.187529658452430242163205174213922293810664807840585292321005802641693202080309442587090286075362946036449605476129074856005
85 0.186014759738583326943562302554228041022793657104961764802585797240244185173917865200947523403156951240779724202765873490338
86 0.184551454390085911029355137289233917425107436112454038640218247311958000552849440088597519521200702302618082186590560490136
87 0.183137441448017698024132561106665376440267798666764508774049740795841714861077447816999952432519983426989561872629211179776
88 0.181770545776156382221296016484712917619082162730071849591955763465682578894804569678991907309312214401273837471357399960933
89 0.180448709975789295830743400756404743844632088980840859907106907106155746891012631389406643966816506779407134168346516621402
90 0.179169986892747233880399068036921150593308355988524614144188188153481694649020919975398014618044482632846868425100914445959
91 0.177932532668374544657727454400615157929977951689712744856627594746478706188827013130875798213024560350620327254301488927323
92 0.176734600290443761764077525686567742359342209681732022706312801259768975567469351739661593783655765513073479083017573565076
93 0.175574533603908682567199810354577766699712595585554009038071235177456999135945407585348153620694152604097344436573465693123
94 0.17445076174490756993025483231652715692129005202164225767709024473146129840584674106353481269254674760840551776624188814601
95 0.173361793964614648139766040735204631717624855123866454407867215881899167295181871342064740319498929927334784168782939708015
96 0.172306214812426137853058774106011126938731775383692909945984155398289377711681679597601346837227546191459449663590464815944
97 0.171282679650586236202516864270630613810879031176184908530150453273520832151570981239165046340021709152174097522586193335825
98 0.170289910474735192043353160987980313243399005869159376544817756567286657151474928139432550752118392926662516732861139780009
99 0.169326692017019742299451241488465536435506561972948715013411297646725201731163777382283845203466252048162249715767918710222
100 0.168391868110367025312444832011772860621411407135809829939961484176350012938984467300299724955498438415597162885936394729941
