4 -1.5980135837087028805021234997152353399173358773551203267000263429785552322088487462065802972630383182961876328775083327324
5 0.59568211865765751747502114370499063234169606784123382489776029737940723057505214301899449994384654172286758374264569795962
6 -0.96889344355008011584191260915312665722465406384249407481424923872886474776246275942052963726355115851171499525145206673815
7 0.11548568781935806049726091874199234814946713405703296045111443862257670217087907556772257201788086772212153012908283788554
8 -0.1887078595250874343482856408967160180205961465763043376017204326768031715855914250754987967814406488931804764612091130187
9 1.9848092647741331576274882458747788586311449178050001551264712242744098809150344593088089845701317334123999272025819460422
10 -0.41309749037894047919246762330457546094379805505006770764772150552972178339381375188983143353446939240066258983514520699427
11 -0.075691329072702709637941654198087621326786274388855283916502868365810674522186207299179651306743618932537195491669620286326
12 0.46431805427690040478790074556048396259949095336059801582858329301776070542132392164400002885332783890297213540740939127827
13 0.21127131041030494524565344302860717261116413036236416916712485539202840516245202851282204721790591146912408045104592647628
14 -0.037106160040904203960980665422522411336234578064798003422058521200442749393916137875588680978589750585638475716278428202416
15 -0.15970260494860455015965773667579939768651297619553040422622345440779897916405775913269021346326915292258357657202372618225
16 -0.18677812821763235319463860794752434794944292021143581405046595009863967611814012317412165597763868638065009840849772453236
17 -0.15761045227024989548571407904519127657007187163069224499885587357180024057572915673319090004676832639025503859650574620013
18 -0.099683766774524840610080191457823558398493042961135993956121856009780774306064793895967547909981623272590000264565052791167
19 -0.029750850158031814950965477102972911756953477852841196773328366873908579912512213050623999471238213637341639697125105960215
20 0.042668989789985350498027024466683842920728503016270637518642578172167557760104332671041567902952968123138773938256430620778
21 0.11251447942685322101637261863704713066808872714363366588931084483013670438252782237705895700373340116692711591883475879633
22 0.17734890537075181088390666849205493668497233609727971533190718582807810889939414985617131515111198575047983632884324300067
23 0.23622636128336333899264305453992591646965588116261031518244134150668848286409134228327919866577662844465015241638633706102
24 0.2890144064615583396694531045142216871796265919425230299913597094389062497538179266746792673744759541721589384016566541376
25 0.3359989217736010828994255428068591957324757275988905840068632544332072575835537869118806276601336555728092851301887719774
26 0.37765858765543711493876106156681189328339243986488271703094277582598349991949779892178167747105647471961616571635503068345
27 0.41453951501683582595095094838021158810683053335165322734662024712595502884266392489044959800247508592412145552911391237085
28 0.44718819529323755788711252468828630654894323627062808990820052567166384829276668520387613377720496801213539684833531455039
29 0.47611793774930641820346333207065922252130354406691625787535782808730345398469447412829284788474947113064098662982361808844
30 0.50179419605506513140659640873584766654910512325226624645475511277468229361653771991599227186834866958260865420617342578897
31 0.52463027165012030702282876357594753109363228877647583522748240039167460574234644177790520934932806996353833318098019508627
32 0.54498847423304484982630145487348982273805477364002683237893233318561340765259001361980110865616533201908665380083992800643
33 0.56318393059809620201833893858434709122130532879529433756751954675408440946903242795578402232685802513448950983352078502309
34 0.57948946777524969831398091210806959368527620408493521241471574662817368586235281747259150861803907918281994192179250429132
35 0.59414071466712422167524603915552578272352576707077886948418351161481635212661754654909219785035522414532389652721534563011
36 0.60734098069707553619561144814810507902045875600584931917448024102284951897528083987005231582146061340782344581232120822885
37 0.61926570582797516738508627052798477406009302469265321616801462395399799927654143948675143509399572497944807338578273859791
38 0.63006640768368508896154274229282928105646967757268466447841464571431833621810450287916009365078883356059760332240365429048
39 0.63987412206672638690885131769574933953269164811901049837963660227048071856072340782185931021244613952293838397670323887318
40 0.64880236866776620189498569468758566047791308723719684862464196789024166644299715331233706711537956367204157630605398905623
41 0.65694968936973484693392051508634943027853891300889945337286359779634885645493762919127347727560199183018376635432325151711
42 0.66440181115889893383133839014470815952747385605081024982358644284387315742420827691218411227333752132284970299756375852172
43 0.6712334844515199688286889801268014905159609672893733427672683511108679107217992824597959443428009777171804838258537014699
44 0.6775100436135903466194975821976731146851299556053442644982650460959988845928387379155443915827563003226936283315629017186
45 0.68328873127915003460715985837957125527013505016467963547626221825105755478805261915077425231000124572225713567260842882757
46 0.68861982268249521387882201744909293904362357646169510198704278276800861434461385309100096199699342772893774878306607301648
47 0.6935475810885334846993997556412618174646628700440602678324867673540245809323637981724503811094892668812218021280236398219
48 0.69811107075512363815107131519032294590287995607731079083310738448739676984585658466594780191254842672148540356141504314835
49 0.70234484976942635325248254070077420734764616785711447907244705610395804228970517098333259664077261908566126170513914331495
50 0.70627956156763291890592268287876049714214482823128638298541882900676917668324935861671149983315029985623290554973109072458
51 0.70994244093557066996174227747814161546040493607141259570573810563489799695656830763974338870572858624078017952816945115803
52 0.71335774774136563159841828748598701095174689380559661425246955962650136254719770634901419501904365678464959783747248183757
53 0.71654713951069803760338234089412393541660913579285211373743052469017940684472333233226640498779644836198663719523988601947
54 0.71952999216218068838953833193204942225879483065113032429058284295100452715850793650800924647956083738049972658790189270373
55 0.7223236767219620437972974772824973707981338646028658348078972444876100293123136411744844126911050604850064490468696107799
56 0.72494379858594338180972476448091641482482181082355357412575272403387480867355177333751961874063488199542801312210662659753
57 0.72740440485452192260839121223769588830235915706998817507747331041035530798449239004919716521287363262671444980098354629193
58 0.7297181643940744539492895457615953452955103610985155041611778009095831337157699690641468293523511959940852950193162176001
59 0.73189652455244612585798071748976859205777797338837967496848697307470070798055626042237852906957206636532527399404381249259
60 0.73394984784821217091394447151911522502602335463207089491711176996338381453223352468055808763839215393178914081012077078173
61 0.73588753144520259780244850735337515348053382041003335606534227346560565380724042247378770104347468433464445597795210728544
62 0.73771811179792271198967066649624558609978478751435348591329657977326482156090335308207970227355632982060548053720077375959
63 0.73944935649614653086837141722201006486642469945328681134540387731633371529159134401421682263358772780977639373668471318677
64 0.74108834503658546584686873837295569462835400501947929605895453225010025478874119978122903280707030423088248411806618377156
65 0.74264153999661036248580846333292792493667325526744977575137673720678662725264993746195215604103216831302243861731729015902
66 0.74411484987164592186490673521705912776785530281004314346423131269247648374969095775741745235921856668403736758371629493258
67 0.7455136846575358089498626914904252091120565210021108506992054447104644272182428390922691419507024654572475359397818734423
68 0.74684300510648765662926287567351805483578769388399508353911711172947484654585148410092577405965150143870410455859842653473
69 0.74810736645566627411119084652127232263556136324196060378881001286474156313437726663430870471029077559103932709666061850004
70 0.74931095731738834965834088657741058134732469663687184323157179989420592837624490245761860084397027482863570230417626628532
71 0.75045763432608815538207096984843473698474821908689860532842685851321610670279557740721427839654832564908041250749084419581
72 0.75155095305719457544492861593441032062196202875898205830967103556810742255876104514503258878164817311551474999647582930992
73 0.75259419566463645696164337040930999816269389982486489192002618284897567029446860071033336400246196526922248604199248146056
74 0.75359039562508098252597640728297176427195831728177811325454863328808208298469999156385440546937386079352415501223723769436
75 0.7545423599267066935835349364756706735512036079081785356778002934926566587301416593772164851402317742424873219066373407259
76 0.75545268899706017874308794066338315202200552826715016706881944433673982733876028474806270975094634002336552657260529455397
77 0.75632379462728632884870354527496354540401575563125131212478884089244970466245554072463418995673098903602424982228770364953
78 0.75715791611786737857609046971971022344373601116107566739980934277608912715957401358777792642300684542221811408112604533684
79 0.7579571348432065001879120927858792272176937910364391127854122620392129706321351073426629311218839389768513081145908049169
80 0.75872338740831501560525816730006209191279099970391651605215779404968735910810053375577795839146126641049622332959884915644
81 0.75945847754997345661631896398608204383896797240830149581078409092986696599228573733909182406613027658388033571857855890725
82 0.76016408691658255382742549251739444107948772981938213020121531427607990908380491562947438843281260108649806066001904265002
83 0.76084178484511614431487099682933832776753797664799410007049641881063173881447454808226197506887645845470917414358965694368
84 0.76149303723980692865724474862337613221318135837205334035986633229254003978081308724847834108532329567636586139134943054629
85 0.76211921464515944028338894430506529808398505004991746127043161974120873257460024175918985439823116798495791078047573655506
86 0.76272159959535486033140132714579019160823558500744455063809037090769810441199306280583371364957776186771423332698044944437
87 0.76330139331288630238228369888777955344587984996746049704872345778151678682559723292904416562662016399884306524966724850286
88 0.76385972182116700929823722086856470752111017595159159491510043029672426123176626970726822310668393920052972699486806498581
89 0.76439764152873842380579687412760226821225068481369873653889640956559423182543302143809102341570866794858508853948454705279
90 0.764916144336442219820528678792015530973750445700116440137444174351175218311774383985145782841525241085742071162361055101
91 0.76541616231339990177031665949851690915020233333258803047320352081368915553660726301449185139099684423197240349799510825396
92 0.76589857198277051841415119288267786787187386059599930365240481685741359032419595882236414144122459034597148070201144896295
93 0.76636419825394941940163775272372354099239651361976634726069572116942490016423621632341004816997941794743313018474326349687
94 0.76681381803405794043223209985886749008381538323641348601022937156756617842154845342473557754083585691198097227999350682956
95 0.76724816354819407978109621180604520014801759105150959094984705471984470081541050086128760318113522240945981987405670446101
96 0.7676679253949144221124729617973607361712009431011568927441985019640636592715267768132766678942260021337095887695367507112
97 0.7680737553607515732181703600746455937089365484658083915610373744581780343851063908664834788849892198682757456261984794892
98 0.7684662690151990111625836135849673768285575161159902765353289394825137736135963636178998789673838155092833895653090439816
99 0.76884604810548154102760944594701626670478448792900425016539752396072233116640891790641525499503809614350849131007473329465
100 0.76921364276854394135505748385972012335807727421705319275385288081286114670807121087162795521668404913494829900955751463638
