4 1.842123170343322848252988367401846468965082686256829924487006320114497904745868928538594395764482875218566101729581324177
5 -0.648856785998285961523810845888184953829456774103800300957706032699991705337642868907849128371319814437141825292698523263
6 0.1076733842803774420457736297707498178669476738364181103976399607222963790233293516297076790403343512259034913636604442371
7 -0.3308651908035329787484679150816454949788481058635537546762554255564489915184123339271218768188631129143008676813439565884
8 -1.028353739100236954035842666053632076243906876749887884034865400665315707966600440867776662459460602396738759213348177212
9 -1.015934794098803854292057313695761150516417069542038614046997483757324841092238598249539571232622971367399279926035219432
10 1.542140824855482140087201892227145341059240080413050423172864195058494771137229722765845446415191105524777439541955266455
11 0.2293682964923183281812657001612421862966055933628358275028746387883657858489740870115989928300321526451357830733206076976
12 -0.2196946640941905003330476344876956956587180945886672580264461105233034905588469364865971901281712897155559261418761231713
13 0.1937930473608506419894721056370554048836270849126510598449029275452160277410686053557039070006642301655837320402025138925
14 0.3804563979447172621318840965769997647785785042686101764942580083861845009141816402014676281172418969656585037103040760418
15 0.3697011508183168955929562095856778024769402709897436092682874690428949450387270145377434323089697765516922216878329829279
16 0.2775902160323593374736057619073136509379386007870572507856211865535878906842145605079443620803400413418862170673318519447
17 0.1673434602453504719679511617654363719689098574609210592684052197085334018229609043306921968695341886390244193170102605285
18 0.06523115869969386616248279294786543660693138105033662889966485587871771454054432375465003346035314138414855569399747326455
19 -0.02024703155442240244081975681568535013856917152754925371615156965029714597217008894851812239676067872317697991855024667341
20 -0.0881496018384717186528419286021464588662509776383706252539758616131768851649458218675257232944311408932476065573097774906
21 -0.1403706353583058345819302423311845472450025279181252459315442411389888620485044057059437203194468807426013536087615724882
22 -0.1795833744294120777991777518562550577603980565473238871855908588293896707777113042389636502190207106231026226986746468455
23 -0.2084045166604767816755704833475165350834983651835954990283474801209356805713464041828749260513032660733684454246335943941
24 -0.2291010505149051402239126573911448801665975244316374061006584803422930837040382683113225378263550339888337732940991722606
25 -0.24352879263831219150476169585319860488405423251191813366778344682641611955814350280923369905569291613511607981018771138
26 -0.2531621259650493052784268876051216217614485063415651144533676065705121326503730760772764485515392967699562950543906398359
27 -0.2591528945700850913624442263216090679354489188712854569616345107890333590583982658757740217743104678209809253623682799574
28 -0.262392364520533605363586844111626532971264553060929193501296749361253988065040757156364828224276275405490645479255471522
29 -0.2635664183214834555473384690928237437068275997527196505355842168108040560355174852129625862112189308663622179096717795513
30 -0.263201282610009075317791146060563222257539851307525543735970053582608767773298913066400553076500776886903380272297578843
31 -0.2617000208449675572087814750252058332892637756802544418120231673324224889577187814668307353412708630542470711311798277596
32 -0.2593710583860575355963180613376157921911417383689161902887854270120996495346131606056013948317314163802881020106794340545
33 -0.2564502208621356643131235369579735187746468842483942342864347808632163512329104940561113034732401990577515867931137968465
34 -0.253117653357615677059111991675549310297157257646464026704206181373973659481267570237119405211691208766205277502186963694
35 -0.2495107700918701770234210426523738209187030691429598517891578256855701814433935044787656279552054690510151291025466266291
36 -0.2457341565765733751888439759209723535408731795343130831665606581217492005224099343767856959677744407047631574767278204266
37 -0.2418671445569492854066873100482911383467791973111059188726992440687217276113405063597742313268786950787702189264998437188
38 -0.2379696140849467420653902443808150472491022511599542050152267408417216146235311825610248921517376345906233729924268952241
39 -0.2340864457161323737006698825190930643796084130834708544907457716606284859628805850752191293078250989106297519661638076466
40 -0.2302509441292667980209038455987200594828489804354304212302730946593549525191981913223781649977809718289564343525476365698
41 -0.2264874767492006377066010882319385421975839252743562488123511742745831023966562980208553930799895234046780553970746439314
42 -0.2228135119944638430433637082528516011383100306552512860006136283118546155976257354369939324096923556137301265045992866819
43 -0.2192411972156044644195978275303185832331645988008503556350200351756681622563670622233723764274877196034391007097266474472
44 -0.2157785827724883299619819380381619989390284277279416565375669818771108411949288326475185550625265925148374238971354693604
45 -0.2124305733333774267391456460018119702092174636431585004945952892219989618404836245759945543524290469633406590217942122713
46 -0.2091996683192705610177122764265113621952776559842172539380358676470613954282713348025253907392504858580193684270099399533
47 -0.2060865389190043460441924549732411267423390387950702862814783805165992885894994021959289660722967865077736367992373622058
48 -0.2030904781043723656018622350469366493324146066363881429790434405737772594267124637305318120481324331973997090321495753483
49 -0.2002097517119587543725988562661438576403410104632798772607726501796551664763065167634177301582782931142125710610295256974
50 -0.1974418722802981177427036659284885706882018448493080100395375851563757187680157489074475709032594108463516236761792402811
51 -0.1947838124516917630014264790844558325729691857108203320009939302438516330232162724192743870024927916912813626126093977395
52 -0.1922321710037453071112797026208172296385524907670338431512437261190296747284661333359929612377286556356470847253088182299
53 -0.1897833016934483703697934027841472566685668263007837589561720053036564334651534419790102809992729639026159744814775612769
54 -0.187433412871050458320673353018777255460938213293641315977328760665520687416226798324362344773237433081654947728152820258
55 -0.1851786440972338332497368837513993218863665985761745580314406080925964367146618694990975547585280695360914422187283601113
56 -0.1830151246580137748722863614562879075434958916806451556860240007223969376549025058513990965296028390251597402828943465654
57 -0.1809390178285510882809393576375624339290330888516012231076712333452529700467026414535508899414267834610041913418176546585
58 -0.1789465539220215569517947869883292980744371505585509337724567943125136921265270624745287950031582414287295457285603379011
59 -0.1770340545212326072341836218948433981595605822658943986125035498042489015932923295200812445019040062437447566664758173438
60 -0.1751979497892782570290987503332805998585362218617784139388558871940535273094308608566177092140775567935106128874229025358
61 -0.173434790360811354381437299279229697336635594741033344455092043224586613727215593829395926778645733362215206936500746722
62 -0.1717412550040849211299272263250673902935051920614882337621945487005565874049798907619770184552833075985642121653236308384
63 -0.170114154997682426964514939142201160225818396720266489121345778951814525728587028565121377341543479528765735753437551531
64 -0.1685504359707947700886841927242477573226811920518140626759746055189333356823522367417493505677466700028781103099996941235
65 -0.1670471778011035820546127544855713775919671086501041877741599386350658547503546083866808029979100560863567004733367430045
66 -0.1656015930412913590403177287095221832782217097170758004867233405466978293822576713102958773432688787892209736071059980917
67 -0.1642110242472680891572212895004719196320237327227759678886524849415648011475130712608201301803096684592325124758264185298
68 -0.1628729405031666310633807731950350195044100510470506914236964520494954003365827527649778338302374568121113098630295562961
69 -0.1615849333759155095382289437376750438021400622789791181978454010278175960633280429040923897470268985038194172363024866181
70 -0.1603447124825171370163620519031868138299345837493868912805181006350371415322109168648064842045671181149371068287026428391
71 -0.1591501008134893739549316684313715531191385974274012829580250069618699647818077420155544955681639678315983409590619398874
72 -0.1579990299242478314080583668241264528547735060982369998461861232515101818184602029059099386563661771395861881986007983586
73 -0.1568895350809116852185340510294519937285984721330156334255235652810022562806105104769362984935413453058376257618407143136
74 -0.1558197504268317702565432670064145921265519809140348115228264297789845429546874452530139334492664603908923521508447323992
75 -0.1547879042200503126360013540586495235803579850620832073968719885588453827914179592629406104502050126351320843400455930442
76 -0.1537923141790958149443194481629398591171450800835038157694959302924455869482961037165573956561550595929697809245746870436
77 -0.152831382964345842218121832231116577599892829522993646786644618246720306056992800489399050876119640733791931977182687042
78 -0.1519035938141353995588867773394347328895906182808255937954430013465863759003502620696903093076034210070437995004528526636
79 -0.1510075063484326818425630216942619215782853299852052881446749958626947874578796248181063356287614649504386395158030631605
80 -0.1501417525479126523408158021334172316147855511272731601603889015510068539960824157023332155949490010168269686306454361023
81 -0.1493050329123631488608299393955445551192905171852200944039484862517211778850852036760260062066746793388906921413015040948
82 -0.1484961127993414736667794516067678272704414218099905930083285883097614809893482553036766445082467031185827548424997726317
83 -0.1477138189416872286234376124413642678435072661803261165757500975964989710222580509131882072508794021087252609827327196203
84 -0.1469570361407488428622859764295003088656977769978953791551398311027525758546695148087315649492726793181852231786592378461
85 -0.1462247041308833308527573275309343660863382319718257397639000384831327536798062047160073502681868427932554553837875141358
86 -0.1455158146098497410173642133328085058218749156478831356518974171670045124490032273502118528050881836395097707100315835925
87 -0.1448294084290626012541997023510912410192066448294756983583476451822567393015220818286408175585195379355280924853443924705
88 -0.1441645729372427939091062357807282697577802021896630936250480645920326535094216517856263759084678044953967411278976522957
89 -0.1435204394707515834618332822016313630473255711128587303396626305282137295169781942070938924827724800557215731202785260059
90 -0.1428961809837801861172162846418365698371479283661776157012768326886105938833999154157292897582661472690419071161647944116
91 -0.1422910098115610721089138897241343731579700807712551349611131735271207434711704368571363147075146451873487627569833926316
92 -0.141704175559843004719307348088531711428778289207055844486052895519095939596351903372058122630154642731744591270017245892
93 -0.1411349631140094762509667524533839509149089920496411500516750532750838787531070891017061049306816777079362344791582407049
94 -0.140582690761403548562746301371455779261024651789995757187356131911238374149879619087897588469902006175588821264403171377
95 -0.1400467084206382481943354717006907706313923432020253235110238162097120968167384997714153940134191942995698278167678386771
96 -0.1395263959719103460219088768842869344470466198606375333870811633604738161704323785626408422137230978014416554117004634193
97 -0.1390211616825884488186282052984143313366139758090197781396975802057524559430139077283982797312485769838710189895690748631
98 -0.138530440722607455498007491656550718564645342798057752608631242840872870317084898650948243687157027309299215986739044163
99 -0.1380536937644655941998371588917045824124679805713061069477592014537796725278889940438947880968964796600649402232314824177
100 -0.1375904056628835981593094586952507730192033721623826998661736524373464766677946129277312543483282516935386357054790655999
