4 0.831026181831680526942123711829557087017695255403205293103907381463348759212089531366149496354756276967298414984936962309
5 -0.43950272253698249777236915840514398879365380133688116038996362354404993304808769769966178727723851524624450804847961634
6 0.696508499551152930224372853588050832325684868710036608822777762363106888569814765215605951169739478651142638128918597982
7 -0.687823042423101748354628362165961911448726872223701494072246549461666621664294045859156717034940123242197073742200313445
8 0.398948687072605620201193096960389994085052526813881172675869089861434442177219287368556750352171577366051905869611774205
9 -0.33738138675100005427422649820772963052748263791835390124128186076813533294257644982995429834783294916447442742125613244
10 -0.878017319761213693530888211813877274396254997331393510379539120771674208433172589216172929061161935316638355550267573959
11 1.07081521156594044037188377360901730396650888190047753315341668855133191735211311147278902067931028505856676241652966162
12 0.895755881561763458969078222741715680630147146840795271644232208478204723922048535563177878420180208204213450963972129572
13 0.189606618352384621623872722033066805306914733720479127253251703026320410273846993945446673383962013737530117390255568655
14 0.0418940088671941428925154919133092273865211304951166242879347393039960947304517615693014032208225123943820781117884348966
15 0.130282719373759005166390648915576119497562458227970944412609882375569419067545023531313348398307049547746131191264413205
16 0.253517978084023654997408294750743920553656069656082830923962368700060560871922020710138004703714473447385640735687490757
17 0.348716217493059898832600879565847866571174006383820721145565947790883844106222908214283097258580866171198634264710104306
18 0.407047152118087080713213696367548512680784993129148472649988568270199571156371074274904838777123554437438551307532038472
19 0.435092904070877883746536489811857223992406668764569845640933225512231772352163208705646653579218614613839367544495610888
20 0.44167787050915538297675270375140742818123593604500573836584679514622613545084919842169172034080929570857141735375683699
21 0.434206114194719544682063014383282748903978200378517147225558560049039818497829332772050338926952029972225194250177643397
22 0.418094233022446090006473296371202276919140607870434202608354152977807117297080531732048821866520181862299676995882996071
23 0.39706611961943722801952067173918146946223358206609935513483542922319981266196595940690678342936173073151956651691816714
24 0.373590794952725909999304885728929292495843363547682143787422453888724751793053917525920899680409628249008112949323239537
25 0.349260686734175544861391374673224194204429994604142235273523915106067769004405810011542468818154421567268744606627132093
26 0.325074311277406373540882811551790594001375628842784961174235995639748132500038167717423062020774984977938899568936817634
27 0.301635083708292569635388358684577925276684255700071237317741063871188478547588041112706597421422942368230570857839271851
28 0.279287051047725447446465860096564484382504195362535593016636120744626979765556259452574478546901681140235541858906444289
29 0.258206107092879422244141105945534833825151098800322713643632806039319345004474616654957834981023102069253551102970213322
30 0.238460732268349112470080333438636237360741602317184367393764352432574265476101310960390287870919558013624065498127277967
31 0.220052192847285015163170838417624205924340604298141864407550114897368056226255226517372518689035189659605698977468851707
32 0.202941004855376818066247451546402731578838008508567268980669314060392286696062547752268911200535975488565178443344115481
33 0.18706424993989898132220067077035428538284859741324822497585730366141821593596405797700061606338744053695199269412757501
34 0.172346811181265627784116575791448956574629179592253872816613403607990632580317526632880594134734229958967693379919015644
35 0.158708573846388999656404942925342123730292919129566160648172988707073430884444811799659814436198654004055125000092188426
36 0.1460689529876171513170802400807928174002392663596068925310305861995153717511375763845866094709163917944524278596181946
37 0.134349655185880941537392119090045569747807767217024549940231484161111701609063780719637274593866998621656665156280484587
38 0.123476279355714478268849680340133137483723196150019407041904020483145320843306473552840515469982232219093194496631987005
39 0.113379160187064698383227311051007407263297580282311928594072201592125831571051461612175738803471109899403292619928896022
40 0.103993723480122397551080440883660385638310334773080433236082314739431492277914771219280716145026836670575330513282968592
41 0.0952605328275276354522001502359735841078697485046439966896428770782337900398255704142337339208257940740954332980809332498
42 0.087125146933062779609520861450699948835968610232172105180223648560681064117276839882728824515136884654806393334866462585
43 0.0795378664779555345304072307042788874911560759203960099176749102020209887977784078184711542428792164939461069243459830779
44 0.0724534223198008930767617550664669515101813522894840421924346466292658662651189937659223847447444796497059171342008206849
45 0.0658306385847128375103450204860812971424979400158107170795865227296860298981697927823322436185616767631510853591143560686
46 0.0596320919847671055348897246528105341270992533271635819195318035831219460812635283957370915185230980017059190162544316003
47 0.053823780511902265842509633936940046046599254352588688409171554542191599899523981396521254231177404465950549866003377211
48 0.0483748092153870837673525213045205790928064982926128789202346059519733322271942921295725678160960651338902660070865387321
49 0.0432570971777999154464073055709084032970171677138352866521780518524566989215139638804158617631508608561247907785961003134
50 0.0384451074649792417964297359776891521379821261015000849564837597459310812951546364393674873894965483397993764073052641664
51 0.0339156003318120692541985235980191427678823323488038220707750170490092934328354968442169543008742198759542209733079945869
52 0.0296474090413512949234012989630342265871326417366290104256651785318327496875127645423037899715783798914368373056713681606
53 0.0256212371111837540152043061090352707665288106486705828861087493736773343007164328078941523641959208477597771244809662777
54 0.0218194755098675031907947259667141474053607042732653088683593761208721181868366439956413962417362920007837268249283039666
55 0.0182260382002704450824588481825374294903905004207199730725449002389854110246436477299788352070173741861497337542028277914
56 0.0148262144064537446077259422495596263488916185777657823766833046840720185924392960184388894796833533693300430606872814872
57 0.0116065360262304783261919621405087431377651702305951616606622912098242673076477032345547357271006425149252999484106039202
58 0.00855465869572695303474654596369756320056436626778276980158048808998621641489842714827415935282051827903679217525612114056
59 0.00565925511723057841766820643028291921126738380276793394249888042368445856422271907172540238280445462588695391404793952783
60 0.00290991937554273339926224066362101327312586094043874296918070167463449442866262948164942068214067552529162948288747963544
61 0.000297081083396646930897467993561225101389036305970212102618877596500851706813599436845336844807181770617701816403532356292
62 -0.00218807169146170521560198828593282445037682802178391139222921882462216310397599566788032489208916628855507374157550143693
63 -0.00455366165897782713843805903040986298844290992543359994120474307849296818639119657340346617091250844915038040041432479758
64 -0.00680718454234769286200989736541155058649480733201960067269160785985186968527826879792268975737794680582759127988748481085
65 -0.0089555650693405677860952361965930574870760980395215642123416503543585789360509465393403295369065693774545173887504203035
66 -0.0110052073904479855414283611937798023715712754886086551282365324056882811624453521623317253789423450917648761879322437801
67 -0.0129620405211434902160481723680321629069150286116771865550842114265700322164683449825144920146669544572571179723411888806
68 -0.0148315593393830258965018785914480986557513500127288375256890329675100824870578009256965876220673396731988095409482019429
69 -0.0166188616103902482406836318410848407684823116998109370760603240461718511659359497065621675509124117382752903911402855098
70 -0.0183286814581545057103314146427789935251253047646438794483494903453652852844756235506738638406456352667086886488276344315
71 -0.0199654196563153579234665987011497721543296493710879186707241650182011184343990858428397302077670112520235416651698909295
72 -0.0215331710696282617240417914508575544375305395739321883660101233504240913653863977185261322958225079496697431294537400899
73 -0.0230357495404465515561164110090838459251291739923116492105175268047540263708962441158139350092052772851409495184866920797
74 -0.0244767104821010933450585712448319382981964837841949045165374489957582700977046323856375713548183674647366586493271208646
75 -0.0258593714122412886124020173496880156082073974854026882580133017361437140582599827107965928090953975254051914889287178772
76 -0.0271868306336944158909314457341409889374348451871093471229320275549060868169716408118078574816360159534260395333933266321
77 -0.0284619842478228621260665258898955797974735346613549597310466038773450304563177325002045241680960234018485753567699306358
78 -0.0296875416653696548067170742122804676388624323836460674281813701052879177120902424648055872740487587010440701861935209447
79 -0.0308660397620786348969393541431110707120092488140219390989045846148470101035660397294135293135127302347605787017763584523
80 -0.031999855810687837775871246485973970552935750245053748433795241496335164199303575289622397409760274567482197498366317351
81 -0.0330912193069855285761129938960039892745469401269848201984806470265623265747178766943722934393318659812801993688997753898
82 -0.0341422227952781396849412496319438758866472432158592810368192739261314867760781407215371972052810574808263554773503264216
83 -0.0351548317876632433962669421093971889273495154225768851608499333639255270498248939971650838178036146577342876544586513614
84 -0.0361308938617659200393855573576441212689085057797323146954098648523254608086262005566537100086736190370522098468044058049
85 -0.0370721470129402582999992748085582834553307569831995973060215866514902080913700795552163414869195713496755076346921508901
86 -0.0379802273292333060798499294618526177534332931808684771655657626380383087346322229019669555744660118653552857822685766728
87 -0.0388566760505458232564421182733998548406415773162342832266844160211399156767451769138746404928966091621737914424075833817
88 -0.0397029460673052747518971193536861733855023172285957605864756890028325234901499012131757943215111488704623729143596638269
89 -0.0405204079085059775924883378500165767841286488414485508308157244159183714297599423773677345889228882306521886505829513617
90 -0.0413103552640938097626029634784762345715451538130727894393433869965303433595374466473746073233338944213607810445177238177
91 -0.0420740100823120647000677755975007059203509969694024565759738759659009962331418838618846594741760912367260777302655974104
92 -0.042812527278722477837191665669448748526839593389132244630353272824386278544567305025517950686281558172748932366795700613
93 -0.0435269990901196919417270267561422762792924678367708742076725686734220914731430320578509459613542312561824582206347297571
94 -0.0442184591034230897170815513604161199886967782379153396746311767067607147401189666061677666452916121350257252852382956677
95 -0.0448878859868169728285626781953329025751523612490936423621446812367805552554530639457147983947125501070327723054481688996
96 -0.0455362069478831631446888331926229293527756089015770222097144543872380796786290306895729235508304018056298459130055898448
97 -0.0461643009411980178090327792548124173536172660272569774134956121176967619826844469705461315377362325179906061015241360511
98 -0.0467730016458209733278476444176683178935833888022464124904231291358600070664313750747681935420987315900135731531666011949
99 -0.0473631002312596306079217198652930691500424909813123400669550370464032057630124283918741035772210463190650930124743714709
100 -0.0479353479288354216482900513265987091900289872812566376643048637083817137399648142366267524222087288262536301253616747504
