4 -1.7676441302370986955681748319374993079276456612357501277486306918855445781105332142683166834275575040642909401282746932
5 -0.8700936898196303107382491113402208763804278102705467949663397733964001446543518725941035503181206754946003193037393288
6 0.84903455371568702691673847399457122252269915294887419056244515920206328141139414006765373361175643895515644491046712385
7 0.17766162771017970775310872072575070604290027110561370071226634861917220020493746150421996207055152362399212770838404352
8 -0.52401295150625865766675918681577109622527567211107183727279982050656959234345515160410882156899725106199550798011148253
9 -0.39379617488458846158813693019734221274303879281847925920465743447867608186991631122561986970091948003468713912373272057
10 -0.96321805409638983067186026136174008560585252574364444949666770989970513954303037291624271139803772556244015568132591199
11 -1.4960471020381754301993598114731041590519601624682625208994432810675787977953520649427459446808643695558584951204348161
12 -0.10326179674199908252459770066662794396576576004728268301069610546240596627635061025214985256592440727482682146472635793
13 0.75394713170959385506815656354356575780158258526654689066258637239682727247372667512309448665601956576477514631800242696
14 0.68610065788801949287791306069995491538695710089287711813398404505995072496206814631731175337750043437052705019201721662
15 0.44469035413491062938556695953915929212166282559512858712908316217318741221498498795393104390790685615158304997616484733
16 0.26992303283249084071459002324081214622861401853422011791432999234336654003184941401876941135768140772180664400469127583
17 0.18242984792087530857816481271378749980468331080624673297617951904065729392392065324863358138571055761369798222203830137
18 0.15560005331965944813392476683344899709092297495545852536853488096820471610405807710866476883821036665083665523371758293
19 0.16350576108622786924917383033906035215399151371211379014810061406539986552343050909674481175137705574193356635175216657
20 0.18876518506135104959100249310132540117541292073683592905641590319384192506147433564774732476075096769726676831784945521
21 0.2211190318690381510527085501930815015909210130255629718392905213314826013617477407827720108131529661324641948612447177
22 0.2549420175193198744565121385960553425598755502078903351508556378384431486826685378366145988097741448818013560365078283
23 0.2873623087156066124133397059558460559166112820967366311629514320834818591213167867344848395610235441404181585555162149
24 0.31706779251184284151227812024834930544873030174615730366010025503046613284219553002360082153475501962419035440609730997
25 0.34359774451153707672280294261737423771692393576723706972227557300142135308490451549326874894454595606914453003447031208
26 0.36693637255985689590790630093265803151292641807564681139340398209603851200662966101322028795607348095701373929594163469
27 0.38728468647029691392239158493188629983587997437880239378859586054850289907531518388107953367663565569150072740128465835
28 0.40493516719043037372572723362754022138907926947569361648629331780812890063031737870631254191594157376987670062991638371
29 0.42020487243065903975584178395410158157687573124738807291081497296448403565369746871746368180885777933510548950637112567
30 0.43340138960427830667505996631835806606583968095186089116056982867990852074249449221179148272098820924505381900230380082
31 0.4448070078701208700558423096460834476085000988316295599002509437252837991042381350886353591874703635143137645295817807
32 0.45467279419426242034673652020363077773825205457186607183908987557557003742349450727292383700199679488979937817101656297
33 0.46321787418593611575996512426916826099323085591120459967512857352113813690957260614398025529773181266961485691124568071
34 0.47063128474004521865705734367428329417785056689674070924398022793461141419682365384027162056045401270171842950417664544
35 0.47707494442910399833985111513987236478461581009333708530658179930034956945564667217648040805535550145151393462242502502
36 0.4826869583619204043077844195991264214644690453519031928372983105479626341003172882623445641917918010236297718705213037
37 0.48758485373901394050761569557457299006186781978867213188888551712597400355667919233577946850468806069901095174196944756
38 0.4918685547973179461311591713435380389767710589017294727917605894421041800554383733302934367351605663503432255239266819
39 0.4956230225781365155321130328831435543401514961305715074693179721117984128384762671013506994792269726574872790675112528
40 0.49892054704273710309960480723242729606791255385424167432246953033208244220447093241642699266091189926255452084660591472
41 0.50182271019030842355611285508202816581605795047948298360749966783807365315886043980671073143672613495509078031791590626
42 0.50438205267251703721016992754342382367330677251459066459309656105259228512983131302463248206113119076196724907147903047
43 0.50664348081712576058510828286872570083300864816484470447846095628647800440887856070031199285907456636918867542532982429
44 0.50864545047475760378227633794875484964063431351725444735567973663882521447871759345140019941973321149190264888943763983
45 0.51042096123828536531026856627246484169487324341411458443044483914761684476562821289891201155344537058662552393847759026
46 0.51199839077018980351711171874033653908926816308247500061998286344872359947069864826523394566423751839996458116160069719
47 0.51340219497133646992328520629532258111223585530477990343009705625357216493000043447985700577494332471759170968218125662
48 0.51465349592162468287191303006921838812847247353651319050191636252340921893652396259859176383056836896794777152606576224
49 0.5157705760938228275739408790516893397238361086165490243073827596445605161122259095476419444538161676604235700109365741
50 0.51676929434507642186168984464102968440022265813640691009708961649318752419092129176483125557160185271861305965698374652
51 0.51766343662307684224519064434272919806979573418295613027929031199348483489333745266916967928512884301207136516458338266
52 0.51846501215277983761930228844970338218874760828782130924352988818704435251098933754287830730824347554689284675523864266
53 0.5191845040496435280644777341640471821438411481258504642652785500621731015962938092200930190668474609147534967732555838
54 0.51983108178868611116812652502348727263404973786217977495590360657782450900247509147119912243041889930522930089556548272
55 0.52041278169951904867561865714461487940154306220407469698856849832121239163631106955037335246547209128797646071484430254
56 0.52093666061462709566285405855007582126930405475756867685924961206864601943670865861413644945128028785147275828537778205
57 0.52140892693551740067658756668230033846884591302204224388933038175392692031210312952908864163174421434816243553587951965
58 0.52183505266815707120979016276365126518176915575878883262105587050484767612512543880975671901997808819513316610914646624
59 0.52221986938941784306623818897967488824636157774504916787214313441379590383539977756608973985409879523883094523941483953
60 0.52256765061839571931322136087869234443386174757777613833997715081656458037934785395991873995694239234812981246843744666
61 0.52288218266252151039774621105036201426990619454718957232195511862173378392254716613264916880244416666892099976872008845
62 0.52316682567350884183161580452939882915030824614010870977040895317785309334099575941889831800109583809637338972135825311
63 0.52342456637020659571599840509012069959826095034827884705801054585652673647445125769150945825549910500223223015256676986
64 0.52365806365431736143581104672518750254828592145429371683958185226819609382821965926348070868894319020801763002616125038
65 0.52386968815249327019035722854689725396963984132080399262874470010453485345873230800781773443678566237293376837356305928
66 0.52406155655778313288394829977339173343499136156343666471571865699068217368487071121368562584294026897521104465893446423
67 0.52423556150924809397161646557950184783680349755429674870609124376153138834769821468760339640099481448615124087794640493
68 0.52439339763624575575648823059582058090766976671321093595521186946643831115713765302859145154046914870626256013398169984
69 0.52453658429967377681525508366774283213220372683260235959780337380948156431946777193943760750288338273144791411653838863
70 0.52466648548329450687674667359966254276887818864046611771606125346250241969325018799758177299388382754438960020378110103
71 0.52478432722160509063237136688784912120018313923483695417819579505290091694830261432311382811351215659324998762723147796
72 0.5248912128944885631459669627526250555592646251287525260086449502550114267529603666622851035938836463200598971039170511
73 0.52498813667135949946560727323272288679825950451956632961889068266614971167660140780452565129265061878516833261882501759
74 0.52507599534727889092903963665500109725656960076053673251931810369793587558764516637625689255920175182599474927448188827
75 0.52515559877937727500478276952256656087129329378989465538627212649090512293312784610450582247941849528941793249978603216
76 0.52522767910291347215489138900455395889316748657450534787199142259351859092010231819632315327877740970178976310887131313
77 0.5252928988815943554765784915973055984511817363453181443205725875761801087490755610821008518187492144886042021366854851
78 0.52535185832571070304738690929938419982965398724998399314454765875376925990533898424360627065013574139721452933575484595
79 0.52540510169363946498980887678258321388570645682892607492220302164104715854049394379195631948224805179475742199483517771
80 0.52545312297685068337658826364844317481763556829001541928509807283151656555179136014639008806345156382740893558132305872
81 0.52549637095534171412191146897188511893370215448048081384064558650670448202631803854208307528028202045933392603306657582
82 0.52553525369907001332034565994131920865884683326413596785621050961205424825357735701957613931556970882640961130707978077
83 0.52557014258118930359056310295803247046083150697594843486918987759611098218515728832997657889888553511827775033810267287
84 0.52560137586047732632984520124535654364145868968116206823171158314032805088265305187123381828156964832464452397593632844
85 0.52562926188307834137704550741982466794094530660263870151738410606840854864574982242104360163744951977515463078058302994
86 0.5256540819474025553016427885186245006045087482400348171613713682139499792546669088876138977397559958655753368972602586
87 0.52567609287058599501845340160122521050732908852225259271892659645811457360374452920315013261520009108387737936054925167
88 0.52569552929019783637760083311040867952925782119210626801119013244147687437794422217855416115021815664855488246945161963
89 0.52571260573078582070232710811295026718041203133038564722222934808378844436039200399062165320761826108498890276863409306
90 0.5257275184612873711242279023890545601322325379197268679965822228810229718351105202401817106483010198814829188714453358
91 0.5257404471662304322014011218495000463381681834661337065267849408117883577995856409006007232818749452040964542738619676
92 0.52575155645094082539915655906537192576144897291130772894287900162129659980401410185309869247831181933030840042220949536
93 0.52576099719860813491623932711583835724716624391033407403388785177247765341441577004389827543170546332390928738002864709
94 0.52576890779499367400530285786940817559946569235697689105826937290939301752823314810855446299746274085008389320705586601
95 0.52577541523475237867602980934619108400879669206624891044612521797446854703742991475369020025408322699857421396858116919
96 0.52578063612175157581248997074980302518065102587678319587101675400410348265674371598049356078399979263575676119448945898
97 0.52578467757437427891162460465208963636042304227132908441568291900689664533377827772442250133071374942739383126920161983
98 0.5257876380455678358217141211713023427526302038705144405224017260871775202927016379498669426102309619937931197551418397
99 0.52578960806631870970478138273813063118415227521691338339538558985495119488027033830270589145968954443877786024600768976
100 0.52579067092028219630466963428711890014257835286330675382850038128155174803278858965270231601231215922467498489711270462
