4 0.01772487750774449266997105386528583627621453451488773638580593906022763172907009893575599199212883624524364544276641222
5 -0.204767986023411112452083755005088901703992932995289107859266680949915442809745067679169626068646852344420505572389828
6 0.2936649515149681522129751034422625915920702676718646102845800899790792074616569984431320833560463988671450631942853237
7 -0.3274691803550033488508151317681523172709388185428553096529612429744487340567760621332883334614055648307360566556794156
8 -0.6780126775064288442682565559750301115764295185620115885035271396685978304192508268669356743614928245005878305611285871
9 0.3512617060136020738434034564790749095291262856007360603120936199815536937766516035038093330870638963435998914285571775
10 0.7036327647902433643566011083291252449414452996688480979953250528063961742869276168215721560452851241861539702241499833
11 -0.3247440885669024636710529423545484894564529948345672230095649934807748383449175455894679661496538266719368501635102011
12 -1.568353482586232653840996303404240566272218281531855372865919303434214635747973301909675668017449698080067829078848276
13 -1.447963036864656848141950921409890382942439022167507044862290379159665896910911837273617970502089432892309273207903472
14 -0.6307354384025318939105618884549793865668958762554560422851920572220425091568452519466160198163512802270504249843543207
15 -0.05392743393276689761183016769601211631473827590581007067295262898100641771272864496707092204418169234356289421217129101
16 0.2227863966894212506858456512055011650077831167911116700521356842520092381377025185699472959427517202404234854651549082
17 0.3183639610950353573536111642555047901340895470109893801770020500802578536097305282084726225332352192920652296220993006
18 0.3266177825466372033174936662418987926647422069629344357976087302759881479436245930020469844761582088921273228764612669
19 0.2996016173166898755484447854974074203854192311284707140288345215202206789368750163515316335827118090772493909438272024
20 0.2625272837626544142914178313205735074020918087483590298004981040588464991149496419136290945331190970226217277606896436
21 0.2264142728712699460148512992803593993438874814314642987660719642380289141671241141751657046762287410968092752888081726
22 0.1953892143238591339952945077127493209726883722287990047400337850582712586309987159508923561231649010662410581681532115
23 0.1704345390964586828333608692631611492886625685564984892822330725941536287044739958067553795791015056684117416870899056
24 0.1512124207931894552725525046980724761826593169179605262048864518163043231798423078949715632714630407535381149007183454
25 0.1369181964581507917484054153392730739090362804864586965452885259726302196604266074595867510152021700505305402299984114
26 0.1266609109239503534307317893772584315748351052390381169823762194827149665421095533116662074038604218448218696233442446
27 0.1196189659131075466725041723124878415751428635837191193176869785285188697675046663024663288795320465724694708803669833
28 0.1150918455986872062406870735655655630434850478806875655865317299544564199282669150757680542763067919823334451015138186
29 0.112506091704873977462792739356144017890853506716928561704528097535560277553463900133426489873489208508442421859208275
30 0.1114030330420860020336614587327796931467968117930447764141967809066522169143648859069201909659975423909018720835504192
31 0.1114209103746279195134817501018671348229767190510373872526458443355831981960823787876072220875212875041950244082656619
32 0.112276899416796389982247422510439703674534874095073721130791756555702066866333411548994884166052480722159788960643829
33 0.1137511628335231796066045338647805613565643520925583930388594080097834422550504521020245936278616476069231750167629572
34 0.1156735188449251584916474541063410610736185134742905082697804248593633582612831306015745324535353049417011822898910515
35 0.1179126507704120984655042172400029090212496650232461060769616778645593970402287337886705078478721497582996610923028358
36 0.1203675342822971917597409379430654059368939121252638410486596177322757077092859249705515344470504105184258903852270042
37 0.1229607008813219895888492830728266626449699062197151004855945734733731019866566081029736515928985142342997797977192739
38 0.1256329779233637917558262257853043412124969730160217367696720977420275172814252852336458256428261966643325908541934548
39 0.1283393958526660556004364495444803328374969553639731567414924024958747478003930527086519765140875378333809719690064418
40 0.1310460088090938502568837159735744712125416465794309924112201470201111626107831850350217209912852652103570260538790936
41 0.1337274258063736768975568014172398798944808518191671916864975092274770184935950407512503840892372047681292489039534103
42 0.136364892989288986392798710985488225037037797797044652547045090623623190215792952255073097269065620721364294672340715
43 0.138944802717809035813150373771392064152821897226463181037657525608012226605651311692020097174857334220857484392030556
44 0.1414575332078512947928370565898175242053908454569634934732612338558178597620418554129264211444574838937960765646452367
45 0.1438965443533379463676256057159068742458248419567201848770375292399647623065586336449299751506175123935331941576042612
46 0.1462576723355494549633122515330027290496600670755381336582963553631932810020045120907363243951932300191423814555189593
47 0.1485385787284591012176948268612247828991863555473581035249464260355160438827846131218862329675368457659244894186110031
48 0.1507383198912091596080218765046711472419488761728633214422787484588566094807684441196967517659649842692992268683820034
49 0.1528570101890892247506870214533538010958415053175156878346796464748375071994348197280328087372766345412656295940606861
50 0.1548955585423101239763688752849703942837090134888252595170113680180926408378798529104405444073302590998337537445282307
51 0.1568554623860720196755062290218149334073199570612471862556360804212807887345830686167772046871023309130472507481979527
52 0.1587386466577655537778144128832597305561483796827628952571247306854528045369266399275514734320123928458196863626679324
53 0.1605473381539924560546967833516996109536237492805142230979092599845028740535808231684459410572163426041330029319290222
54 0.1622839677095677667470764046529526261420126307442369009194791686910646365022499486327935447322022814033872440113946387
55 0.1639510942862720230741019205236616851367252323908977010710408186808677096295971670583682026178240315126228342661932362
56 0.1655513463303348197715433965483217676204287140229462434566583953345663943858619569690642192734389539312300722589110776
57 0.1670873767480409725795622054564719383998568413323582546431055348488252114641732751092700680067512685535574673536066038
58 0.1685618286223714857231853232083643759844972485856654895145304991025360180144366464430856885114871220375935873533695996
59 0.1699773093991821711487656014759923224777937787496956438597898157225446946189593868693286963240517517975252902197740579
60 0.1713363717466639403355199250772712558935973806468903600182650213284283217902892841953691254745860359998941596230958161
61 0.1726414996656340056547939034756150362387075184207497519729295493763905735690072476375481595091559146165405390509757978
62 0.1738950987228757539673791692765540902420466023412986782854321012794374675264394846550552175351399038299506861024575024
63 0.175099489512518333242570478318167730059406185719946332990434134308218796814059384119167742615918715385332727496133178
64 0.1762569036346900999428774584152336209440897217224187663485525144516005004605347161356421072820210905390094552211574815
65 0.1773694816267800695720931375977829438717937222366392640944426489813587332580342431741885104577600893025282678485907134
66 0.17843927239869187509491143773979971220999868397340467676606580359469157272986567594990726246924334193417838305746552
67 0.1794682338157979802910812131344597336163839674061016594105741140698667540378034654824806377133681143754663420166956822
68 0.1804582341468495469300020612805198205640091636798237724104563119663640308411468272184607142150231965395439846590089979
69 0.1814110541527568462600137546291790397223816305490046713473432101146170144550898700034023524107648364281325514935224635
70 0.1823283896389858165135383444186879046115957658306265014866859479933931892260843514635780781861463178520086438696556581
71 0.1832118543317316584951775926569858040425362433886819400211370591987065801722195196523598759855732685085772500579856177
72 0.184062982967938307340991611023744925038688670854181296333859410333717410370162865476747669222805957942364041233253949
73 0.1848832345131451069321502681362463927405629400399805536449921122465217940467560769983160574248796632144620372745404352
74 0.1856739954402595235234515428710313031391139746141617897941155988231300987597989791661518496808574125958132150877346338
75 0.186436583017632396121720825608388889493011721251748079752038589031091382376741363074381028263457105009784495745804735
76 0.1871722485670114097642929480596167373679691270237062941113369759629175958609103086320573080148914761255765270520742396
77 0.1878821806616772214162256126879810307794782585284745557538100406315959070963270419215040076865018541206336967190080634
78 0.1885675082428113587947093502394031390089364389207287215792195109343150825228880473300690772257733463888689594006548149
79 0.1892293036382953600288169479049389612204533544319924484976913084433180870121829354277266650290993120048540551416569091
80 0.1898685854730093337068280872888239494826049659831560406401612814389125278150728244223748548257076644318768310679066869
81 0.1904863214635364535644968999890948394322263190729619722217906877602230345093196950731850643480035145216157987379055472
82 0.1910834310931899929344736543580544857932542597086304010695727248284047739651680323181061669598995745391698751275306587
83 0.1916607881656241403492579251332461337034471141871692447432243629063800034717280473614100478506262408946274419169769575
84 0.1922192232371002463641000304090348535957939912123556467480929982950653161467885172879067241992084830001900948673560612
85 0.1927595259288622001649759830910313680616894548662295374974259922659512551387412205405171307431316442854825763290220469
86 0.1932824471221137843231453528139922705624947498047685801502302334848412830401374629834922201647336076962074266919769715
87 0.1937887010388561261106125421217734691206333504347448631430551311884579277193581655582395283468950894637933000919391349
88 0.1942789672123905073626506806326064661578240142908922774704166065507234483327893885884610040503671414220775116418557576
89 0.1947538923516658501834561062366027382835992293751037061143824234188628434707120269469270785673736729157919175580217635
90 0.1952140921038875372448793306634460010459614991209841705074494196358225266192455407842964466563005586074153559138634326
91 0.1956601527199342157578304025750588145725738351365329015287282992297793974868193621017914881093871438865929580549969999
92 0.1960926326271755570951676040718783670381110829826729291472184029741098833401341189754695876524924265324885670072540007
93 0.1965120639142656805652644947763132601454222214733441805732122742204904676289856112420684810249940651686653369119527656
94 0.1969189537324194489276109054553422925808168762714903740534769947990597552945564150927580621685652023071387240062517621
95 0.1973137856175744266485150104032045555325574083497508551873006941903614869870691805859492600002500108686472430041399986
96 0.1976970207377098255406564360483346673568824220734832694733787244192697004342849508708836352995385521309562761709397382
97 0.1980690990694431200517522500710690175131529331173561149698495337879395273227307077281083934356024216565716557759807219
98 0.1984304405078614541423536207823714080371049953446063963187533072282378539737711769209394360770234590493397010714458498
99 0.198781445913373431865245690397143049066723485427952989011032498142310749206813740594092966219611979640110996175466257
100 0.1991224980991912721293794400368955067640469462008595457584722889210288786027336266631808882689445805788072477000948953
