4 -0.42921516095681464357365519704806000981584249364840417624221383446802445211396585221781647239052115162316473325214034
5 1.1430264149829782414616116432058417810665217233146795876226921853027938662866785678507400270283079738825434141443896
6 -0.85253076005116110780393803337947783112460127196683452791248005920764230123209466117587899171616997073099166235740467
7 -0.43748591910122668095655169895510511523210257164241098649274752665827173676122943561047920887294002658815925070902561
8 0.21805207417202170805968793857680470672751343152501579986522460562710942249785822778749474874163855781735705914994046
9 0.47504258209318259063979299426659963757354842756363646933056341051407883130264234260886488968190500153124604091014172
10 -0.038240377617229033674368675134371271964516361205848318131793562610204239017374504625388812083322021352620097000838755
11 -1.1746181616107145700685024048693515297177527397243639476016997166476176966086550477368581724523151464892805725660521
12 -0.15160645488044417909964680560665621899327975747875428800838545105501448062538984981902891016076868518085041076744514
13 0.78308655856174686428708553960761770878982691239639321074691895412563495124541793930094290162089728830240334825309348
14 0.97594231424732378641000598977460520397966309373897596192425585421588772634630316752593599680336762289929530028564259
15 0.47914024780457493407709232782250593638026707468565752724552314528820860785916198076080130484067944059722868031460151
16 -0.12366974399932984586087744311463179254728138748231042994131099734517213831655688494601560235965714560359227637230428
17 -0.59116801872398845175370149932746399929557723102460880586576095204083803486815846178102884659036905492579752498640294
18 -0.89304574218231306987195044403059171393499223819336920860191075427836312728575037707818251734934165525607282010206905
19 -1.0645348961475031504426292437206490123705011794710935758777714980947410193262882106272513007881731781591178880403282
20 -1.1475796985753494135794611983106330070436933447269165153832955492907093272642102496172563297836013337068044319063895
21 -1.1749923714077713811995293152032709568011676934849935489846302932315193967267769648893360864708829713241815296121999
22 -1.1692219890169235427592485682169783313659751409552169632762036904482133756947074989357071563575733206283210519201559
23 -1.1447193952496472637678985955680742259849010065973909695461242357988289275336064831050060438627834257624256176530376
24 -1.1104758745562465273099019401703043088777797018621996746729492938610966046150724882340944050226983116876007074268177
25 -1.0719508369511517007570471941397634663966280846604829543248827128973484142182782366233815794201247367531583511443793
26 -1.0323793431280894068970520152960688180727371699173196571536202758792483435484329101687686535130891105859197766185357
27 -0.99361674503735573707713929003149902579545973725692394086858565377361068713244920052603006945661385947494958139213232
28 -0.95667185337084163415045275829287855291766414174757995312448444940984615441755458910087731044775887991078722765994154
29 -0.92203972559262830602656604387119392975559982614693692298734863853372955513932884064013027475944503494635401270496281
30 -0.88990818790312097267976952001456526929650822869745433037606075377612503515565561521337139013478779692501299486452084
31 -0.86028551783901794721437235013886974785600874134835790969377859308841112618077207662637772073147655977096873026466396
32 -0.83307906601372649716459865767808960235373048379664043973416841652388582071942280231541518798363263291679334145135359
33 -0.80814336756247941085003692706865825114080842521847467279663552081312546390912218164689289776437987712698337765096736
34 -0.78530927516190977547369430073644870440612997064630517182184611184978039182079973097485657036179575273256735143244842
35 -0.76440128878792151186286597969241559362117866088871445754114438302196506185839317081907388109245985298200971218195816
36 -0.74524755673298469028657933886368596011434073416161509272892981015434596691777169651636731073698315447203929048429384
37 -0.72768534544607099487069410686770801525321166050123271596172020315346337974099343911839243856105615409551635054902539
38 -0.71156373100556908018579967063361740013491093078920599771343452995983243511179757305687086540710191311915540292590306
39 -0.69674461156624384838347389417525198643643191954941177245305071812984349520768342225626780811682394300259537708271404
40 -0.68310272976222458561908968927650254684376366768131655097097894224923111520819480052506404042200891671349228569335103
41 -0.67052513544789970669137272029320686619274514316806270612717211587828015562473045963435007582879391098225844635314417
42 -0.65891035576353894738531726976892911557712192757020078766135028522350933722177230916676651777369790187450320697704646
43 -0.64816743613235258617721903644863331571681016905397302217069189767043217578241233452541350771532345461432212134880247
44 -0.63821495041318662249985845266849728916098736323995100638967939704330773519137401841031562946094291392197423181889499
45 -0.6289800371960373599291375017622809143648807383255094651081801221230793374011344848457124629801304729847291908994274
46 -0.62039749337456409584661582812411008426686681272440666708212237398482057550264486965796719176235885826409210172246916
47 -0.61240894009195586779497217740502370619695525714946329215528009662470052701514221027787387435400058515406898627054349
48 -0.60496206637912947838009130002991216938913612706981367542880261851056577813065179589661407284395202674802757513270738
49 -0.5980099500102949117493874002264528641337416036820174503500461552398064679051018084802614475403074788383487355918274
50 -0.59151045182822879171588175283776464451025149789258415427771177412229875408592893151992240339984694621060700800764694
51 -0.58542567809999680492554888760113325945209463150888218002269105763077151382423792877710756187363118741178076650052064
52 -0.57972150474902324739200800066575046614224353556382840864086884608117708669573075935311321806190223846804944877426292
53 -0.57436715718369413008667097136906454659021388713435386891575461723399203336173918399127381965250851795685579613949779
54 -0.56933483965864652060782630981985163291899821288033861372174380188700301505062557010907183271042884816720196165312863
55 -0.56459940850585700781206086365184911718524311073588040458356751804094310195051934053745404274469098989067799293572264
56 -0.56013808406067494490218255201836066618294719877749565715804372924901330562091119544259333858917352476485779471145581
57 -0.55593019662309590810298255262653227205788223241520741733772119537519624950342559836453589132139165515430143980222528
58 -0.55195696230130708762478175354636633390821930974719307932765391690590080993199999863997886888706995692419070155269426
59 -0.54820128506292825846430695647092886919638545514217671725333288207338761266662655588679719366921957135846346627086957
60 -0.54464758175933791932708344994918318775517576634627151747153649660630136491803729076212744959054830990348398768054479
61 -0.54128162728604171570805254371158701459662910372922432852648108591819200408146859760854415090175621582245712516216578
62 -0.53809041739692314419239952514377065411810629472811188693828413399430751031221542808102389355021104249606423606290114
63 -0.53506204700425512667918780048697066504775279739183091653453638628201125854288476720757053483657923159350853619543845
64 -0.53218560207251862463246255646062743599842934992271871059777070014977503551097273812330770599596931013548291061310258
65 -0.52945106345585386481440543484387414754855411616507384864705143691003512578899654698728703703334398814315144927042328
66 -0.52684922123997142184584004190725043114977225757425569818600223308289562069705914386718514981473683354583787782342083
67 -0.52437159833308699772139829801495689955598492063861840114048432073980713310547366786836630186278182912923824317380832
68 -0.5220103822102051984694630024312225663631291045195962424994680185490015358573382390665999274882765641401399146866515
69 -0.51975836385386997246172713087725260054369061972567668107825590633271721319269929560917210926036325808460761658679298
70 -0.51760888305502312029782668288243301076554047571211421619829316430529301147857231654671559902739738645003698574611002
71 -0.51555577934226445889582509009995699841488692184504964268820666594362824672289674572185539045839913003132738516136636
72 -0.51359334789869716192169722119781136136019059039975230283172802107575022204629074519034573067708072637832486466435415
73 -0.51171629990451393634722355604742624884968117537310451675108101589655962900990698489528432693572713063937261146619982
74 -0.50991972681213933365961431086867878184149175394107765626493623853243609110757682760054830868768527671464287346660499
75 -0.50819906812048306726403377020114633925547313859212199192762415274538963204038343206509142510148040756050777581500044
76 -0.50655008226688355030227100286746860416722176732162525468735293432361906161578493687811944701573430922287587296695121
77 -0.50496882030067070513689547215865427227031156518515913558016999617299263776570871021668077089665456745242309318823608
78 -0.50345160204185036920570816212946389663761094202617073522610892667289765910478281076933222994383003860866891192452481
79 -0.50199499446298354875852935747605689919921312387511482628448785993325763507903505389970093120564308793868848742315958
80 -0.50059579206256967603716255171369552666859896378470044030462121426053450663236358548682809814945644795521405621277956
81 -0.49925099902471907831705407747164282555017597746520374427339762188388039055687260361530827565857653208555795769198169
82 -0.49795781298311191595651476644177908471412304271178582347499093038886787599041089720371038053845419355815646424118867
83 -0.49671361022761652433140574500828730914598707157810493785709423993293857253352281977484823115116868697158725858800075
84 -0.49551593220984840987709879152071842016520547735582509861498328929454890534946795615162651053572703625054514117921148
85 -0.49436247321971074245484908009466186908182653479999795868412116986141384874640015105702040345749542884646087235149478
86 -0.49325106911884341717991187929827050862643572790515346262890266203151055202687250536735610641851067270928740291851283
87 -0.4921796870291588003772555524256865636205031927599688993195609423504201385074047127427183853395627087324728410151625
88 -0.49114641588546432539713266572503990702050940198099677943575364374350139278327470929970976661289493547261614239170662
89 -0.49014945777074386188824394651552909428739625311100489936374624884134428760595110033265496620767355389628213741554803
90 -0.4891871199611462727473342158886150377220487584056602775919943320518312878667815903439812677763418894421793490011918
91 -0.48825780761524543252082105064229335692744096998261236986633941281999475212823522576714560463118088472128425625148838
92 -0.4873600170488082678774635666674247505329557256540029559652514976576989762835617611554830773176792361922585949473684
93 -0.48649232954223798590672473110864734021997364532369286965536511729380919496935125174602218547664078377880899583622756
94 -0.48565340563313737049146052196844925659508913480351745127593676824600316590987629700733871721490547714152163109914899
95 -0.484841979851139316255911447332058626953160954212213421097938616079606018838683386409773821045272394353003837745623
96 -0.48405685585634629713812840653021919754865547406265513685493221629719167485026284229004539973629138429362887110034202
97 -0.48329690194646640389296880604235594172595376486111227169088429403575114930830066840031795657871744304687662244073852
98 -0.4825610469010827378032212844554620993675252076152390750406016104056761589938711512509158302024894550096929632079927
99 -0.48184827613449072731934528035597266478540929515457807028712939296409263018554121181038743913175947916603588076453045
100 -0.48115762813122419192775189899406899852565516291475385962553433614080663066290024167734205772408212844095686671957586
