4 1.085412073183128863067137855218802547582041178943697326710360697581804494177365358818751520943611535237021608780788
5 -0.6856886195444885297698014123922984775412229498090516110705101101044423909410979644323589848273955057076079603215831
6 -0.3688615448362376589775137836041965924818091099743066838432763563807262392909180047735064503971042070136373639018877
7 0.8937749007977673575171339121598802706561800781598400934079452741382106104727187490851813178152730826230155327607432
8 1.054574978248110998014162553472883071599511198025282857810557715717597847417824096634852232937017836640631470043039
9 0.476223810194713014021939846722491058924304278871248809161666624088144205131055202631739935547481421979385191091811
10 -0.5578772210202058399921490322594934530641878049306038958759205182842006772717845603786238555519948157800270027033283
11 0.08907919254862427427698074591707341550527927994185899079368855450889433368708700480869154856707268734347572036538204
12 -1.107835845517469929885897393839765751600115927406858374416427029274206234673485145223523171007575727363544889522284
13 -1.177793085922464948730774684700366340191220897213791259699008653340848985912867614993300548221959350406273799367704
14 -0.5806704356479112803014943971831673108648209582171565684445881714211667090093762558732982282618997619332425583464372
15 0.2373573042432291135457053743422013468582001374349687875925560813310753231653324547217352992779387595692299155370424
16 0.7526775102552715362447148652799976049711030326348086994377878074160370939980996860285875131984713274093989936831103
17 0.9342995689661113306168414869610732965668689224426537226364058719247217424408856462171641754185657951386853553858715
18 0.900955148296113912815652397668234796961050173983394195427343024021347778616638600548054205972838839806466848082797
19 0.7601593372971727837349749006724335196368856481229695614656218776781210583617407452372564163705459337598859801209437
20 0.5793464660176647888709553802434978055675638367272443827253682564136373483024709128369626060240435375283561886492523
21 0.3944825207258900040955573458014079008824230047132989486874407053886627402429319925305753965702042433840408023148138
22 0.2223831551401569783439869749957181375189777142522721085772083914672382971794691747092006725893901808863517850653179
23 0.06945938664671590655347265982468817645067633163017120420806695246779492188099182807921428608967598837333600124238929
24 -0.06310020552047628672120766406588783134229389942122822930698368326755197325695412386240419446659227925434010062305397
25 -0.1765018445264914583720519804700545166440243881017826321206534348460479315752124089798098300152204419653454764642235
26 -0.2728833427618134984852538010232078966286260261174862983835083840713053303053098363188656190809019408612964598391179
27 -0.3545945874255314044827682118766766617829003921997605664100492503744130831540868080054886903430213679216309926606657
28 -0.4238685778503247234994256263914654471130897234731044492793430998483494789083354856637798755245194579917371959431201
29 -0.4826911374259706762034158376697937445636585414695500068297503743948480055540638059447010728585222678592934848027327
30 -0.5327677936984357226043581930751389263306220383369932850011239294832588384251539890232870126965138097868052969069407
31 -0.5755352280433071197477146687898022462202394842774001746700177343600294497581345692280305585660185486722558907505862
32 -0.6121906598640663320608602144485455070854489375020035471008203351938484961826666270971654249497366396244836952285933
33 -0.6437261277818369374213841317624656703092341283337972161603881873221402741664677055733045569211407572055884057097422
34 -0.6709616542334004122914630155689175527677815967939281646517562310247580219029032003720102557951088930403003743141185
35 -0.6945748396063014307149031339814501873542739051767157469200477459429411721146736695493868544697632508082250900513903
36 -0.715126180554646009882178536286564810594322272765604931841000075974709871560411798364998792855959942673046966776564
37 -0.7330802187639674276941686769567838382137429092851603707992817047410973189069335210944085019264347053403970679524496
38 -0.7488229617281127318578354496731053306905009343576839937653451499219305759427632079045147968327065049837640154437866
39 -0.7626761173557791522298350468927837588490502662954543518924747741025458992278363810730189481890985061535707666436355
40 -0.7749086746786506302993564684909458823203673494007825346404048161359100343068234464382410384770400286227054550911762
41 -0.7857463075284913483815312608129539733194412882584160058516261558268542456553748804189433574097248103563358629444554
42 -0.7953790084932095847287140013465788327334199948033799597088983803897097328032388210188004679873477698520758011917215
43 -0.8039672916551459265990854237047048225148456318370344582751161484194527131053070977458204213887128290920586412895595
44 -0.811647240844241140610966043540409085356344597739163739870054323728485877317635433659762809396668656418734661266807
45 -0.8185346273956835548911126267992002908226788823398447202086801243617047705538789801622401234351919708588068808694709
46 -0.8247282776472516757625969320569082444409121408252488856197521057369848549552342057427501369898618397140303852326242
47 -0.830312834743153738895488476740922370140698012137154721742278535821377442592232751729141590680323529254176755385076
48 -0.8353610305461718859979813216632321789794196921347677625172790784692201193017739500445304611498888098041563898112612
49 -0.8399355604135546810626626298182607650614693511181521569315583490085361248939551725268845857402415564651753642103492
50 -0.8440906351963983236196651191032926455118938342430612075869740299950907270511095637741669164627755617322127440857937
51 -0.8478732701653897452615414366304953889943022354271741529892540914505807258927168083628678710555679180375825484680574
52 -0.8513243588933012921457413243919077301187797973154626775219575324334616203770737703634468712789810463811131975078804
53 -0.8544795708242151131571027354640209431257543195617546559101255169758476877026459850247447134826256797459178951870347
54 -0.8573701038401840112958935709727908427988974056514725197904775699419838237478398998044186795350226796645929101917765
55 -0.8600233172073093092339371233882081593772021364831444111238940720065026359815122000039574885980752698370139273659923
56 -0.8624632655357320342637232608492723840795667152169602211971457418507817943525216158028732365545455630300614916845205
57 -0.8647111505775124243320810540059141497313977775988134490152426536943415244310284896881461872649139135804632096489762
58 -0.8667857046201223206030568682800594026861135507795516561239066353350244954553404797983048134040782229976582972531533
59 -0.8687035167593197696137163799174776071360750803677250540137131158978708803554166039176879205156321324479156133000156
60 -0.8704793113335785194549776628796924933563916287493453662079294896671277680225460116797988502106282324746170776621689
61 -0.8721261861782427643718812328077976996323353433789808634017273713219693241326072928779687775115620312067415395883182
62 -0.8736558170361735000709425716249741079020116903744991743325091386784437501381104951940759839786827491348453997193048
63 -0.8750786333833811513128439772120622552787106696761978842902065292897938770806690047381946273599944136684540252810407
64 -0.876403970045745505912192979733015109593202895008854741984373732174545414417271910203880877962539935598363879560222
65 -0.8776401982587703112953049610848268518485052715953996536273835808625177747177974923485581843812767909452576705524454
66 -0.8787948392263532913045688817961837896502991179087179219336935836499113385713293194065998709541126911611422315228922
67 -0.8798746627427151747037228727120554100268179659678594685960463463205337992102158673261656702726112803213090840888519
68 -0.8808857730346147799524444614709398870498534427173882134424160120999700051281981290233993183746165294568685787056795
69 -0.8818336836432427655204171409312192238678492900160883518824232425356807404415591650596650358905178837262270621818631
70 -0.8827233828841964939262047026736303836056188009913644449796801382825229201764821846351499376896207900176247418650969
71 -0.8835593911895488419865947822555300546417978509157555128849913422867328585088201744398801643907130902462182679931998
72 -0.8843458114400060144672991630075579576724935170583761975780730054272569682812520790609273650100617008170367814079444
73 -0.8850863732308105342449166571472012522580263169808701687108746269265825740658001467260969370760628757679495241190229
74 -0.8857844718769274326372305245814878342329017394220379181501762921991834115259258057495034277380853815279199392677081
75 -0.8864432028466914764504868224009834283757940123908571684513551906236626122329490688907373913929629709514630841284287
76 -0.8870653922148327402273481928407105423206947548294572025687868325667800083900533441228689353973783752979323168873507
77 -0.8876536236426305029576963095235976388911704906508973667626107648794836674164950120562218703616182854900894232177386
78 -0.8882102623223943786326912897876724665863028045385680744909558005327079155607641307052093667829080905148810324338719
79 -0.888737476263491078586840711996027451590357288785073802831618778865360214555010164576021707254867848881726865608508
80 -0.8892372552460316239235837901756751895064600474904059967244631928504176915045560108497769002720773788878002747922794
81 -0.8897114277247017017378161972678976316905386635074189748348306682683716165371010321228617632385829919131219344122539
82 -0.8901616759278881168713031756418301566653967323313204686025911310785813023843048591344267966378678291595802675419806
83 -0.8905895493652522735534752112138507198618458574107308203013353186343963498149778059547324043189940866804361168550376
84 -0.8909964769294129292376794697757559580576230626386634802907442039624463401577527305666693865629672241724553889060706
85 -0.8913837777537431061581966213385661539677988903320972641755398033716371954739071327534617532598546803814210924242925
86 -0.891752670967887682407912751182535765700391125764423774882361340413605297558630077371772809123988896735166208184971
87 -0.8921042844749874734996988513735067749806361465636329181282136637685740941132929041596752638886009702365004168372952
88 -0.8924396628593469098080425634095486675670518342117212685576244081422251277364465614794302394600221824556029329764393
89 -0.8927597745200631615380423401693855405407307824757447136449785258409822681527717770815977242638719714446167584172057
90 -0.8930655181146549112908942458388949498673382033891978457441236281659106003583377400936964101811712876762104891707813
91 -0.8933577283867431910738769655424195918845800273821307276747844788961841960980188701661685645271619657665274377195396
92 -0.8936371814431360543097376008228804106131747803694418216219903394211477866132289537610481160723301043902762794206443
93 -0.8939045995380757105097805312157974280546269935307132585199427334759332434836730019332386758275696258211757059014249
94 -0.894160655415769664046590383015793846494632709831248998387108782435866392765967278610843924939879577022866415548678
95 -0.8944059762565170157717920079557212825441322484399632626717683300608500503618003316179636321420458264004533285671489
96 -0.8946411472666467293108461321166399951321949722059670984845105023333175101747313981227785367854033907825780342497175
97 -0.8948667149480114701231746043659537969682533482516965836404286109976872171931338693278458560838696429584869499982529
98 -0.8950831900788471495159360632498680469176546080693671020499922540744852587328611966058192753938264416096494160638542
99 -0.895291050434344505636559989965497907572962573729439772349903339278609425958850291822781155422058025466598017701577
100 -0.8954907432722245953331564881878411706493005096392014173327936825504271451698754608559072345431063269865162242762871
