4 -0.50726943529157539343821902846526947207584089409958896591725435543501948133896614805314452405370212124109921293683146174177251925008898701188883353777
5 -0.13996194149239463641837806862043156106055721530060585311651754869690454714591099794175091734238951058356298019536125778779927697708576186806708938849
6 -0.053896490155356485617435995007228860633029804212715245496089222373074427064279957133925554328750996930125333017452597431431543375406680868714746633874
7 -0.021539271962703495424695252285667159821819786126895143691587828445019063020695249327192278785700337894854352704560191873056042228480055526748407453426
8 -0.0059345588174480197204529300722439004283858513850104378225346502919223213352976978333443731153959778688866528868488456655160904756615035368566465966022
9 0.0026436935811030157202124502384973852052985362880110129221572837957379905297461409730662368702082046076998373304653835857257778231724287720179756550175
10 0.0077431897041875774024097715923841962880321063723673093830942920601818405248236882404175992177057904748268768258298531909156738831601390806828451082522
11 0.010937372631074988020486322838903790907577746894978157972497018995504420129287786169402840697363668872979338405523903728149907820641980568614762051179
12 0.013015427590325456968565750496165923545134945822962387269217592900398983333593028725852641922212996115145789571779042784831843439699153351154093757179
13 0.014407260179067602916156230317407909151691838627099458511595759344467301671780021577829063393243252363615220880585092621964299816742450701655057750594
14 0.015361310449593571623435224454967402009927888451507558183639098389509249009610421766197976653938348321364823796148414580052008987672476473131619763916
15 0.016027709439712139433754701090453134801963881815896841394982960064753073032493911545671298525582777548882875004360141056289867197438206721561315683465
16 0.01650044532468317181923563763872656986647086922173121976519187363617205725236434893051657376192406756678599988134889594052261175176428387638859490134
17 0.016840089374295208472653539190762716291044193293371351175917049011213872804026295386987229064838357650716610186410463074983388981656738754971746755829
18 0.017086642279298391698301258599846481030384413307455506512384434347207157679872832779965344811994910876555514907685066397147951046204659650860328488208
19 0.01726708064931436798869942319246636321130890425565417283522190963722677795183195063043537736036039506677856703728090129139354229446304596305410915633
20 0.017399934079694438903051211365591770167346610852655097396071292889192170264810527077322395219713362136258512886467462056393770925866154470407071258091
21 0.017498137638780974915146895521636364089111811766643352557096823647329286300182534211535477887343900008296311215043625228704302906847482983811945391369
22 0.017570851897157360469908587286338236348095823328864025649240092396909136525563185571672361537809567872825969215676614322417837295233492981777421753548
23 0.017624648480705198622030678978974018618987824664964600093809605265080342345586894736839735108791267448243115044650513005295775325801326532251499635647
24 0.017664296691921299106652130010163801019384599180196422694150627601500313798534316592322481175901183224949070615667177564298439012383082141045051488576
25 0.017693294154562427239795677284921873123813871470338639942321522429648876566073416285774596868919220769366524733127073153395251990770261869070556418143
26 0.017714230191369906060025369929168449591406534838997123539761923527996738446155326056347386971975969155590538401991486402004953574707860722873397872369
27 0.017729038086648952021318637594796190599446264795179039517427906087660387080173118513582289966676501213030449144702590003814740415731380293559570205156
28 0.017739172419155420099728562230070631537386733959582700251638854545131874548307104750351837943398656702275412432886926175426408858105295578502295597964
29 0.017745735166962785771251153809459118485991306878524948334746961196842529734035981850504339250925022289475690391382862004512809795725062899942071663773
30 0.017749566342291372757170555181433794986852124661651571730154353706529614431613041114078516925210824823770025086781339351453160756229752379170144936541
31 0.017751309777754898444798661544410839396338008815474595911932627837517996470347882949352178518545250276903297207554260919194223379229358498295327400101
32 0.017751461314735803376068265735529662300578413083881777604814449611309007135523080313727249990420417171648257371521241468497694172709818377266097441495
33 0.017750404402247532606898014334771538105186282983646174723235426735180019714872183902518659280934344387716369519610617216186495331848933998888809459155
34 0.017748436603941266028117318832142902590564427716596679876765937536290300054597399264428939805600175350051534787364824422909614583714826731097449260597
35 0.017745789481068671381548628007998909283816958348188712694430445313493272423145415158153015487682162945107697619715124005031251606704809469908196108952
36 0.017742643609389557520523206782532768700304695672040012737737562780142708936942868836570221822647018029632906069546841349806306792209972680445456351777
37 0.017739139993691280810797702052735666126398015754147351431186115153220580477997249229708610868850581892382442229986132077397987314700308541768209181093
38 0.017735388795986397409328406166416531647116470844928302507727075226608078939643183121903829471754017498276621603880614267130903006147700643308482386633
39 0.017731476046786803955755522833708760650910301158425302919768703903818040665835037080100776158979363379543206527605935778072171748321798689656556093939
40 0.017727468832296337726639641033925019614638701354779034691925475485510593067310534404703928818400049039139353894756366791285314344880939378844157073364
41 0.017723419322959918412349110026164803695534960394483031453517694036519047505284174063940594520884138199996800462737157097842856583105985915249811953346
42 0.017719367916162517369722302367101288661353295768033562964491913169198527581378147861827539417886274823517084726106165020612807351608794280742849979178
43 0.017715345698009996416737380975699170806350735479740697570275537002787257013213573870501426649918620376423606690402610584521616930063064963270936007886
44 0.017711376379071852126635760824819995510576643404284525983731164190180986829987091096879547647502621825046874220142672838706374895266356946468394450652
45 0.017707477821806566947304323979001138883032244310822977432556345446471820544237055196442669925500900902795192399705698182367342176524080289247749918784
46 0.017703663249630282792413701272220892675891428582804024806456558923287001477823088461444836039013489134937749872154479933033941459418176213312373846802
47 0.017699942206728148838150237347750619662412047041114144597017168830643089392541404176551517285497069137581932135961229527953686114683177201136406821958
48 0.017696321321941973151756165237639050719302462296621455757927464465870872242282327980901602531808321774357666460941755337128002603984843194293705056118
49 0.017692804918088940199827091806177577154771675571693811947757062217513069364346652956512739966960852075932172972195340365189984113043033421478332713735
50 0.017689395498917903260603994210488865398540993648018777785101984447280933852742113862899654027831296271379607291890733822738283710155791507653919160058
51 0.017686094138889116297655337488532101922877901798404632028759139946246923302999047549303375908692507799418086612482335065583249623894221013412587133999
52 0.017682900795550324315202781599557183609512102609295072465275817270825466271803440981352290938327650225326899433408960297746645119674881536489079838819
53 0.017679814560090194712249869237582418873673020238625958048401468172955154295123032400015798530174881156386887301217189897975308455401764671788281127707
54 0.0176768338583899703141277915264167496760663035123263132245687622053600568251931034815957550538530799970934553850788055541045062729095119960690243719
55 0.017673956612348577110923286400695717793295435127431961042609074390827409220075428715219164866774437565581702463841939886566145027529224655286628233421
56 0.017671180369260996392327209747531655833603593892839732054977080664680688453259476373657350787238146398737908617679851295834152480326063914882952606862
57 0.017668502405459840544010544210171264223055190222985269138520111776782463285581008439263020844943249985474362659624341749020681208186435379524337845755
58 0.01766591980919067603145909849915561075350078597516607721012544527364280150351319697988940825598817067989954226725741290625491694014172166371345006532
59 0.01766342954670988511761424697018989881477773880593745893650858362071647446189534152513410076436631355212342039261944545990927152401640833655730724017
60 0.017661028514813722852240492129624610605888703191100538771117164278421729902306605531188139584119917632085105821478486677570599547450385532344913647972
61 0.017658713582385431641253891075078784353875240409796489553883045923823273929670740697212277362207928684390426369495820910085801043724619441721280283531
62 0.017656481623050263383737291591811910972472344875077578638851334880410368106974013580520797642123952301495337573941704461418677867995634705780433427016
63 0.017654329540629906829141869213869692684843772672139729469424116664437295650597908402114140660050090854796440328492984115031840463690980188370477907412
64 0.017652254288767718420059309816684515767802018456820111280034393002495132339093388444046168701702530262594444232713439471073200498853372475085144634768
65 0.017650252885838310225310248229873432167204120087444577470285437699517509845747557992914913595284321663959317318766084408088821613507326009992819133793
66 0.017648322426046874514895956251386984032144567128986938059305788686601102284794575601464073335759689952519961640511786432363834111455392717536998334215
67 0.01764646008745519042766989779560944785936562315870859346100315584327950602580835899245381918549155453444406014590738582264738575604301912529349203955
68 0.017644663137534702929734131799041967816442026196505911315150217552289650801308080348211369259545188238612263649707249853524689731652320752787928500153
69 0.01764292893673614636475306518541522631935051288162033771967482732463704685449323531657469238543776213955370464337330979680004239979280453934954663251
70 0.017641254940474934514263103492045194327966152291915775056366204303997991649819754683947297975681371477034618156797650642845767349512432580407427414594
71 0.017639638699857987975838608469041233720126703509853995580884639393445939233556213426434335051532588905065593375852629488200298377228138781920340406598
72 0.017638077861417640897992391717216131837353850142431522430254159337051793681591022820766609372921381954192370067759276758148659634976344099850143029667
73 0.017636570166069212761982867745373644181533085112307826180121855260245759581943271279429789879579796352999787933618110499908401101404061389842184006257
74 0.017635113447468695289248904660604654418163047663320807298281425813613607685202303956315499810351529588696323699472183930950439083155699102100170729366
75 0.017633705629914134994294822594611643540310991956742632028002481692267653013574180124430561952761362842980293432338989349091194647815651728147200958206
76 0.017632344725907350879438891286154840340983909077325677206802180652796528375485870522704228014427873891925350656309311729765599526004062119411321367493
77 0.017631028833470530799833486427283128349353507313029008388824424975741792830649849477884805192870676860731434510234874480129697671363441735632825446916
78 0.017629756133294119607878988661973200127222073669459770724587101334887300583387613746837591015117769737358101642510771212055164829739838741995362726458
79 0.017628524885777531973828181669091808314905176499244678979135074644664763266806738931310028492059727218204090244171986471645921973842640607380453861303
80 0.017627333428012009860341476810085675121711809935087780380474257371737525261107619387384681579738998070980915591101090659968754012119800638503213189862
81 0.017626180170744923151547246354744322719329937632816192414519901435595979411686997740470747814315258154086950636854383064287645238387148205079338772226
82 0.017625063595356592789040320805649281039636657964233926534871160590587194397044731849297697425692174013445058051083456805822372064257819417555931213412
83 0.01762398225087398025210957239224865822620382340958265095899016297339316506475622567540196041733841293089066575303718165769169555378839725622291033634
84 0.017622934751040073919328401403543133996834747352412846782983547300001863179932480085424821613347358966813060426909157767504440524184063609209966849362
85 0.017621919771453297024218242318561079284803453770537495731295200041454395475736742881608005112715922932182222128889952367601589976148258694944045261915
86 0.01762093604678758693923572099840474628880380551176729818454128929673452789509133958202382494425723737660424585997255916414539365846136838403546719739
87 0.01761998236810080592721952960441516787109870879380061369664292661822206030674600372898393656310797641297221264826095967501063264751288646954267808601
88 0.017619057580236719356651549221971104436763104391169421021405855094375811903583408933243328078236344087588801513703340134168948026581822633399587987184
89 0.017618160579323819703659426909392221356222341130181260416131807519862589306135103284327148095327789074443818750697482358047829331311966395750647267452
90 0.017617290310372701689746683853508506117912426383990875392241367443947180958253624317161300890533204999610655310949770292470390489434956459474809466163
91 0.017616445764972438024156724422632581744173529191767088006253165946467538995620237079250430910714763846003293173940749985833291814623733955989280506788
92 0.017615625979085410499037885219992798401048618191051976908528991676984719717629168203478031883753490505732033995877929066474242544933020502973243414563
93 0.017614830030939271318659724421972113229114117895880206416962501968756199482672089981176314655246824622357712736397208558733803063330738129827855720122
94 0.017614057039014106178982760686303947418984510059053518625900392396321118158781268461717984432262764258304397337321823429766816029458233385415661743845
95 0.017613306160122411976159425099284326169396841551471387118541470656519450253224124719964015737245330700076117876131941716048005676443305370533877049175
96 0.017612576587579161781680321761706057217736175002298151778048874906190887668400589651501980923156929780480430311532959240841941546586104413453527950037
97 0.017611867549458986058501014251323555238573297041793639479336523566749037697876541760280898229370649645070991518926073091918774494611145861043755405651
98 0.017611178306937333928025154418602588551077844430096254805855663483130000052708236176930238392639631394443037148391533309168707659898952062882495348194
99 0.017610508152712376658214793412102066890999257703551787210877784709914830049872165142345277250776734167889799547180830438590590600338629661405701650169
100 0.017609856409504365032433490544793432805478427885739840810831654556500887717840671348086868727790787154886923413069884527927289128579140652343709026711
