4 -0.073180184369984204220621690388382829267865677174151114251292589089021273489541075975774806217005279109903075368988
5 0.48855964604363880953931911390373182547159838498019873587344474524047152810320770058635524084505358038489126737708
6 0.2604518705031982507359451632403670312330798457103691605106361083772909330235157616439323195110125168660894995934
7 -0.35247507440504532916542646450104531671406144771120445048220967312693495576864060101691074332690951451970527547464
8 -0.56515715307780476334862524475807940680356185615719998436403724015238470322559519531606500775410322853188872699571
9 0.89475361920219290912625598406516387223677604340392686518172017069782331149094024004120378446053198887418707492904
10 -0.41748369281274141123167244200939450405559111652547373377163125511359173862334484118583297391666720970101103252004
11 1.1353814107357005225721727415344336988894119221361901843799863787065575021115770992180207695190989187653354789335
12 0.31591620528913153870131504293665251991249711282841060187256741272517869316206325408203331064148899676465477107953
13 0.83287055114866533622365070808271768225822848965108859294026867284896051206924905101326858748408639355991390449378
14 0.85750405466616510984368753895024768938915947029419736000684971014727692262984823538064748049523937430375098894458
15 0.56589721898990865817785173584822451367485409075845054236170277993979833370354482932220852133639123779311483197608
16 0.00076192106888338452651228882689116859725645835718287978374741012049710777501020809407026555221676598921542332149045
17 -0.56215755200878524806175200548960471456959733003261481101104104522689993511296000634047956064443686264465223938215
18 -0.98071492180773910462023087311834604441691046949206578527581651349948329553623910957987424530409419091588181226971
19 -1.2355982047977536735747609464781409858035237570337624436115479219048556005389435551398717101617895199774455736328
20 -1.3577528248007191715953804847394228989915575357144357580776386273916604632005270713874879314048174912741580171288
21 -1.3870198885817730099219263224176263706185717421510126458346373409744153468514842764469245357960338826638144843419
22 -1.3570244274604105820680321301807705384679828639974339105314823229323770485037281307739277391554821845693869296507
23 -1.2922027800003152889920144015531948771740586362690043321032015860248056626555102947478275119447132309896020810838
24 -1.2090061754053322283494608445480688233258202563387566674894679025115269682669430375769978429998836048673951569671
25 -1.117977497524854206208117971842391220869993304831500073145524229217141843701325556030275041716560374497181380477
26 -1.025602050530245444734562609433421138062254864228800683836807042327156159694079516371467223388693319321098707076
27 -0.93569251718880051885276397404648342578296909905935654654124543076756145303626256511371065218844089279976770320009
28 -0.85034905841496679874260940416304845018572396686310248431092697740801204022751415960372127072234421295394869995558
29 -0.77059880746094659492122370813696594679041639036394906482216327726087948503636758551060209524568695174237147481608
30 -0.69681196801361806879714584013277925516322149793282451251158162090471108820180282249131415635478227949261501887479
31 -0.62896838285682802038010769051306864863779863480952754870259268937282452530387594578732994630890201382521030853956
32 -0.5668262046310429988465873119180769802744085837342546964800029396264919711222746046814459181824196439604622698802
33 -0.51002730003673088607253010582537976503278937986368702197598248350153861309125289745214217888277238163958912496835
34 -0.45816211055622119136262693959757994870416758156272473449783211682428117420077283422756803543626379996773563727733
35 -0.41080869984894929918964415146908934066628262392672807328887710265010243262694173351701789842206399598058691809299
36 -0.36755547212523545538665615107666733443040856405206102337441363137552234994486444626873891111108923487495274587605
37 -0.32801364380264441517795810231291781409681545641164759371257094611545300671492584279300774811023782186178272515288
38 -0.29182335802385982380452933019891998722401734243920841480137313308941133845790702821717070507735742742786171863588
39 -0.25865592238629437558502857761551543267442955166843434642861661517168324303271744191588053174201557472552616935604
40 -0.22821374559255571866575899495933813859801676514350373648301452099914658105413675793243963836152495798253824587908
41 -0.20022896826464648520940629876754891195507873177622015557282118348876238104316592152168255203273074864963523443841
42 -0.17446141088850196497827081343869075715718591735245640271476446639361314869834534230468319755941731297984656577458
43 -0.15069622337770905604888234595417353432779007387831285127822198784118152953710803271840270365335321702473249046402
44 -0.12874146835427410525976726108804146377452269404028770955862110308683240339774261195254721480403877694291537437908
45 -0.10842577330037807412957858910641824298327336050150672444037080723400697116894865824981168097772896331693059880736
46 -0.089596125522921970578372861728478761383791076381154132825871540571607517231877438715451511028191990027040961742146
47 -0.072115845678415189717705639031146421387179892792982702790071658910242328565148646234358753588919293207074195795651
48 -0.055862752213312410135225395985468535812637500106424359304754345616485709556163524814669253492296675144648076244884
49 -0.040727515165872748290101932416687167320764033295572671159501491486720467028183005097124672220116397689294543462619
50 -0.026612189903929559634563272694076679510902751797901279031724353835358250740832045058139772464715449587103004296373
51 -0.013428917305734860436532956342356858456627458088240057947591848185114576134571455979431353100019474504729561805292
52 -0.0010987751834174628670969782065419827548963905368292910748600508406798597376939810121040412442237745344976976140966
53 0.010449234531451427130407558747143767679717808788872082206485619037794622884577414035150712195807323702582497927891
54 0.021279077771035655030024470056397689764626930674758391734463553011619998815923068928786935991208907372568803813447
55 0.031448473414778121396974804382863799306529972173515013785668363786548353063817303905187810613531232912419138503715
56 0.041009584194521601274584306941102483497749294897387923592782552597305845715120746512579028109922339965851054236124
57 0.050009624867184207103111052683707385958475506439114538473759504002266053380685987184439988656087402461814411378524
58 0.058491397847838958289469651020442781561297074679752880815304359482316948682720140991756753638869086979797087714533
59 0.06649376531384539931433167806477511278062984234157269206180104982034596907844009628425568650953432958606266333739
60 0.074052065704100753552897053168761389802264174110160816495905612347913635600011917112541063141436203742159354052441
61 0.081198481556208563994232855578838769860098528421576596863727386918747777044169055107132363035750270783262774256306
62 0.087962364749022053909262023345752847813272624431886601420947445181772094482765522402122589230710543068966022420553
63 0.094370524443983811762418563899516880350981485500533450103702160499174441788281691501874060917629288326610685555117
64 0.10044748233853451302804040319625641540508445457417313281154779438455013727176057283646869331827334049460904652586
65 0.10621569924992692342853658442074016444549707669961788326914874411978430414192511833719990837531519832888833902801
66 0.11169577652907166208704114982549410490706874963380002986604109023287973989483417648152718325674948740089520518731
67 0.11690663535281940371509249583532854864280506886124737865108794500332406303185625282012985523777196864085796224744
68 0.12186567655116836558908251832392373088573260251644836042027382236285568684230390703314024795805741731330279786099
69 0.12658892328580265517028544009665566072792092338671601038511596924525055384224493820058738335666420977371856484107
70 0.13109114860140520860685498908668419657486976881273144515620025123749324110599894497863586915114389380641142174629
71 0.13538598961539425357777518787482128872815755822441699038738506221521676780100703123935208832698510083828750638261
72 0.13948604988986751810739361234067969532039984315703341473487374538651521171483825118239529992523914756981523350416
73 0.14340299133702723665095292652667503367062055592882839913848125491577986268947047065439062679489627259814997456642
74 0.14714761684222082254284720891052102640764653051017626639677156756471861774155875017707750202994031022395506730693
75 0.15072994464351669347332964778821063909243063446695130336773446490083423008789419165778742212386443003352851020601
76 0.1541592753804591743974274103242739307023645488813659664079497082183113489646762155928495602102719808371602874675
77 0.15744425261473619850860235725908010596006032915397628819566826011659053125346867357923182448451665159820545820736
78 0.16059291752972945068372317496784489052393997233615848557305059610513560014625035342208153640181501808026560529921
79 0.16361275843238704599046907928560696530553192045545918361980033036422853160821840732889223630530887109627021133994
80 0.16651075560791780167220693833818169100101668022948381670856755129009974737004858671921584751973351986373765790933
81 0.16929342201403643912363529049595169603253173444801097704321790998636379392741354996168642059931074101304647580739
82 0.17196684024567023308672980106839387278810302724964289160676538659420591939692718554118107259015063427354672840273
83 0.17453669615211838779960379893302264284312723793475916515652975558140719133103581549146966877819368918441551962405
84 0.17700830944572963244129053445703498780685234906445747146680718547223686806124594124827809274317248176192107364488
85 0.17938666160344968758795354281634096068048836247857400479673160426005922487896896860722527480855608575803089274579
86 0.18167642132941383145785822266810725754650807266202867227471211378163863185745443649953699033184049731215510986418
87 0.18388196781753809728167261515175442541500222548565012334624356531538303197561963605084149941645044691981531229585
88 0.18600741202729183837637677094804698652411582434577962845846875691272255969359112071577301039167477732626796129175
89 0.18805661616307844952038857499572396292366613288462329153575816184012245601358073943692310856819386331182504617986
90 0.19003321152753213983677166959749898224614962070995790458971568189803624479176087975155237175261025019376638965693
91 0.19194061490122915096675808627042421395943167851234670142402782086253449681300865796322758141544696988590142281292
92 0.19378204358552720817820061363373164818780204118401713709738555683882091942511734422481880858100393455713432244994
93 0.19556052923123998685464777058719587821477238744707344282534911825198738633505509142285116141932925829365239566797
94 0.19727893056340877083059440337425772496019749013866427241444938557227657020764406166609622680183629149568864023237
95 0.19893994510136378249197194127187881789574971886233488626968251435028739491382441759977793273929247060584854555975
96 0.20054611996340934128743663049656521757471074850336322296761314631055887397720682733631100252318073965687053191477
97 0.20209986183667724790605916264341982506125383355896818859198937573009830140752729168869180803253348395011898086452
98 0.20360344618484674037199123901582616461180410440049726951994431907725859641954768973133839841531223302859545852019
99 0.20505902575941773916833400468130008670644009797608854185814554103770901730799820531432125041201898990405080368593
100 0.20646863847395112053887625091202532504103095386212046519163223699920681817176631152959953171327912814473319424546
