4 -0.5485241877059053432876338523321952291069354628624207120706730295845979022406536704270184053454822751145650281583
5 0.03773287742380684546325601023326963297327016585458325456438456242035896741196340031956667618503476756625447504784
6 0.7757508213742709773487502524035943006584296532669011188429041763793979240542775900881069909180317488948293488029
7 -0.8802158654541023181318556920044539897785785811586361040423692258135787418061418665235454779568809903047343039504
8 0.5250679594638569353554073776707041324048912902251772434396107733587672152883265092621521613647697391702554132901
9 -0.1921276393274019149483843132836431104569024524616963638057544210809503235245598719428525868168385272828483005439
10 1.441839693736641136039654064689332587484527192730095425164167190173463439948376825351123286190695691429574646567
11 0.2316673717572316366448108262935843813577526880402424729887218348396774356800998344527236561361700486268587742696
12 1.000556327063553380232001300618553198217480114839123054563028102443520724972239074383409310158720420218678723639
13 0.3752963499212988847661697788293336759460309621177855360647257609341246377135342980385471802579983593037003880031
14 0.5253005014264754824846927488866271857470954452328061216128678502296063127547585926115536537960476597703048604672
15 0.8032662699557384370412499985886298441639137234188192301161689522213279760242112319868912559081660017839381891537
16 1.118379095361042074864558346696386634278821970824172817908599987372967265359574934064928858577573673112421621786
17 1.26838141532987392503898390891920821454836160688379635006733380047895125836108226394810896799231966707840996954
18 1.224837360310786895257502401894763277329332208206145554494867894896943881641617171471451246606890706864471660073
19 1.047912929443601739390320010590513154912613723690464605014874775808366273179864512130926309201299043521726504392
20 0.8049940416715242007914153821931764259760165912832280973987050181852146690115341480142342467941832750199659881712
21 0.5440306060063330553233066990888004334424739667779443338726675254020699068456019344341970046678499150505385152678
22 0.2927565959371023170692003643747116893928237291343487548495884455417135709795654605867495685637624088208844286426
23 0.06459706716563022678751689982464036971436675304690845838437074435402330148000351565118109525280603178865955724976
24 -0.1356508828682736266270466767383196899479850842487542917038429077927557241911567372072182214613260167145094074848
25 -0.3078595207610271886991403707639733289006043920960196265664461171682511495071220161940693290984441122965052020403
26 -0.4541524372369786468244247768084597079588677757861173117684212040056235940907391874391517781623620306654347755548
27 -0.5775401664614881648883282252968127262935212315061687349209376450503497676424740783297346940418895602045525060731
28 -0.6812007975850744164023183250373547810607656296447459249569981960628656324084918249278464973588382534765507227046
29 -0.7681313118152991607447841438134772408911568143897287485334957940810530470148949382099672066037859994417514475661
30 -0.8410021969147070703923804531404911553088696920866323285870263275945600712930459830224894365387182968816001547778
31 -0.9021182931628417808812315883707672920276442035964061119529774733394159769722125802170446400605838851642391696989
32 -0.9534315975614096023971948090045012029694897564138508805793469342011671345433149905429206520706980507156767886442
33 -0.9965766203028046461355679882267356882694049770665813511247676883744244572226208401355059073816180464967264675351
34 -1.032912940672720465345322214519539741933461374538058890816697328464949370435964021938783043510039960414541981044
35 -1.063567373599922176971369337860581321709415292364840613847500755699829735451575957215104450299370595722887264394
36 -1.08947234858477272832920321982084243742836152596220332809841186361887594629535909364406096335733931925667290313
37 -1.111399296976132636572980654894422441935089534591815095374777163007585802764657180505127455936436515229017348945
38 -1.129986939987466759211839451483515201818574371772034607423943860462075556837097611488833462062325193641470584269
39 -1.145764873551257027566737386334794395255285242297374548828355884782277822910234573775518600055006310561938382711
40 -1.159173037971394783933848057950361707258504742769021137534034783904985907150743158821687635585381095926996259948
41 -1.170577694706900573913337901107425539947138370273037727047768700719536837015818434661539254090942511690233845509
42 -1.180284493055696255897257732995524749159097190596635660396901922476281454372286258544543138309977722149844867227
43 -1.18854914021240936361656635133507402914103518771616143206668923727398851703506163647633833918871053563229619931
44 -1.195586111702615907815198016839088042474955765654411032280925587417505647398557114409357153927013663997095521561
45 -1.201575766336987783144292696409505521133889049310747281798786986557216069996052020480521923143167606738993723017
46 -1.206670165109726141501512161951803573638614878905289863349717086289176169856045188883825792256551150376423121589
47 -1.210997838188126516734450643768437720127966593884296305331717483700917352093090424306780101539300324151051349066
48 -1.214667698036996376014207160797348404023661531713485132518931155701645400109487070616036243853558470086963826856
49 -1.217772258844255538979507843431263557430260839517358298433210024611423374901372664717807949707959149626335905844
50 -1.220390291593343090206361098659192648964669607635184892898380726911413157429210372416970871992511683182067912887
51 -1.222589019202233114880793550768581336498676486686148729685229020137201984674600421970594931929173963331009991506
52 -1.224425936065183294614062337302912295783062687138026395116267424324629734824824467370653225023279760317107090064
53 -1.22595032018396768345287613545517849585465094606144921975041931168958254310494892791506731490067748542775138478
54 -1.227204493100207070857738314310082885716261821517105146682449710913620145224944095404456467414087736776091261623
55 -1.228224872414941292413265393408555232669606674337875915452171656491367330690682001296652617571238086871636570309
56 -1.229042853298779535732884221520711525193621583489606926829099739104928258304157176182008171466867164411060667124
57 -1.229685548647512328330412743694973238198677276549844728552989617322972966040582517963779664008809552346809583797
58 -1.230176412096847144721199979889571341762061890866608866342118439654405197381262104825682994871695456308270606117
59 -1.230535763714685259460030527494134506006641698171268097157459718719279072092929082150150913899794218975703169882
60 -1.230781234631813237560334997699551534311325251754832378293823612623468021566334768099777598150185320720545928739
61 -1.230928143986115313088873880798324661424637832357436821949584582378155823766903847621345814635575133751020941431
62 -1.230989819209235375609953660305658959293906868134528013493591093906304150121104522866312472990722413732252152628
63 -1.23097786877265239501443468708949637656406443225639515562744751948199149997870281840312501609302003024398069557
64 -1.230902414948287118563894400030754192749285464988574207984771732551434652604847471591619462298483403961955790862
65 -1.230772292859827598509972053229172903217159275788967369411711164886871589541352737538766880910720195738020871616
66 -1.230595221051152476464252816943856735271517717079307351814812483738668966737768116551764777158831977183553161033
67 -1.230377947934403805392697684279587584432792641298015949653081111917452760343793854968631137145207315592270254449
68 -1.230126377767750258368198190368619825066373053047898953874717403634754772650477272431302318426682392333771482802
69 -1.229845679223772986244833454514832388546131581261792029152169427534015348801582647733289774417197220161573242433
70 -1.229540379121173739861231447450737985841535372313650408927571736598829363220893145087603034042351389583875073187
71 -1.229214443486928774663127638364752198354656734681155290292644003902359234147065105674675494371942504914506997859
72 -1.228871347778323150989384862959129456413376654737206135107127054812630491932456617678028679661382598023558207317
73 -1.228514137812498258274996986126069129019433192088094418334689021333420920251308833573351056887628348073947847021
74 -1.228145482715458249568410471776741345852978906398959653595789437555677478809902223881128621966253745775075194896
75 -1.227767721004931874712956919899924056157751340302208160835551149991036441013777710368241641090150344696710396829
76 -1.227382900755549116826537229774025342181019531335441711257747679377765221184502438623990931028252000560658067768
77 -1.226992814655116061203134847122830411207733489156130431540141091661680857780485889844470762750739592941567421287
78 -1.226599030642958980796406843104607390049425162713849565437454161364533738252504765165897547484438082644716631108
79 -1.226202918721737617612781580042210417481019694912221528518567123370679292860108526519805313439386509545367874086
80 -1.225805674449808146690230052944730195574171211530044593291678947607932658240594638872948786783465625711213143511
81 -1.22540833954967486998176731942896523389801274912377941798041921697516862580965315473648530831638229646620147435
82 -1.225011820007255718972073053980367632993596591724124367640312781974229162890087458349178249866093364983976920058
83 -1.224616901984896562617651248276183616507292060754154338844264984883635463283612889085326794617028146036410887234
84 -1.224224265826884883490441177350285484502362642183250306665675603368168651215544863438818571980131107236077617224
85 -1.223834498398451509851316926476650699282475883436398759749940513122458166454449754567335912841480549007371150467
86 -1.22344810396692087046563217961111756479309647459323769878835009865968306467300243592286442167805154228481948362
87 -1.22306551380594745793950698475958402399275908816216066855617588705948312534957781916108930216940290510967559698
88 -1.222687094679963873066463245116954649967948157135670318610757974829448258327763120380160927001539241820463842817
89 -1.222313156345479708758601310057922578345961140027770227157709591661374800643249931853030033546444745825463190385
90 -1.221943958188218507845231697128620742666003472020257537589693863508866413607972315483294675720783986515777077329
91 -1.221579715099846853047913853992491533737180612812095664832371935516641205325982076332068942305627470417069586903
92 -1.221220602684884315315621221813858051822682157685822215950542994590046752188824236182138438494617784330755180919
93 -1.220866761876988275048044261145629413525265862594533894986402627550492126953496392601500247853220133120992495892
94 -1.220518303033931425859368069113178554922555840137247717457280531671776971900830216622831631795245788110198815937
95 -1.220175309572017863218289626997170512718490629745839626268326503728878413212466357939803625930259584166163969611
96 -1.219837841193233747658527447814539150362211698855710799491068790944000224506169445476140861681717898866124716055
97 -1.219505936751945215302340176417118088828605267136865378689814685381919602373492988313691228148951594966757677017
98 -1.2191796168023068125269496512118630635730960158470663529633682217676885175733976148885001763884310913573456309
99 -1.21885888586261480816825963013965935539002377551435111442177912768226671884653609341403062761519749366090016529
100 -1.218543734428534130127783254270398768527458163229641146196757619105475104288275348785774804388294367184347022023
