4 -0.48935502226390572367807190498103653181843366415270031327151265363982620236584782845627547421836525958930537266
5 0.32301137259486947152856033269548723460853537822961690528591711829577155230915503278158553469163067082364371099
6 -0.24733481207845675482325469890849537844517157538377926771807411436654994887012957243960238059220596652224990634
7 -0.048049149735221249134464041347974899021457074801096772473793972224667125020881862290741901685872204306934090819
8 -0.51216086955495119038044720631765443471804962728346911004330379020355734580544223291607914402710894163428622102
9 0.053512998130312890458481339861885089580613127578749166752490458842796200382539119229027176035533084869283551153
10 -0.16074722405396902931763291667312269427708416347226639606586495236346420781067648441173568010591422529825131451
11 0.31679303889223765318450191073400438262445676480597478991181507129769710003771398890417563057982014178233864758
12 0.36721285050575025647998540469670999897043770544452029417186744150530530046576655213253268782335099126399248586
13 -0.070534643492156604351258499149022510753808082067990316790824754207733592331616570126319351838571368736434646701
14 0.52111471169864978372264934464127357524837303156630243475621061497498675739250553211937032574955954101534023372
15 0.68084465017015130553136877796939232318966452086254213477826989633528617440427644230745391265238850542014260549
16 0.67175213003759188002601156252950180439774308488309592639147587252182909844122900618360884158743507214985767633
17 0.51739815680309116385075432502041593688518886749095184029922383157122229140520381782632731105437624849528001254
18 0.31845853511932579526934605429472131527921669164294158540745794508993191975593701834727392812005861259767144282
19 0.154998146255421306517402465290940363147591490719421358767741765545843240853553746579605746015195986830732416
20 0.057503299873843374242117178917615321000672628297670157407158948065248398363347544422844239764617021364780017404
21 0.024571722951847596093904998494216370567618815439948597611824706426698091246097432821471518216773788259440947249
22 0.042157799708252754200983364547881084059809313105126828611189580340112016650312598710109642899334916676156306755
23 0.094325659119402217752537718351253613021149446493174578431287491735491132469157963580540678617410969034058959969
24 0.16756082754600161193336959655628644334798076038649507902600710527027930536817469454898647789861429218033010767
25 0.25178636523108787743564032567764375948295390831412812637853450342178576305289320904179811522870192900306217336
26 0.3400508164387697212559431057280365504281207099934072701375622178777447728392555131595245732316368167732023804
27 0.42783949125871466945869009836214193888777396530645198684861216541650523553404407973516436231132616257825318416
28 0.51239416160515015525564701431278754038866160224935471621766698929627145954204522129572295640589913324566606003
29 0.59216214509933206753116111431218102332653889620614231761799251927099643038350635528569771605730272582928104674
30 0.66638839760297208683453545224707891050197715237081190547953447563604971220773073330413855893815735084805898082
31 0.7348282206512899261881321057834180257650131347700296493236351307792077560525509237719906676017233650547402511
32 0.79755131054493256147686846521376352184193576358936961533514172036675499951028902236949503613205648124341455818
33 0.85481123301793072594604048469571902430097100073285026207155693631919777801853219301022486081111246821788689226
34 0.90696024396732939846090651852083825574130349396576443202356648274556115827003436857794148589600830281657293038
35 0.95439487110473932553869794337646936457854638352464638618343152260186590116855090982868758786638026699841509021
36 0.99752203848498108394018924069064386523310339871172086172809271427106247414235690526436752567901502622343078301
37 1.0367387317548518367281489212364626912677665597500711558977476204008792404607159006752206604096182935593154475
38 1.0724204748657301516130237255016663973129974924116645172367264018499666689294961707193462369891486273618630776
39 1.1049154571493528653915439694204185620537370975686773983366521736802391718868599915201389188952280024062217254
40 1.1345422155074476520088578791098182608649349043058599655935142947545879861565151547202439199760847315041058514
41 1.1615894938711676012768941040002399759721182970220977038015603296108577467012133964584904751284671514580163119
42 1.186317381686485692506279655520263357210111277516984357072802943656752014821810297329534726417888805711357649
43 1.2089591521200227164533839255666928934635168623830679968597848419411506424967482910681709203553331189099197176
44 1.2297234317703354035987808383186129210638208742244846704030372478467007101573674211760266580633295596594987793
45 1.2487964726728968694242887353179458122091101721471762168814477929262181675184981054662855336694632706067875504
46 1.2663443883541601398870422650000042857624652983651570802919908048019298474791930827261031549798642731598584683
47 1.2825152747320373857162901112029568864786492416819858646819185416425248971802174610034223995895574854981768066
48 1.2974411745425841435034822217732545997659872138386384871206538499211028467806923970206437651983816991865721011
49 1.3112398678786976302181692967586766683887435406439164411087680941451285384809056553582883183948038329523861648
50 1.3240164861434066156399428139991853015660619488504527337295916272050786001875111665473770255023490233626958893
51 1.3358649554345612990158952044921298921638673956858568128832981936967208705394353938849814296651228266041813075
52 1.3468692802074029528297825700396740306066014551799524802052270305293928932596080707880201958033822920994104192
53 1.3571046804109635945241701804391711766727117571099362053262027335654164393978465759298178778424995394391649665
54 1.3666385960914031261170631714912869527412464268918815662914044094959170772274217274433575427215633934891305392
55 1.3755315733100938520244893048109695593022885339277911053691949333012130758484458839656226280634477240571057194
56 1.3838380445342750342829232674072614887701916761852687058584975046275563309770910300788663657565993613287095087
57 1.3916070156799760720369737229811314469060210794194407105997139463659180385393377967112285776092409227387403522
58 1.3988826708834403991006090415946593757177627340002666628588015400278602684761248363729717850677058822218037932
59 1.4057049049492842182493529915519041261402509304110596300272775247806950825238146729560989380772385199354429967
60 1.4121097923311907657364327301846365991303591898124458178653286506220858575012850033167454260818558434497455996
61 1.4181300004776725696953534046012424625086856839130445340969649770127889124340744468961127697660837853120294175
62 1.4237951544379221938199994397877251964228892564634501375331247401160613661148915178130854072634142558041346721
63 1.4291321587769030430617980734471414599998952695725971128043993696236638669764135607060067309755958278618255007
64 1.4341654820939570552058330754083100248801435002262835872929441321917627863741542383967637568869119876597118971
65 1.4389174087708751059970216918253314070198494704342891187426912737919906876881930838790888927177635409048322453
66 1.4434082619871098065230897454559424183712005021797169336006355391849854729862480739183124375214397404306149327
67 1.4476566015242325012436211292031540929774551033974171763220389002184921832633317473757066312685409649890530804
68 1.4516793994312762526917437229932645312161944233152901494599760931488613946147781603057951025493618706614755339
69 1.4554921962299218468242408819605217174460534712573875103935734375865361138441022221172174140030421300001517225
70 1.459109239996696835675179215353761942751067378216556973639435699031512510222572620503464989593667283203154274
71 1.4625436103621740051753342325173503409204781247961840447204637490584581530979118507034140760710425661941914739
72 1.4658073292089071477251291462200837109453470437381766112789361919629388299908805095437633856348318661212791304
73 1.4689114596254831758018159557458662167963896832273519421116013750126558332300143448957983324260384139897689
74 1.4718661944791475571677801017012243131590749214350839191194217171577512200771387761837201567404830411389905317
75 1.4746809358000697814144621366890495015276166947307073134895690908953812011871983805208144136395598079608407744
76 1.4773643660230487873152059635415617608588779021531737072184882210829062527044481705373064763525805246238650023
77 1.4799245120043507786984342232974096581961711206828508602374223164081495760431260382361441186307688025491990599
78 1.4823688026198524265497508112264717399023711736365346943722845258321974538452895235055988519115772807236622137
79 1.4847041206535050669039388891819332699256155791135349429591878919078330139677397466922708348941590832587900121
80 1.4869368496004155752539928279902340079257157490820916318918366241233124300678831587443661975892518693046427644
81 1.4890729159348946752310050490240675988505660964526200323506158313324303225797253116988037518504011685861036274
82 1.4911178273292182716048415305103545719898177530678853572729472271523238724059158445899046680182575851772524286
83 1.4930767072523431899490135443686896267030470851649277788217039676664192301930742630231297953597216513911687731
84 1.4949543263283462308807911389998713314858255230615806726260967744018661069239752177180032658438532964844193278
85 1.4967551307909916566439548094348647048817642516736597904928151489253430069482043622989063990600679347170419462
86 1.4984832683327799802561584153291299986073120398606365391126181236667400955609999648421623935065649408040753825
87 1.5001426116134014734492221274900775637133216889876547953979075805835091016126291777316911511679619792004774867
88 1.50173677966311569270039353901599970179525999494201051383039643695434028069776581150632683384361517303041539
89 1.5032691573906883816476382425605832538155277262117659289983190757396712729979332536805208045365950979925133798
90 1.5047429133826933031185109884849227939870564805634559291210116227714759260418507111131680929044539867176476671
91 1.506161016160842366687099624688108122165977290626172480906473577916082891094201277117373935924699280100736342
92 1.5075262490462076091329893286848954250433505198678654888234112151490400604050364735460907237818106603569577482
93 1.5088412237634521196582953112756670450423807480392395370439082912376786886474130131189234319430623014054694598
94 1.5101083929042409722214865896109298292084095162718574474726769587240986086799961956815042009435353340316954161
95 1.5113300613566376400511448079686037815787529094278100405544119053362873952838963618800728447002371223515139179
96 1.5125083967963146621695331407758139967322223789467477568257163182414375136270670952884105525472937549445046345
97 1.5136454393256525331332843441274490882905610365478384547247189537424356909849255348222936033592805173642412971
98 1.5147431103381221954195521941310139853950976253069743125011101120365285483905295306384336091804390242731442448
99 1.5158032206776168583227352584847830989380502557206437248647403727987291812120600744386246545760336062782084717
100 1.5168274781555068559675308791451864243703670769977028624043480910183738789195000579705248741185339603138676484
