4 0.0175797735332912381357008399240494744959734094901910078183555953134753479960661001214293261409724842037209936
5 -1.71403467125692049579798621150412526945091589566521067853558537920398914011178845696430913047754753729035589
6 -0.0846913276533391457337484706093288732540989472077048296219274838092481907285088394478180098885760070912768704
7 0.775891936897800186670622226062813094347758333577978852167666245543147442194024907088940554195443162347968951
8 -0.589882334667645769939471405212714095346133434129159384060119738620334769903701249066429257842632333461956024
9 -0.314680532058288521762132510767980792843276637338953459511047825233316290516329276069489639736165600234757996
10 -0.819371033215014472024077817836771766897979696175330419018888555511388427858000389416772680428039673372914396
11 0.75396057098072858524111722004384265995047729343953897385085376422206001464005992247416239158129171395881763
12 -1.06700012794348905268972169059919637347097746712447374946275982358801773408392744516338735105702617609030808
13 -0.684655989548143001372404984279555428402503048310522611877589057010752602577206683419363676218355093677477567
14 0.0870103805068784204413993141800939551394937924184911937866798659525844601485213551717407216547958286311901316
15 -0.0698107320464613478301432954901924962604290323167891453620849501824803131841234641117045480613827089639267266
16 -0.184182659543821961039107350644663023677860011168310737422468082816223535690567422839606290601767475632239587
17 -0.237373472080371389126765574131236946833037724209581855142442659580886875464514823361330465601365237472419803
18 -0.209046400032392932416784967355899565339440179989234320922204691569578203259124685284159290184142507749517579
19 -0.108499833740686583950238856952722047903310766297046790206056005666807599165179559115089893819378809617811158
20 0.0323273578923218847952828487712907641682351930781226221039228675268328109793261177555132369855279887975259214
21 0.182647254097620680199065062969515676026236137011545897001209587640688637269214602935514175842711864124682956
22 0.322307790093346116441407278190002598811429261410538895587460052171424764138129790663979098496471108131449967
23 0.441420008480045092391287947914997219781849540586913075276106811766003785293854872314251843853830670649917915
24 0.537064442654144052446678485706757665222872896173801164743501113376214284695714641784734153586715182750059571
25 0.610208142804551242939834426495664625788784478646634120428900400724339014686047603385550074112603939919304916
26 0.663598159150253834770540180116759043147721103378909341216693322180473623292221715255966686379505199535235634
27 0.700531237367480337716915475121241559812616116051971634683627804935035226505462943975593336594530756615246431
28 0.724219043422546449022676197039818488098625405404761521005944779910342865211557876721595376035529416546692587
29 0.737508104742009963052434830175224404356063188991721092445824736132776544677909729453777267315211834508581874
30 0.742792446270705864365588241336484528980137671585450348853084229631266587698011978088003153290910584335088446
31 0.742021634584665998609634202514895107420568588580174968046276273209259942288652528263237072023199093218195925
32 0.736749972950963891428565149967634692442970674926526483336930557395589158128236854404986251705794440146650682
33 0.728198486218567140822020887241501754731688321603779237085065432660199873183739079403344410767655173618581068
34 0.717315985312081439521212431847911897219790991332341483253231649420989454430924538789282887699582976190901226
35 0.704833390468695668574745967158743223515914484484986816921907384307982387835959919081403930850274196964680354
36 0.691309525965893806686821052082103687491849079147591080050462216418658112677613473871808398162129826753740317
37 0.67716851949948010031332904747371434097685335469432506773667456910897375586392044980133521428985156657954534
38 0.662729744413853821831732623285846603704311585135634576381408043382056908846029336712056714521873190547474659
39 0.648231485496099501405372088682450194974112869081664383748061590349727997903507646209968819460494574635391818
40 0.633849486586270921789722005102032885527982533432725269034565952255752837887734852279991543813975957733277354
41 0.619711406001253153025327885221953622916781407065510957232352703109436683851719064642433477571497107576988669
42 0.605908041278321754448425696723573761546443313460678591355905314459930407556074715620606719480776375248902859
43 0.592502024245828228950367799159318653754939450592487817686758650030043688185683405238136022983331834168121478
44 0.579534545762083416716969583240768292633658753726904254475795597688745500175537849900067422326282060002111862
45 0.567030550846807808827096719575770697946895185157784734804072383550335576206120217648769479905903735548904345
46 0.555002748653477534518015739025412626350399824695422553354454777176002979821092066804485179010123614863148252
47 0.543454705093061936107389609702986174118149587924532590811441494224212449209248594931546268929975504950064132
48 0.532383225673408347790800982015805871961105756567366065227731464235621693166123349236752747468943367384826806
49 0.521780189140742960475718179694797817689445930319967123410337039766882996446717464828458058272834844617577117
50 0.511633956067375057841492389721174624764097280045550972660210671096604346111713833389540273650914377905641644
51 0.501930448349036457469989537312616884463074057396968788665323954671312288142925233822088911850517171006160419
52 0.492653973821028268991921568847923843641446936019951268792262429465681911897826691567635536366245602661955994
53 0.483787853420942386466044920515257713175619007900049697939406882002443453220827467357966342188786886090568659
54 0.475314895380171157050199353787974198280926077949297103817568976564710631315015837145533197888791066704113686
55 0.467217750934498578767807122025376718845989784260151927438812110726495128826876798701279442615403896152445481
56 0.4594791783248298470326012561016814091742020665229822579119933801204705236562058631904864342170036086021796
57 0.452082235888659263268852773789605656042304889097442726712110717476634787193582185009674573872029413503965348
58 0.445010420418849253690651423331281452644666413680942011692932149745445566773651784694437923815903171039761279
59 0.438247763379933261146033811076435435735468812358339206466161731725030813872310571032753564356517187322481206
60 0.431778894786519975213873153600279671397432037261781467286714526599319631654085181270449471531266345612349748
61 0.425589082381534921075108696052302029487282996890648124448694063133626533738156941940341496193793691591941961
62 0.419664252064159434207946996968886919537857871668003574259379277307138178119587512526291386049364620961844469
63 0.413990994200808618822115190331438379082250239949796610969362678989379718391885775048300506046394973179532009
64 0.408556559424391806214097918380209820161218324716076618032985080811455951652919267642475672192943007852547181
65 0.403348846723391818179677475255906706418498362137601411305402229100087930029095155960485427667216614337664889
66 0.398356385993462891492217874900225593064409074421591801024504448748213575058418134542206631903809677434037917
67 0.393568316731912263310892844976427315810986483832181372586551632348177942081162581295331847610435378299894289
68 0.388974364169812277846075649340046122051241828681796654382455335102365483230487693344640349921801897476598016
69 0.384564813834423934429220842594530315730256150775185254170798062466068852005168115237352292361029386617876808
70 0.380330485298049932153788991683326106674099882347634071896567242303373802021862700336058524100290114897109141
71 0.376262705684286571476411709536813964541213048019447531455697255115463667026305307813093904343191036188435263
72 0.372353283357892385517751269924944561138720614099791908110954135381595750707376114975898050327330680012004487
73 0.368594482111507730929728570169750281036628037111031872078416378574430074744030663004872365147516115974302589
74 0.364978996074473747519371678230552002599970826365602678902945922309638950689467756573471342007199895438940906
75 0.361499925500691819106357960506845759095260576896024817982573777720079734991440845035683256731373545731571505
76 0.358150753539650724887202956569891139210129527763092124896293394210431129816092054823954292776864162063986799
77 0.354925324054130985377013860718840376024557332305525341916540688587299642927856297390095231961080246940215344
78 0.351817820517074162308346078987741125001268686843844116132266389505104119345301752172601935820449534744809577
79 0.34882274599662628920387226631507779632906107005314561348459441973984298241688405276934905387909219207456968
80 0.345934904220807374464262848943403448652593383855882937851633861797554824455180961274698189526948843882357624
81 0.343149381700340936274565158571366970907713315102586916555962316468005344160131459746579557003564575135747661
82 0.340461530878884869907700751787901639977532091754150377179988962734136782617243094230899999830178116064072863
83 0.337866954273435642296686080839050627356647617154513460819816366906673983799496120170590651065723165385255692
84 0.335361489563397610518098893757576251062845352244622695780084869245416612586899713051681040612889695463599163
85 0.332941195584216784746543897727752385867000202511841058205308574255332740621826326032646873705576863896910241
86 0.330602339180177552663405990857626821561001703123594343862475074928338769809853187127340279875040987995655637
87 0.328341382870639275629861812239668978323995223296878044439576583457206288022760024577961152418713471481085622
88 0.326154973284401126341068076662664729626300297541284145051449458401015372327906788694098161199410987521768838
89 0.324039930317834618709461837129130369428429205874578732819175214876296923147621340867449253628427042437902423
90 0.321993236973762384857611564859229945390352201790986631450583330639683323677944983467386367835835583214337274
91 0.320012029839670515719588578723445756095843768727411409147208605009139309303216374740663158895131818366716711
92 0.318093590165628218407001865812719386006139677097798633889304436534940112303645721124612778506067523985546331
93 0.316235335504181604068794185279138000054441006918336712559838737406671798631057053848531707249998571237897962
94 0.314434811876433642552693414653792603293358362412536069437153605447381560286952767171185432498318470474572878
95 0.312689686430478372046374131309648893657655157633631215216453583600950777090666466825083538693932275414213566
96 0.310997740560293371481171300827821324781963582719062719189285926939704480829792673093553274176483937429708095
97 0.309356863455087501630982055854662407380656343604309502384258606799492888219133407364916826387277991006669431
98 0.307765046050934627891419783454026224315707417317541425435815748801166513713000783347159755461318923718379165
99 0.306220375358287106709521495971907679518312480918230356659129702760434119762271970872416607978828191719585524
100 0.304721029140647811683097843345869093435990551040457385258317702037729594156747938606567382714169051083337411
