4 0.86672098523202278663175866597316781078176758440284162595229502600681925744534190668917375490013508844849981
5 0.14450074475349688868655812628401500906481342270772020072056250637405476385122217775485255820529719085896492
6 0.029647506991224262100018122717652686615864748673177503768213731280482726240824021045269434702963772517654789
7 -0.24159141895822746924084519792355903923308129237178802595596139581041093298410253988866021491678395374349162
8 1.4617054256170068935053736760822203485858153857166846996249501907673611920192490198248350122409366585492452
9 0.19069813605082041685303464845071060082958440788837886468147255903272441799745869423389672836978397648815307
10 -0.98587222067274595681899238201513247532929896298574463078707467492265509384565506292638932488325714985084662
11 -1.9268485648068594717473957183008718798857883905568713962403331455923218042636572397427722507256437939578121
12 0.41920350819417230642778542296120145949760514909075820731939737086106093368076773102413192173508748781682053
13 -0.59039573824826067604874552727202792764214510863375108113271949771587732105610245502873542793709673558388792
14 -1.0464758852453677059597666295409715154217980544310820126806573502088296489186098927453487624372738782901288
15 -0.50576833546156322966172921850683308571500767562185898619904269656452124079791964966964898902531448387792996
16 -0.26622796969125634637445640601733876346771815869582476601320323223040737842172533009723122115826197735125232
17 -0.18604974454680551946390947397927364652867319125287606251462501004689187710093840569592122848319167663758151
18 -0.2018010028543222711339782677179459107809746924645213046728202694805254261955526591932874072851332616377337
19 -0.26816276133135381997368502217885122208880982559324378966601528228027729992385246203296413045594223806341516
20 -0.34497286320912645767044534350858613038581678838377770434100636401010512091725971361788847671226673081205522
21 -0.40725316149521066281958011572739311921030169123022313406709048514820554520821401117322728006066328157778027
22 -0.44491608214184523638919407382050379046647397604661804862249106017978179559104586721230795445021033640242787
23 -0.45735247611099009943372548757597651276026493559762582219892846700975741313204803134777019461363155618623129
24 -0.44843087724545549773744344842059155949616926012100113048813223182549131290966824021793432150665453735202607
25 -0.42336386529060607116496532995826516018331040217675850269358090487084881143272136354555319054547828171205114
26 -0.38713952139388679887043963677355611942995035953490781559902353587580312821520086833483497049657489905743734
27 -0.34390944418194070435214718072492520547352123936799094409305526850608526646608664055966659206672256001171795
28 -0.29686755015197426167554896477357851450492846844958681389530646646813851724065185134568181523234200401227367
29 -0.24834206291310820051014316195111526002392540647691893453857913390698349864719967874167447742656954051208839
30 -0.19995671465071379826207139038585613890631428991757126332038032130803423769968998612098478315787716999789245
31 -0.15279502963729128034829360090270593324280731838704371456683841654646639453016581466655042226987933135485702
32 -0.10754210946646391540488736646796190869558275270041522618442563176611895149099247312768383880885491115994841
33 -0.064597583885584834120859675341922380595387677067708685773825840860017284420264191837957689659228414783546813
34 -0.024161525561916634471754386807199339330526444763100899011124094789035299795539939198161925630595658139622212
35 0.013702120732058666588816689348991148680241902058191939961678031914308104877758510925284703944069515708949036
36 0.04901968945368903093847170152233482398890693985813573791163757308503164693573442385125995852573833019926852
37 0.081875198209929277998725237557422962085881542168639445681926113387734818371238631306894648574040731834521648
38 0.11238750965280940090200609817603516772268590324101642062601448825456332137613352513904471979489206619528563
39 0.14069456259138218912529367921227572931756283818420426582947383545327146177930373210832133958322753479085312
40 0.16694266305685298375978378947786080382658066482988342585692359044712646091120544865543397845241205122291195
41 0.19127936182135390202904290888211927182556739858515568407620764066995341623300103043884797144570859574257193
42 0.2138488514849657431896097844501030665730341195920682044734000368429717686345122470386675690376883817717312
43 0.23478911766997804492524862810292475309360960311870344165452535287891018396186443113517468182110999076586146
44 0.25423029893475871536186637948827194985229999845983083460666896813161229595119694865053764195229990035836138
45 0.27229386906901069168967201672296411634827030671941483224303165790502811647010346103206434710636344808696553
46 0.28909236957176531655810399485165015285336406804103092913136007510654394584421652530244736960245638145008821
47 0.30472950160894679652544814197609849876346757346353174262078051453869371720089477548205721264844000549574499
48 0.31930044470804677194014999911169760187059354445083603699811047039777730248561355019731337858450866650596932
49 0.33289231053369469578493326754065966293057886607198942496015956624424449435796353699488824301961214581185881
50 0.34558466912037446670739462605715180302847074139003058219762200974120416487113094650429841176315355001817278
51 0.35745010538339596766136718596638316866941522671658861212380935619952401624397083071842576890980186873887328
52 0.36855477806807054742710648152778188126458465835235136687719637835957333431784662172588728393144788050010575
53 0.37895896330166999398701399249849842459459848006157453138896034031111339844397784440654249243772378299194562
54 0.38871757184602280959098612704141330548274532919553729365513875930364861780941988022429628388119496178849964
55 0.39788063390963805769312243535664045819417180020549632958543865720607968288315380357494432819529980935608508
56 0.40649374860672555077750079962064813836349213452553325905744490568701264822072518416856119933645496425419735
57 0.41459849730122827430630131751898452100675233909345474336299040385416816514842754640921177620544889046841724
58 0.42223282147017368485172151495137043373497996876783787944282261374653778533737808904947719638461933885110871
59 0.42943136659170528862393291509321173701850384682486787189315233752439098542037924692092199211044563199395928
60 0.43622579407172126900343411157684496597183473791382368476091046939944967637413969085338392954372853583788934
61 0.44264506348420512582029354352900068073386941781919690138776131589721568745890659093802026115924919507029656
62 0.44871568749528423908107463224211737184590091488102316094872707839537003758387797479249525768957987853413536
63 0.45446196182686451803706706691965563640525964659395033747644762481257851414416507854590884232873011198150951
64 0.45990617253225408894296363672484027633650666109604772270923901760850415987247316889656600535778423465170818
65 0.46506878273118299953535344663055750716375306437631168252883263530812008711046214891544811410270243636589296
66 0.46996860080405485231319125382402450409149531734847375846371747043935402156394002561985003706694096396010356
67 0.47462293188799582952541603698989095941599949484276176053326662816082929726023504573639845978408474918141158
68 0.47904771435883037246993859154547608292543019747789046936861404444948333958420184953858566307170359815825087
69 0.48325764282900326325545735585364877055500600957553889373990212951143018698800436335552783294781702379948579
70 0.48726627904505717617106752123625620228631772939017967793926921780156592713422467970680431352766215678266661
71 0.49108615193147074074701230179510994646862866607170518144738171350539377492417238072616623972190052906434374
72 0.49472884790137443893219176040523008440874209291204538794361442323798133036245009464575163594088828562142058
73 0.4982050924391318697712244965404909029408796309922742856425155503919342356917902305938226872310206906419908
74 0.50152482385480838697958209294225587692126113712620622413075271031165011673286974168963240716212076918444728
75 0.50469726001568188797567108508801010689078744337119794313182835201554703228624740183657700992261448365378643
76 0.50773095877455652945682950541581268507721214925779168479249760852585239783479069788990846087743273695471451
77 0.51063387273801280584137218640975751737838532791906873977315040735505199610793183724528031094048769325364793
78 0.51341339894913109040677882238125702346488127812896687303776068033882277416784460810282388718600935708711663
79 0.51607642399793013941325988406373510684442212061997963212175456743518984251528618576894355507153072378599588
80 0.51862936501806425481210140914343969787858819258676664417180721843609362059573884044147057880128728638974583
81 0.52107820697956032491494526337772379504239116679341195461909516194272031775071939622997780880809035910402427
82 0.52342853664393392251873047316722786226285457731553602481724944128766217512744990847928589203310229629021419
83 0.52568557350933770312700753392260221494679449297754430538816630825116734564673393820466424022021852568146153
84 0.52785419803895198612241570173631117239420837455284663058530917910927156686410172223660653379035686206545648
85 0.52993897743516238622318085410491550995232391566501554525292052222116502146743331851163663033016978412821384
86 0.5319441891947651568798689067303316450293502270617754425095394570270774145552088269429960870533267077171745
87 0.53387384265612347331246379070227719476436664183774582716785645366109048598183249459646141561949569792096041
88 0.53573169872753319313646801813000393741075145361621502502149948787177382981497593699472658665144289973453204
89 0.5375212879667471179471443607137846161201770826245214674115676359843053512461173866688347452025198942796131
90 0.53924592716438785229412819571119299239885190869772619626423862572988063504802845258421391189882398843947025
91 0.54090873456861609772932476975240032711352350547338696104126538908549223972206295772096367206759825502416456
92 0.54251264387470527910559740574844868692359604963479121081000794376217359132775899846128953170172169369634708
93 0.54406041709092013971317693122605299114924615423392694691779518308531748069031751121051936261996006624656154
94 0.54555465638114282576606069209563721248236891664224860348820525664691401697554227303054766605760534916776294
95 0.54699781497489021442963985899166379516357050465088680400875567409246934931713190927827466924883515670699391
96 0.54839220722659264295323946344889148272285708500938035735830887377894023635215382749717776324111086607878543
97 0.54974001789814330027351346549282427494112995296128145333521531045890482401440300780014363961018477937777067
98 0.55104331073167888972978466014703156916668146552594707383321549308612355361885240769480890589805024569026141
99 0.55230403637322680703248514244167903656057306797756996528544703051781330156429427744797153827959318105793992
100 0.55352403970217320758382860569315017917974234298092095598078202689680303386272312182335742017961153303867948
