4 0.8168680058960200449442212629251906847093502387623149390342278374861980946214548385068733073654558603157236
5 0.5344510198421880358719767676970273131086157067955065963963086851068798290318932729710135811003086469563017
6 -0.5140029332619384316871484433181983778676684088283951874132187705649389957490035943836801309334288361685421
7 0.3395996958127310782417314844186791121908052189902220788206712403347740904691184982973079365367802760798181
8 -0.1775248256537873868363398759409743358504765068726886671217300947382530351458996721970377945170497415886702
9 -0.3138885830072947325541836918821589035213354287356942696651547202700541870226249681466373459048335061536686
10 0.6267023739131134484223787562100392125695262764741984416791507691857302493203185321428681683543876524616566
11 0.1477294545442782643278160123487379901935261594855751242823262734657325360616521704330936645345899245175376
12 -1.772523239552098284730322890184903823840486856493138059338819184393342964354489582028756655060083615445988
13 -0.09832151865750714711225393360236437154665907105835613855727300329815565085360652227030330715499538240392644
14 -0.07308632216534755147382369962754620762924852079378762213204539515002934684672245877860837032731686447313174
15 -0.7799288327216714742123388743926968726641338052683318530946078143784880916038204526367271331502967714098193
16 -0.8571813997270715354809952303131845879844546540158528471099436968732996957246717883896989736349951317820076
17 -0.7488544215649113546930313223909834073558047477158077944983324922639636116972816127831103990959149128418586
18 -0.5984945436821593665158073239662179058828954902164568210474340702568455694042648806447284486707400245296437
19 -0.4582144781579271769766822676128450575646551133552094345310272576235201565142090713015958956870365374483417
20 -0.3533702918738052733451187885249376030155002839632107311685769943449377239383939831420109376144030130469191
21 -0.29047049425336513700925363901928635195373839668449168785385210207677008962229901292892660507217430669236
22 -0.2645950634704750948834507311907988179719853893583133998451511099406708186615813998120212294215211919714326
23 -0.2664683885563310644358538779500938755726847055837143913666963249056058789739338246344400781870448777280256
24 -0.2867257085459366749843156523739687975165118405601324651277306254493959923395331948308961705216917341101251
25 -0.3177018900690861080288721619096240984405375000898882514579258583018795674692553633651585249143734361852333
26 -0.3538016872041762903399736547456717348046621627418106278098346978892137653825217009146560866536385082642181
27 -0.3912559430984169584028250572598552026785197739512590332368372673315074159222525012943017707186228640850885
28 -0.4277013173317701361721649688593141589141985548466270125332036475628325341537372188198756010847807898067711
29 -0.4617753340120476491673018965235095392628733149314131283638476718638303484231750654053870809210069323458846
30 -0.4927902587892049315101659889101583333836055930028536563008869953377472060576906533944265168655533453861884
31 -0.5204927742255442383281831723301312331824192101575831525790589222525399321634799277032404785555529611922512
32 -0.544896165365845206332914631041952727909967312569404746006627847593728343681475235022960334876253787896032
33 -0.5661675064627538996533635966941275682572536486900970554582555183465768306001382254114566081568633724470036
34 -0.5845541605381593980351040922445904522846298772274576736661259315029498416236750552532229429856209007668845
35 -0.600337338971348956116660753409377221173239831104563681151718435741171484720961608141290669879405769205082
36 -0.6138037917820382391745965966230814896400741811557280121251523792912999218374655628295360825295834278163939
37 -0.6252293818319553978858838022350780280889249274893551213289528814598067677954063816128129552918521584476552
38 -0.634870288342685967235358435902548581660201628817472704173212480421848116409897883940993283829611662438408
39 -0.6429589975537564349432613864271262458611981147363573788553339740497639110556642363205059044299233164040147
40 -0.6497032113944942095295834890899464965249565881112769768158646079223056414140660321361160181032316961214184
41 -0.6552864626120667408581569768530825673446049934521493067562768701910510652472025879932512083107271675069671
42 -0.6598696629906821148026851270602059563243920054645378602881745209199468725485104347995239912058353475993775
43 -0.6635931000351319528899688001467081288366130049544583317053875975040247046501848247597757785950204613058048
44 -0.66657858581954527906416059965670155656465914387273161689294187553907077729644657089639638070025171142561
45 -0.6689315832493396431483008587209537862361642991339747097165980095236702253033545427430520361788354220316136
46 -0.6707432124736162513864563291969906146000469132313776486814230576650399148043235810640586909608023272834848
47 -0.6720920888158125611074047509724887751653452672264728731347756607771137461996321454865888037711305399436882
48 -0.6730459734552997684259185789386454811359615341792593242318476784969465530552659068892369859855035151156137
49 -0.6736632358559993843563326039348866829023652687094410005014455718065725575093938701406799063477561564631238
50 -0.6739941369783454119083468842370327007825036455008672351355383184813076675012768487641108465821243746543562
51 -0.674081947490293908859750676938141644835239188961231924406717881522362844516085882397679545807348491862047
52 -0.6739639173722148320105745078202171797400869656560903459474309542038899085689080360205396711464988629010801
53 -0.6736721136905069949300810120566277548765001435699245292359094524469254881099171233046154776400978420030858
54 -0.6732341426639396100327183950256278426766685605828785649488179047438647504471057522338173340628634135999715
55 -0.6726737709503240107727847975986790018257090573553947508035404740381335826206865284091629330658010673254027
56 -0.6720114596402540893538447778938972061609619253822158921588093666919417439669683085907600767162701369726329
57 -0.6712648229412816122018539537941365914930547084054758873242507233611825974567849608437642477121866302046784
58 -0.6704490220755441214815235383416695569215841421206944348420406002696426011259416527517667227264475693734133
59 -0.6695771035536083029869744257386015882102505103189464753789094992646453643621543151235754293597564434530938
60 -0.6686602897539748143716415613405985562370609637674422419946447301225820363975490834686549588991528863139603
61 -0.6677082286397567972405628479437139959068109295560012939490953409667739180289191897341049803405226907425813
62 -0.6667292084791502462804436330252500706163012196607581893555086905974158204022153845508605452681615144478924
63 -0.6657303425961730680115116525519463864017497511510389983155919885279335278399406541576382272799541378755402
64 -0.6647177284515675615550247070907097402505837522026034585922073775104772538015166702549919576084017246894159
65 -0.6636965847284997499515006302297935153982083284323203454190458613266303245125235757078288442557117539529956
66 -0.6626713695615674705990837626668195914820108497702319423156796453005536435024752395079754590929063596469033
67 -0.6616458825891410818286359259523744557511864410513205234516758524339135589387264312765120670942631535074578
68 -0.6606233531176860976883721398344689083875672802383075455649475222179362939153391449234907035408652917780744
69 -0.6596065163530455612604613447485398245031341650677510957352035778241330677697692956804529761088660598774644
70 -0.6585976793694010299869793231592722627595965701740925142364385189254049092281047687121495695436391955791778
71 -0.6575987782445606766851739868161686642581997286671661911320116957252097172085812010943916057583855308119121
72 -0.6566114275840969940179640346605693623424757108971604553878972173635976003222876298276022992579338603336123
73 -0.6556369634813097262913814204168372644024954677681292576854531424601095140112138570516647121088118281190237
74 -0.6546764808104324169710197333039219683721370422209623408805335135147437118097463179854676364598633096937563
75 -0.6537308656230202419884875281623386965304618576870170829489207636451232394158046648347901779743905974397577
76 -0.6528008233087242174442424271823865440384624468981825513771552466038113931840492583844355072694359256482632
77 -0.6518869030888462563893866951016783939780767060629402636138066392990404214051875626931095943274708557119734
78 -0.6509895193317839846649791294024584354848486901292057120743768343066844486674184605857016487001096658600488
79 -0.6501089701116823556622484815686512718469708032843787007416625239429016774144521441411267368435231885642847
80 -0.6492454533735900640980582017255856854899195648771581241485320696141665699658129111292244337127409004814347
81 -0.6483990810187148835118729811831438444296591000301893336106703053714220329523603336969999404998963347693586
82 -0.6475698911807484762888208819887667609300019826157678611972798440855253032885052734682822792488076804230584
83 -0.6467578589276415136676826379111947907330359602658293513006238343956507129227278505028713290008671916201959
84 -0.6459629055917669342187160029086824732759162922303193252996832526337764979352612663542418122929410471235592
85 -0.6451849069043602933178435227965058110783054370410485898024794733114122839002209396333746665495700621332353
86 -0.6444237000868325797455105838579033391921555286091892018879326274957722507258153592115458149115929649993376
87 -0.6436790900314698945100288698386205091302550317189034252781747234674070918622374911837128510735331486467314
88 -0.6429508546867045741830284207660841222071237029490314131875261837455917480602287108362451040516274447592634
89 -0.6422387497471710225868352629712313872637353219996244739090767671615250142999511928577882300814017825272298
90 -0.6415425127358122112032302264490882037551971131272794834188211957078995287274576103559017947379774013357291
91 -0.6408618665540943323684070189045316280681437965312603857600383486130038229162435950319451496492278623794392
92 -0.640196522566674035405300434228404077687682545753225293828810805976144959224858643241813389213822040673777
93 -0.6395461832784370874928285809468474173564310960046536479134261746413318245656416827199131436174205232502216
94 -0.6389105446545113215851745712910638755316821190540558728120914027666854934861046061791361414831030619742587
95 -0.6382892981274980893064990139278491273994406568836360674607703087714576808250492159299791265351872543316024
96 -0.6376821323306346183293655082839664693756794818691809528463068199462847602976600938410997767956946966419672
97 -0.6370887345907827067873132421401792247374248585442859607589443318118795669886550568960033941065123764516955
98 -0.6365087922109408972170208054468538177426749834431432692122300311788634386248616194510547841015777661786767
99 -0.6359419935683149674609478432617710131315938805850585000696222174982219076520475864576291222938116160524295
100 -0.6353880290507840811572945491543648600672943690021870481135703247357220654786921281499682119199360212864674
