4 0.03955270728741408327543406908897261266366255009262844052287565056672356981122886605468731634120975449580431153585735301500450560019950343984437218367
5 -0.2650811738587081054762467200208883885065054167560323404792494067722012774334985850741324481955247007795757505308305478744573798570982773133608698308
6 -0.2540739829600174372012454118279866197622968416231144888657824514277445721855265183434540296657280212738306130233051573944262426887584959790577999305
7 -0.2489572031815039733235223005904563993733385346546481983136753396078467564642861617446476501462799637935903229442758092876403761866696322089569182073
8 -0.249672446646153490631245289177726424236031087716599857944450255676961699575374517398244768278802252361044367056920330400561729280296144900172853232
9 -0.2526330885070963824506564252963344256590144641491889797972279872128598739614014934342701610403969056945994310576393845337498456876948959480592005989
10 -0.2562176066827410981959545249099560802286331387703314337203830368175238886762304856690993021506767763575085282086749375436870893330487833855059615504
11 -0.2597679762482453696494391245982196102354901841209881778812884851950693863330114261953112028995059410508471239678027580232424266547848623853475005623
12 -0.2630374752751523846688498728999280743451114594180365970852253932951410205903702211644599793615920569868270235419800865011354425124539237156347468979
13 -0.2659537158209422186677413745503931267871747027495022121231367311316400760592686737659669210518110540412230072856075230099890703193115952167639925773
14 -0.2685170881362171918043158519696266410213970956279534363701895589864648351675594806918538357771857636833102676183340274342967021529436700370808870327
15 -0.2707563586518694410098434122208059032368819964956469300877468531813764077499499932060505591600473142809183887572712819186040597961396399261877439208
16 -0.2727090973511349207390098529554867607818350484278435447198777123548176805949546054266872598011780350968930147452342280954719437986631035345536040028
17 -0.2744132071084376042310562473831409324518448598384512948230078589664537304246478482001456125404564177153424152912775576997365181674283269917318863233
18 -0.2759035073441027569853841426314061386941335520258837788771705721193249777453005721656054388767852153913241448879064163356090650313049993993454221532
19 -0.2772106224234889147789384962882811737246030506098924130400990384209351938532842958537362920597828249064287086208672043107387333111420909029239873344
20 -0.2783608964330710035690238598684274491284778934543350596802717373046550075510335520627253721996749101363535243438371925247073599893949674049219314217
21 -0.2793767334492931715129786965849359125523155314313720070412893650052713718480715802038622961553042159435854187634647211052603823606257132213496251454
22 -0.2802770820241665345069108156487215251050155476967399324391346627391277088534810393331446610071975930293437764981680693816430914703747990850484017336
23 -0.2810779357585481978890728933704462565600181677457324851195736452524265411140163763959064060930978701238610929388237078305308621681105224267862722997
24 -0.2817927956171579009220453368247684465769539315859688073175929805008568758763760239083075968622899043463299814874076303468673140512484868520409109449
25 -0.2824330748981837160141491795400355754330239820948889834079437034749140145685705974890670714915754897008651647703639258501706483684215495498234567631
26 -0.2830084441310065886792827181889391867319293674911358150550992028055158141536449104864522035873590313634959077147940965108249867615322349593262237025
27 -0.2835271202519344553099307773199332482827879944325622131149734173727117639353810257271877083663556346926341595802666041565237582998212739489009524882
28 -0.2839961069724826288024152817556988634458053146737906114525121563160912214032703017366166627088950248528200488699506737077971918233448456240592818511
29 -0.2844213936931683521842201738717721961577318728851988884414894117513470597317978450955946351998137052138869077699338765533328528763346305607307230464
30 -0.2848081198187469830409002190307254927213834196199034319043576820291119379429872519812866550187088082601978395735012009348769056178123682576439292729
31 -0.2851607104850957903690364513176844137855397657755083858445869934165425305510318152905800211774249032276654568742409990090875885374824266632623454691
32 -0.2854829887937922182001126863389935953162468938418616496894587156283011674328379512831128612851634712562179689006868058245503207507676572111395060342
33 -0.2857782687930200209616748297663688810324141059651780903469292762794593562487290034455665783056668962155282397688941082976514876316352073494716926801
34 -0.2860494326906225041376723819387898512472454757135017238347647772009821962073175317410621186643243533167838601898556624476545453388398978151124753733
35 -0.2862989951473954690132272727931749956660259769144751290443568089462801744534462347427827320596356453832890621087044987767019705903317763062640133024
36 -0.2865291569696412183994955055874544760273968024120031179986117665155001015631014357637964683354756525881272799640528008714005286891403487179038288627
37 -0.2867418500865389093365457392866807935197474060411876019724925766691122115567922725895441947541494326777646533832057320004647154641771270833305835333
38 -0.2869387753453873464962735816465095865835023980945105990267928060694505175868453148554585036306744397218031438695962972895255678204979156741402257684
39 -0.2871214343723238795988233735472204368865336492555451666322821298537710708055477499537335494163696828044868386171309054254578845573248457165004003878
40 -0.287291156515436570637732252826542550770951317513433922342406540218190479412997338571564028872704413662397018006150762015990786580368768024742131747
41 -0.2874491217008631680945901262844958424142696433151747436904033999502877522735436589192633921385518673855045876721905027965080950934271832402712958613
42 -0.2875963798819062699925609608903040988205552269719368049811759637486573037765621099570575727871684075689071920291064971818630806717220083276031362882
43 -0.2877338676393786616326876719535508184519978530451641992187141010935155840665767623711860515513157024375375127449010553728909985865614675576265342927
44 -0.2878624223926655550418011190664310567636361227502749109384131049828110322224993947503702787228128283971299117574819358873247666376742554449707514396
45 -0.2879827946008063321241403528286309253084755925526275637642191493612964286228210568004371021305717843592916179737369506993675992151218725756962840524
46 -0.2880956582676197791845804938496855434230658061497094645795139383092785675406700441007862695418941051978054584104448760138109969857781364917611761541
47 -0.2882016200116167434214996575858192310711836323615824534268065856357916657453880706990406494319824195539088976601230675558042882217979391209162906969
48 -0.2883012269178403984855552566846133276304380602929516625027930618230432501658329848145462649070893749169750410506772470986827422050455107521585805604
49 -0.2883949733529907998108598901399111468745557303981588244585381171219519547057731628367210376167697542718717283833658879994310831652964706326311681721
50 -0.2884833068957419886412167362863966328917363470546107714210613639326310455542279133050534539312875646422637386271818740711640659820730332033200963894
51 -0.2885666335098563379951989174302635803815317499240935288246036004941527720331075260307399719046081862126913557985337569643397886490397750663935704996
52 -0.2886453220675864313846586333803406257766498250814735822578013586653329822550221697311647537999741053169826153257619599762784436630962204610644569538
53 -0.2887197083141605003504712298406333158185912691759815285454108068699736123326425094646772948329349466712355297185652102172461797248714637641732903538
54 -0.2887900983502530591696390674620046377312586023460362470560102528784316201805169597920892433400697202499771594197622775904873836806671186073010943657
55 -0.2888567716977463620082323570068940102939849732536391443714944448538308762069194717415282986362141982864460305829034731941008871687213291637458099235
56 -0.2889199840043841562380468788824916288310288165394209802194729069250140337369061744696881399583207303219632774241598912875594536282577133805880315906
57 -0.2889799694347765437533444310838254609856091312924888913203787756423294846424276260156786788682561881549634683773233673322417762033531901894143245489
58 -0.2890369427883643915008562432233208641919647062230624073984847942137161465974192597607605271744091280859113889049716745699035419435603790574042121062
59 -0.2890911013791737207517682395971786021530085550628231217704474446917699206999429090598120369205421589582581423347654900106944081736890519290084095923
60 -0.2891426267073046942984906540848361962627818397536018716757486569561981499594082071763466867851376680887357186154246193453073562467877680578989032314
61 -0.2891916859479582470393801740347582400809246352321334438739790426809871647910201099156881035190145208179337497840086053100917647069886920992863230304
62 -0.2892384332802842263188689709739299420396195203284637850349730917623780967123483394380206366964859171115270457595833316500968554903337143400504594334
63 -0.2892830110753375332835568115397964837454634956926160443404080126955249177937008485138708886872273670903485236192746889716965460848875231739147463133
64 -0.2893255509598699274305966668663156661850897001027467607446939972257102530083415169378836308842515138004000561181942578515197092610250029954699621304
65 -0.2893661747704957880888529910153126738929592903728209698762229923019011922726463984756639629040697215935170875958574864344107790761936608045919453356
66 -0.2894049954108927513863998981594382954995917028031740475838564542251369342653805312305990241189830257088597943033955796410466594242952222078107076261
67 -0.289442117623084839611194606612217400708693118289495890598160751180125927528542134259142875176768513405832990358692667571007499173741280235807583706
68 -0.2894776386824664178113998899158537922622554742277220544903122836827244509140149789129761673909266917843733954279202489103644173393093255525263934368
69 -0.289511649025026492001174510112379993297747603416990165910048467409734234520259230847763409583686205856938936718860108953772459680936689474756924941
70 -0.2895442328141963240386623682862661731252921120739301216298852672556531992705230591550859385043278298872437191614007774551760190350380424400481001436
71 -0.2895754684538453620835506001134425136771865308022309618836587262432814917513656689648371762639794209462526295084075474583465448186801232799137899121
72 -0.2896054290531710659909569114081617024894232402663776843958014829011087930388513384808293545740199204788155754442097564129766155863587198061723100544
73 -0.289634182848550431603663876124538966333777766602213775121124596914063948860283896839766567645612138253281818960446224389302439302066629991492198078
74 -0.2896617935868305593773454611899899667655515991915497560353316564848501753164517961037952924663197400508068114519462165960116765424072459243742001464
75 -0.2896883208740203085540798579509954429111910279905458170193904821040528932446572267742684888593009200607849051562167649343078346184696019917825580229
76 -0.2897138204928945822298281010624829292507235075969442620785076325800558457377810258867956729324539116070286208351055764464867555383100983123993962225
77 -0.289738344692628282884111347275161617546064202960381281977832847998854955821919556852273934673652909601036236130028265116400770205971408926147461822
78 -0.289761942453230931422273934898072204346511604853130071685488808442189084813622493506926466318441993380010529321873252727940855300356365550092489717
79 -0.2897846597272489118485196761328890163152362855230453623870632656230880684325132927290728051262541577919002227398113943137358600447362953918686797245
80 -0.2898065396609347645529086583839714857161392065996109710579600526487784066353056688760186741603502755363756079103378554259873581980629832380927795195
81 -0.2898276227968471599484881068548749960603068629690529756004674056407194751326510155128120208443124110053664107635540663178453927234425541397255438336
82 -0.2898479472596370593820267138631170794831514440790111916955772643911036276989512474532530837151252807376407563818460233493381071125341389318253650175
83 -0.2898675489265915941840651370930149551109188502372647771352627252941447050778123511977939007769904590479388244934853316452831938114789360786949373824
84 -0.2898864615843443294225344883702377933018321424508796683113974230462386186416972430578946793103827979223713267089615695933770862353544070998781039814
85 -0.2899047170730161999577038347718355333608638115390920896531977947119492923942526426472088247708473137729531791367772008550962583354385135384819212971
86 -0.2899223454189232376646200877436446671617925559932686642683338439171997116544928386516521927922247038445048590168791681557934511345949318684795513911
87 -0.2899393749568732762333100988569934625267711557887123268885659904139381317885843024528214033754365272896300196558217669519048970760319996024911991608
88 -0.289955832442972408386298729439679817991323816191803382844425398683558096206327537134937044515751316390228533108010608179001625668854021004139326946
89 -0.2899717431587715866633417590269041147012776758136040476037872861320657116414406648064399723994138990511525653077941077483568797258474593404997977119
90 -0.2899871310075031016915776169403808996601249692542666218360637955693182312648607099246122854603452403504202643813265800948330338327662665007390681878
91 -0.2900020186030846049707353557299834484876825376359977950839954393625806428566409511398180881900797636616149044188232442384714436926933023001394036004
92 -0.2900164273525038734061450573572450561250196603360930318452207649474837374552400431302843138737429948598378764877050600657990520764548296657397596427
93 -0.29003037753213977052247173474997816571424242779236547218700323082210930164616928619182965651888816317507815486976033744967691645642866932279404268
94 -0.2900438883585230820884216821245287292752779713706913417715353682202203372558939453752596531381368241937384826365106011741402918667577736873151080574
95 -0.290056978053994422439510676276669265516751368468011994396281119609073795490543688719319527294528670333584257911216326914189502709921870806735553505
96 -0.2900696639076746336755628900765152629873331326646860355545028187378122765978231056039388243876560993050767949818294172001888115801694744179037597584
97 -0.2900819623321255151518833560178249124423605417130778798220777942292720193288691941012928507905075308915119355060151462219126138629821820791287038594
98 -0.2900938889160448687199523691376245411750548136535614793255712637951421201693546176414897751878824667792063109736869827711706589534888810150876084804
99 -0.2901054584733093230740692328492687533684589306437783632097013239973147012040885791614886328888304382739175943308665514188481651577013331255784319521
100 -0.2901166850886508522783766017597965632594481627951442154355636235852647771831094840936945688329800252805833451588765887979946666571451464269146581172
