4 -1.700800504141690991980129800816510805630194575833738925058206751671093312525087152206337413607203234248
5 1.165883205601928984335905582652796614095820187294461225374472011795336401415200052255107648776540599495
6 -0.9098886339304122784103358122913060617902074245541010250388637726535160580337883036138225330308091141519
7 -0.3485919590894174735044272873275954456224296373190582103982510194964802548831350552172052551128702951606
8 0.8787383823542398425901203895587573976406007027737862754683137165575107452012703969892007984379136959886
9 0.02281470477940012614022695681360816725962210739314224166854129794079635550669373264402965781087534884227
10 1.010290774771339734669384907799681971048835454737668094636506713654007456804368193775395058221910348162
11 -0.06185616195661863848413048964419014113511451968386871098254158685028440308930048404719784009722227718618
12 -0.1431588262471352856151413040316354306486312352342686862978518024175870722154692272949351250425022867008
13 0.2181402191071176705692096525753906363790009639232391111946629362022424072113025473086047965040528036701
14 1.369879372409878286599762122476715215179023118461870035662660997160440914341294370858447389600058347798
15 0.8962410523927220820443116591907962623491659091975850985378813553397962783501411029969844071338548661052
16 -0.1654878547992188913355888178175373563986742082676170504913121577193892800333502254586842387403959220417
17 -0.611687968526672516299850432645521733383356171309706187993783306368334735714382987020088465971037582896
18 -0.6953641761270251513759952028940785772606006856674535807670507452162351289498569394185086550334261916582
19 -0.6435945900580127897001688909068518498885680639532504880495651272584172837388395553238928359159853221182
20 -0.5563144573112370828197345650849186808628202620313662562739485353360445263370528910382299518653647117501
21 -0.4732870473091031181163428763138606634755333928972592669700674149323999622893916449274793797218858389013
22 -0.4089113169554268961667817403391542465466343377246726220091942287895519137846329564505734224906520485483
23 -0.3662658640077019851851235851871026102322572486035703420304979389439098176182451419293780467260361120935
24 -0.3434260847755917829052035198832624393529527624225683557349811315133440269346768112150105699603341504793
25 -0.3366295695365887073145222784977821945408094257088689628415210873572929710946672829308155038333337835916
26 -0.3418533731263149478646767957282795640851456375515452497279518154950151120691221767906331878992771490214
27 -0.3555167223233708212122057026900146842618093704403200904353026362385110235028254299501250267171729827172
28 -0.3747156418597974392096151190650383972420333567671349576701128421152610712443638725019810828458326636499
29 -0.3972287672247207258147028706094940671831219250214164232924221769529922526743764772977062387799275028755
30 -0.4214278470779204517084405071257211132591954189949825360395562827484318225969240446816035054832859593431
31 -0.44616156575181855400023157503019619522776667655088122189718711242906237976905555385048690208362932016
32 -0.4706442745743749451732720128568300363322632312332730367517872831016237785263756994627411980658792528406
33 -0.4943616189919182554301924803955036109422408077090856274345202333150859100629386249078187541222996685965
34 -0.5169955208948860765302871743947530189633563813725733375663256997009199664762218460501211639592449731829
35 -0.5383668706142858894977045448434475319043718124537349027345930492842331264638377014844484303807103661769
36 -0.5583929017656695430390364228456856748486579096108587063559552687336576387559827318854010542518080313029
37 -0.5770560971511588254906153594046779939809382299974869384140504379129989160116570295860019019049720682004
38 -0.5943818527159322406272288390374766860771205870411889115302725343840547016901586742525216232400162783456
39 -0.6104226472621116529593496856716197510283530710511514174422716795475297850865018809493180974912090258387
40 -0.6252469696101298055771872604596399462769342407683372452401134855724157897047405228790169484839813262822
41 -0.6389316839025469101787805793324214812039701188912412080023155844520616650370263409097817964656782188295
42 -0.6515568559189047186741580420380424699528207998288022493469367314546410182831414723038457112787853413273
43 -0.6632023260194607838896426597410595651670567140589104054326000651899051209482917599956569872677279842005
44 -0.673945511323165285895816155764508229780948134981314418184887926350832878226466950604181141689415781375
45 -0.6838600650886560469147634001903190119737165838226880777405529572197767082109126824101407606358806568628
46 -0.6930151273775664208815084155171029321791712333524198660778339868907644807605359716525479800123422298378
47 -0.7014749779452220198311746192424509888670248247182196200433343456641221497214948962704040359995162958992
48 -0.7092989576732627907772250224276400637282656389621028000153962757611889051429202093138545619166112154675
49 -0.7165415645713557228180917059092591738707290913539776945094329231727372956398934099339328114077753876773
50 -0.7232526587560184766012359320584131242674111453590912467857508444062619163810148716986288230997157995045
51 -0.7294777310303152707322999425662462168200505519827834354315498436267511272005475338607204718286240372458
52 -0.7352582040394036918079000187650023329785107157097066044504535895689323091229692222564142005054116964149
53 -0.7406317451262381110537227368594763280782660698609505816328223813527925418338392559987489344840093934807
54 -0.7456325771564989797710612427344292114992026554474443156508447959632057230353335023426571350804808173879
55 -0.7502917785821965927186020779349263213603008254986712808977969486389603518492461115678504479947276870703
56 -0.7546375674863511114366821776003615530562439375880126485659606735227014497721474832361586673487010357971
57 -0.7586955667386718046821703333084162726102248234975406587308382662832100192244448419772681728726687648543
58 -0.7624890490106021776178735272295172679376983242937636766300455084838201672714461598037960164620911958236
59 -0.7660391614736927821839428049953734891976425608328991424617212908672070107312109728233717370382741171827
60 -0.7693651306996253069084931380836476446397366404049657192659241268149867980190471665089415436158174100342
61 -0.7724844487086454366966313866080444784064527670105603633458798732314824899819217199531400560728736634972
62 -0.7754130413577875632927179062222119359923883610119639384893432772094287976979673278540294803786714727422
63 -0.7781654203794344658741864970897779791028865252955145685510492168332545984211246343910899976724760627394
64 -0.7807548204157620117609899729081867161726523316323468605235211414027688192903491310872848988259001460833
65 -0.7831933223745940000940158149306760484762733500828618131584027857103866152978000805124932990956453810948
66 -0.7854919643775378298810192955695112341088246752782360866899075395398815278820808363957623374389363156037
67 -0.7876608414961635168776543156258455985862687385527585453033643375302637198093178352221089893103713848411
68 -0.7897091953861653165656826923481152445603416695285533602178811129307352387851873356859953616436908298745
69 -0.7916454948394928572105472713089598266965016345419642188530547353061180558473795638007749395903517818906
70 -0.7934775081847126381078830202528765310365262172159047801777681472396443925591476074497277766281877466878
71 -0.7952123683791469391813818574375049722831488534035114958601836873229023208777591835449768934121467993515
72 -0.796856631554325667850073677243495387323868661996139245655839011779466382379228197574159842449572166426
73 -0.7984163296999101386569134932443179903807198069220762292014122795838503990234874385192084269446663798948
74 -0.799897018100922936266081906366258520841431337964310269666018850373656170366608550736400512932273707263
75 -0.8013038180789169361826223196951082517138184051837004899040900723086448553114593027398718365901762574719
76 -0.8026414555294878044224723763452058187711897721164578361700735267705275798541510742510584463717814971964
77 -0.8039142956959878361548785042941715282680885291954134075060121720150975228958354169602021508586575450857
78 -0.8051263745720652331540643493862335607040873135420865219494920753562051128159748875329365375402361127115
79 -0.8062814272833231992128494785341515401410767245773480454628662963079374428139135714953358164966215095879
80 -0.8073829137605470974721932351266167565009559729504676194037473444993017334326536639656852658388831247082
81 -0.8084340419831710260905237413916056640896580477845484961046899050852811596544703531238661412201266778156
82 -0.8094377890415506142529927359782077158005037204867400990328230315758700667436663855738866980442817926778
83 -0.8103969202398038241235922098062945282726438057096804235735568016227065950027402653409999612087437558732
84 -0.8113140064371309042151522917033409798231464108931449999230993416620970374440524061421142761647742045063
85 -0.812191439804312200276159249797749233670569201480850829326533614164738566645262869279234979701900864146
86 -0.813031448153221020988352356166943182792470922026067926767288753709310039544006740231025136911775954174
87 -0.8138361079804188123830291439676076336836229710105741323457314015542177307309765740354615697317358991917
88 -0.814607356350988498068045088875054621426970958806582201237908437981871397383995464573754597783411642101
89 -0.8153470017355004529911002247037191957795296289856913406143318569241846007122856118886816419911774046431
90 -0.8160567339012081340849258259850953381201123987178050700742418215703266518570972042509643065932924857896
91 -0.8167381329480712811455597387622218333917983717981759283965512203535751926239812266957814152192787565264
92 -0.8173926775708566950149701984291834994918377038263237122373978971804822195225107568935263574227014924331
93 -0.8180217526202393740258665430034957390077244391759666264526867943671201760000550180528426548572228477255
94 -0.8186266560284045801140894470223518461401115145342621407211074913917016074424557371460648593522892349969
95 -0.8192086051580318006927644600654579335032098522880202240175955260494218439161012502970826952771752106441
96 -0.8197687426276339438556443289553247565084865412726087439129465737037214739249149144996181828912117669193
97 -0.8203081416609492836204078640615291018984235179919900939965840608023005445089784912705473769390222914664
98 -0.820827811003368755200080820571592687107191039992887055406525914619462030389653502271734564486011879084
99 -0.8213286994441644823376626409198527413502810128025413347782539453226358766424483326012667298334562713265
100 -0.8218116999795114407418692554229791235080936933814492083126523427577851970986323112595429282326989232213
