4 0.44813310449129884478526565700944783661905777169353941188590408710482430640258870425307877315227649288003590121687873270194592426651533003612884871
5 -1.6153241997427670761624136669381521480090929321161473494173588375132021222339429306937260821628031132401252813956681398322598020172574498913268111
6 -1.1558245676857869409431639952220890590968402129028034730451432911737845567695829382790479884433965738925618724152098035851595781967173449529016562
7 -0.99373635906097492072450210152129060559791843434418340681612709999574570144578970517318668560104300398823669458037252464621578321683593575579933772
8 -0.91381527125554855058068536958689785627081647130815926613236338144908763746377004243773790423862577419461596629052291262310825089202804179833616174
9 -0.86753193130847813237780000587452067410890199806616777023653145988720603442258696786747467057077060536172337189881314425983138817417300563782157511
10 -0.83811166459776016185451820261069070967819344980124552655749536678506463666227953019518748724310877695884956768160298314846059700537351608975146162
11 -0.81819817045952902729184409621677393873413605183522484290465721884740738305608522402090865995813958900057902959397727864510041428747295811358877788
12 -0.80408121731310097172339622233375492537298636349031861815297927476773065432133293465151182140612313991878874696205212875020442413315478567751099496
13 -0.79370691628124734002445136523234451847295820905691731669792766794893126046248961862046435355049028812739957794377640848593641686022535383754506935
14 -0.78585868707546269189384442282723949504439063088109407295505891997619362667585089075061286831018574034889334952308289868674726734520799590479484217
15 -0.77977734838812362773211322249507378808646365416155963262443817766821104527612051474645423598681773199544090750633066119004085810751292467350049541
16 -0.77496891917483145673870557343812490252064087366780253920002711621282543435327547475510876035835585150561174311705512363224960734332652263479742089
17 -0.77110068430366686723917860471583784920422799999066994727197494126611958603861296523209281222184750253806773708776326618971897381986668079029457934
18 -0.76794191845109413557663534202605279579663873761278570914511727729754974683202374482991730213873265428397837198636297472306424410526063567183662904
19 -0.76532856706221043420566332069943212541283492284637357404518708181856470114370844406742852407086206014211529750003771220674659072494579150335005871
20 -0.76314141248397780051580455727537137636135970946212197436655217644777567501673499690658612086984424797979636879823309342475470918562511384162349906
21 -0.76129214394744108711334277852242358368233587230542547462172805777519717681581661013385756073025110621195321929380528141362525835722137437067055178
22 -0.75971422317974150308677138337734271336362356621748897602446262520565178414833574645048252780196675048427877236061699509643423127875733976688683512
23 -0.75835674847692162484317404206455568102850169625303548115536434884624332713300379145644912610935131542716476568910537176700519713088735899839378748
24 -0.75718024371360710584503246282425644761551227162733544298200865248033958675869566729753452437164155403893891015337567759545664845072239630164722544
25 -0.75615371242098543179405816598560562661808198691003749482101802442573174323818456847366819788932814228028017780205322636183101773522933401364347634
26 -0.75525254090225880844744895150413274479331460501912566340052289843591859074670064398283478415138999120366410896867691281994171887006191886957284216
27 -0.75445698206192409571267324408339611992663216339488323325454932852130931476440082959268972676060858198455125176880613664306051298828394289375548589
28 -0.75375104330905810614363269095063852219953892466255941642039058478203774730049821935456777890405315989274811513718936972291943918595430732219337051
29 -0.75312166006892999200806313026049466795926814518062644544353922193795998024654168686407739815168728698452925976886841695817445885901782008088763833
30 -0.75255807409279818654301061402665063227639092601982661950045630506745565080672502254067956948280329456757427237578790590526821196964179673072162387
31 -0.75205136057746938711305200374030212637591059327654428063410671134449255780311237902689544648585417977794634416480165540016037543315914211519854863
32 -0.75159406474355624919201799677422406765318239520919947020502175671295446011633678260763127597682796993148754009906838544027840936920047529391144113
33 -0.75117991984577664337061304470303995407431902087774653037454016691258689615875092783354407813613206231639255967590373102907733153261764501259050013
34 -0.7508036264071332703545801418438921163665943628430891889148385412934512875826248417917960366212787552415487936651164455187546766861173460820874826
35 -0.75046067793851377434123405922655393178899843963776891930698964339243212041647302673144174885087741706278293507668968900503257836360375367117103663
36 -0.75014722227908636656447606542706391766466747587943988602895116327481100061176673533189184103673085823474721444659264443122480126074196395367762015
37 -0.74985995046811163943496306560302354182220679964531861806824684570206971857473073772268861554787373534315018486239640623860726811833864998187570789
38 -0.74959600706846569300318711200313577675195757807677936264209681280924802038714558499776496681200991572744703861094585304561410420397811443704136014
39 -0.749352917332197538870717915403951173603483871805699720170596811815341312576127894706471475708648945254164563541130554137975480869482222110197754
40 -0.74912852768396703263206289209253865900910617628391847565601194747022648292248750829691700385177073334678991608024275993317520181325570204074827738
41 -0.74892095680698477084137599523064751806333079934352610143675865153397295030125223569168026979340976306057022237703632043622396444083671707269867532
42 -0.74872855522375315984251356768875472938412901519524519317820966689614059443324617222530704789941160317964841049340165628656777504305784474824924808
43 -0.74854987172413853912864535624656147955590207752688209939125431263648399768215086344645682079811959241977758893510048391359778231621008587875569026
44 -0.74838362534450085042848435395508645971350605702873397338250921866712654490680953495347825912107082259572258810142055495465456517828240298129449385
45 -0.74822868187152281780812527175059342682230745423865559987617797442586021210023279341982503135010994258216685085186220025850814886134094933443342102
46 -0.74808403405323853996709263986036260060041278924806943842470148090197974673808674014983241428955805910423466851057811254264314397859898809317006134
47 -0.74794878486241903395985265961363695794276943337684390256486367585889075658198613447323433426800964677554962164562762105650591568797063836299778787
48 -0.74782213328492912341688974686949487556867852279048091445567212438748721162113741555399702872848891593958179609258413004346978055765150699298811193
49 -0.74770336220612969636404567961740207456636485410251199544186849834600088483947950297280764996751773142074453666788384180259690700126500859492200619
50 -0.74759182804802310236151767391019379929506022335125043157735117281261687250852844081628507284290869857824986752547018093859292631680733747222755867
51 -0.74748695187328586209616379831824111439956646007872572421391960349631638361245624414892736668003396559375324482933873091746127766751662783670797256
52 -0.74738821172314678273504297609926508615118020105290793934777064796715415713430611995432814677284835793900637000493282285918148387777354000497249945
53 -0.74729513599696393622854076749011059350791126120040206781272463673177273777528172713755336770307519512936074361611598097645309922659828556945674568
54 -0.74720729771442070742736302185652992578517126940176088132626135801454933986324464917238294355195232391066145869788927795506380040405449892851025418
55 -0.74712430952811770778935022736098866780237917583299918396941077053341230510167417591080605427006059349742865936862592239856663402388028001620957595
56 -0.74704581937624385148422876447090623933399324236738035433568790128623923152575702733017328454906263396440805440194864564154583412293236800721519876
57 -0.74697150668295241597289548229948658473781840350325205402368170769468011985320611846443834210724288725195522693062947933364592740580232315449622884
58 -0.74690107902882199707672766811688872872301431760769440950122090494055123744891854954323766736248572697334113617867575918834661859401424076846779736
59 -0.74683426922596075352874750827460198081732596194201781843258357970910396323646544374030681534833610930930201533817933749757866469040515386819156788
60 -0.74677083274240169997665148896992547546413840925607289575940630076364741633630197279705001508999666466480544887013128802429576205603736859620829721
61 -0.74671054542882493244917219774710027959440206488302743779785433949736141682912905933531294130797875316973457105555364040775801675643845963500024872
62 -0.746653201507640134984410994613124846221013132980831924420254443226111848117535414203219350794595280792551463767973748485996129025040959332195134
63 -0.74659861179031921869254265708716380259370472931200706436461608859598316090152270650273825751064118044897810413261757068304007282691313723278800561
64 -0.74654660209378602832860234310642599004363321707934845504482089789168463559340530735551334558849124878416297446322825971170580268281677279386544699
65 -0.74649701183081101059512506774262955928132015716269048792347099226516685875154634023304438297594726314421756532004130103777149696404421600653507919
66 -0.74644969275285636271175831266470549423845383601314052308492326624748714521057890093351869784090333796746665629437212962937509176685464898872531994
67 -0.74640450782677983635411816148388427081068405842482013550513335278312392440166003052852990587568418909346285269305484087224814382878394873774451258
68 -0.74636133022932180033165472133839831488558798734109997337434225751332746562468769402825768006351789674418429854699177667662614660324454850641036598
69 -0.74632004244544327317629649412939315451657643820409324949029372526468402754586887154141471672892194812516275375866593590237766475932104877721013124
70 -0.74628053545841251704410619951685784057569865047181397786518497940229039016237127372975231016177221192878502146957309690543819006678814884365075303
71 -0.74624270802110412129689389884041584906569137972904623245649931997169320402823305994032421879084059777480961215447473654712383535851064256081618196
72 -0.74620646599931850001302611559400992802112388244987224198178479195983609467787693964030200454547931014972729725820000359328947791842765762675398505
73 -0.74617172177908565024218905816553927377232909872843274888048531844081824745306052927342626005499426432037080164654916212898116361483265352234213754
74 -0.74613839373091344806458852057637323692917888138712110585631527513121505462078511683679919314923272872328011304446522470942704481683741066359304267
75 -0.74610640572480160075810738308180491168628571782498865447938395634726942424910615759448974219579412108147136619855370279036039508615601837575081939
76 -0.74607568669058767001369698002324912982211233807189413377950604581381293025336598654446070472787468693866291783213952920723903049819956153867609217
77 -0.74604617021883818504061039760169368224402851170675931168787960028245972972906819709680321074162854022281501071712360258957078844618155172859857627
78 -0.74601779419805997893719993853331770404704699427828060200679058830092435675774293565416393891748323503702217033913913141145672471527859467931402491
79 -0.7459905004844965071605154325204840700864987244113969641693653789196089654824294184628844830080668118556232573990964824360355694703888097269408031
80 -0.74596423460120120625838765211720651770670026979111548851856755021099392096306287705519831541592558939529248918815313269677586359246831898988308444
81 -0.74593894546345355097619076673310340768229427631794244122399467586387845328761191868807656481219262445286340355190182709402267853662162313717236802
82 -0.74591458512791070757294831848026637282960120242604462288783915699094224590992576917933809072948403488386693768273579550190894088272161466155741376
83 -0.74589110856317481803654256197281087457763674193305703110439692100534236885569482097998592905947298360569052592026986609941383257673792933159037803
84 -0.74586847343970833021642707160146724929749734828651913051665647286119885315492255748158953507843309569417263919126266621662425864835167393153146643
85 -0.74584663993725199009338378576636724306515819258716257534352552201322737650214336847925423562790225383424407548478383603953426448511485331140183869
86 -0.74582557056809606141876206233215726219116508826906111928472745662697028562347917634934659174033238819978415203891600429746522492829028745197575581
87 -0.74580523001472841029934984503080767447363370441910360951385250973840515524887907241048165495937097547879468734679649646861865802799750073088951915
88 -0.74578558498053619505475112058034788591137914356157932966697464668644674808933561270819047853291540077145163444800073394099055006258184390476939005
89 -0.74576660405237354314087644148996575713454991969154266186932403441568746345721981837684683841777467542250948490818279707186859411808516568390715038
90 -0.74574825757392794529167686794536881364651812200475388387712488861378133198631269912202723163956579634509414912518285322295207434774698164433739713
91 -0.74573051752892502977125115362874540032279585931054392452632892961117502950058164329846117083981652284597901936749055210058619809411337507993684231
92 -0.74571335743330652533977011206628018786019233571093132836586101504408643398436222592152583520651017983994947770738056276577331284397158720076471428
93 -0.74569675223560099529313331133318357328612118231265027296731149255698488413605039325467381819449455095273700053143284620079243157900793767599707132
94 -0.74568067822478255831743633748660014702740018903609565589999212176757244601113782990992835108161391288411621402332778996900314544877462172469880904
95 -0.74566511294498037851174263518386280237268751263747089700491657816081486431705430783598608441662297306797504811455050102269156869998432639584998252
96 -0.74565003511646214414644766257935654811060279145807452159635377271237126130061800498379516920273950669354989715064132656727940601424551560290095162
97 -0.74563542456236888222054316051238784648774946874779794145870153985631591980570823529108388741005523437680806970570153696593986313088206541297118753
98 -0.74562126214072699150517604593293619991504517632955924861306941751037065524454962245418308101651549010862383229521172343313974479819293704115538063
99 -0.74560752968130695010011675308830853991441125429498173321101268708782073274555682336941434424648779912278385272889105856505596396064115001298858285
100 -0.74559420992693731755794325849287545959002863772720689849416858358203832758974688901297922628002831016128835498924967799044094897961211591670874673
