4 0.444464481420851590755484376953148461824344814192373552414533350514676402520541259243091044262139190499674675359612804816885210352862521867190873
5 0.0864459061290659992629951941099954496065540781631197432521001654785536510425307336213244701274586352954829100166805174604637930555527047694762605
6 0.333333333333333333333333333333333333333333333333333333333333333333333333333333333333333333333333333333333333333333333333333333333333333333333337
7 -0.210878698504517386524763487163369022414359275615032056303230117860068275350738173497731204985499283199918036801762226072673685400015109176854202
8 -0.456049551654340008578124742112028682559826702596946238179696132620815176514804823945471396518667841243148251405578274541086976302106446988014817
9 -0.576554523807140962205913152535107280866613747883506728281277354187921151460368875312295012014340290948899490936646186795000890354333030053089913
10 -0.642865994264938504404557503575960002685136110131944918521230531607412722273531112484439217178028827421554356553180102933439706056030484385404376
11 -0.682776270660512990283994150280480187289426899078531303621254314773436256385714362219553595713608099967818931039252787471962757874804507974477082
12 -0.708516461074500661181395374951976985919769602369963203846551344964795128456073246484886001876475584566298286815135125115460359169728323212738082
13 -0.726040909488204574013078349267362223109247912398337038755401268866491426768948081367501561481926246028799379035632221354979498009580712684935473
14 -0.738498438695051123984905537992916757352481882628511410917860039713533973250767349766814175276563610979084650614458604915912684664324141718922225
15 -0.747670276232263983699918045974601118728424965392812264674934784057783126611319641211836838704298791941364128823399891739138487561149228540699196
16 -0.754621439159607323243869133298156424494630700190431551684521074322989341778618749782495888503708068398852188863547045019732904308591913315362267
17 -0.760018828799394525036225709621924607549883058984906791796527076757860361474220237542861582267321450252965647111274757874728548455069709037075986
18 -0.764296676360119443437267906060131675226505027285633532095402071508700555666893999356618731848001627374873416045169651295760473741960642145388685
19 -0.767747311837512115886679459705132501951339559304908479630099424579772867273308758668884930486489574916284947302470722181362756650974775576233748
20 -0.770573290016675458067100800055988245595133161135233358005122822088039496729025862426220748536723092273206686870630549942122682163764611628569076
21 -0.772918530348026220075475525733824884788892615191018254311152689705053022726270642631262157748375186941461534450298912578316564386760136043142209
22 -0.77488757168860602635764437996690918958165534290220541883231819649924056444311365686509111180950256704416432260252400063670655606261108091105652
23 -0.776557844384338359863782829727498234788621975173438153491480760485515660807464550801552890542586235236633783385225669604402577963054020115398316
24 -0.777987704834366767516657478340842027766527006943108029828488103894967981344796361915224651492224324971456161879538193950338786738043244783060597
25 -0.77922182329774431367448951013720260170331942887035634426104700033604222364547052611845419542738907515935084314922484343894069279102645867979115
26 -0.780294875365451288753344280994669571612043569230053013087810307217530162881831245496791046204820543805524350874950867199818036765849956184846923
27 -0.781234120720647914398810896306196090308431151764290169596075797541054656839892421343443652321117689603403135389231519130030603513111187389326028
28 -0.782061236539767648001054257426178838283883172713031990639115926724321233947376631596048680785929824882656445779184408331266277275654179458960237
29 -0.78279364199841789341752792737507761801165465270710462041403361553878459945590796423232957164572702513461962727570773280126533333333686922224446
30 -0.783445469230806506616959686931341401767971245578213554433601068444629376577209183437999346219020181615362645396302870569086362655177243341171477
31 -0.78402828472324926457830187899612163462009807654738814819292820667678377400195537714210496164671494301683957375377818960153116190857895711834755
32 -0.784551631941557267125030320766595359262114616424388462092376453245134193770798142028393846835645888689060521634451493168947318916702892424685817
33 -0.785023444165580758854650831134015612773897983438408655185621034508861419494191351388554746772085183113573275097088833812519457648663207540656
34 -0.785450361903449235118845145125448650272867493522553570133935418110659980082665357057280968815445161784898152869769959394755050311312092327874202
35 -0.785837979338055391494113548240813977987474629011324380856846142073401831360022539780183293306102092196930938045932982767600246438937438505500048
36 -0.78619103742067527056311914897917014116569245614547813219330780746450210208679294936909883145179200042027702178914984835523854549209186976187631
37 -0.786513576449942099098104847687624301734535722724703332303656698174785611120235196689831761138954094683490025682075247311131941953183407106254022
38 -0.786809057595503899177496587619878962724957965947679326190830193121279462458872964124414037503014844026004446889439138626878495838769202705143983
39 -0.787080460407472764232127196431141174482633222002893369532791140524946976074678981375881931848713411137908872407322993615382814515885228103426142
40 -0.787330361603043018247361538258586320181082809307247008403452867559507826243064434212126730840735129535793479352487076390473194850579019128749123
41 -0.787560999142551126151263233753070435720421531661515443060366143632965276847811203251582494360751692953185754410603608589548318536239264930546169
42 -0.787774324663116507421459581418215098072822388001400986043249026725751703597904632863364418315319604159037029907559218086808999903492690054175813
43 -0.787972046634752626311156625475982470691958128489787563122496583432821615566403922130052515867497039779555427994373940319264169428372562676365735
44 -0.788155666075501533716954509100238389794529905928774502141723451944314482445507035510832874770320877630872579415489829434467533468676259295471176
45 -0.788326506261988411563252177139559815430406226885260368792329795644938536762437522849611393565398968272531718005877073927089668350501669077276577
46 -0.788485737566385679214604052989074138359490260450546726197527733338794027506149825767278662745384432479465474997961166991437470321925925170882863
47 -0.788634398315984773190769612794890798856220947759040851726280313909294213814728647022906926759602261717458169415919711163293603604483452838580054
48 -0.788773412389822188751223307606293887615791077399063538470264812777709123050034227787263198310927352978840429929873742349558682236260426760113175
49 -0.788903604125189063277238107041239756332736969612122864821690192764909469438824607194488019487535830158304037913987905463002328324006129144356327
50 -0.789025710995819100194395848782446215722280595430105809004453893592736983211345150481773376951602235419614879865951127596968457456097479314212074
51 -0.789140394435976039913977090902114945330761759875680140048507688963348955424850053401622878390508095274161026116297475366928274458605208839794167
52 -0.789248249115200790157234621531906091575279737464220971886250790758609286066003292479525146019589770654597483106975259886913152231520158417262327
53 -0.789349810913085859354961054403751988771035147422048680337701457213200830856298119480653814409258428351652007024642927018672114682850526325080089
54 -0.789445563799043470692034986654752541779682485541831478926269740004977641885915795975811689297833135068062345067415919376449852388102661210757512
55 -0.789535945786267173570850605160423870990758789101519182167543334750181492866105543585187196091170725020240006512745293709578299789205649794305128
56 -0.789621354100139734850602474541194784177467527121730078867551317362520622650178680154036347825890429321685510436192555753766107907566544120023295
57 -0.789702149677806423999744653820501996879328169560210096720990052693589378349263640083908215091905088541566158997958522092605510807437123680226358
58 -0.789778661096417262965716319032527936963352139623362040091337620650897815229523861136800633149543955191951891085475984148175534511176673978402149
59 -0.78985118801178686658610115715562621428764908957891613113911340277627092799692282317827528578012259238206077556832495860084789919884222627109937
60 -0.789920004176251381064045624742314888254969216213502058720445912214779525110986539925004233174091942027311169079148745474056869097903250152048848
61 -0.78998536009378521513099076440878388848547609972940033640429143414164946622506722906633074831423785085924019187574031369716105215189977717925602
62 -0.790047485361551960474411418017001877649043336523390748293660370643243403275667373010812734390831472079175160775698669490423246707266012849094139
63 -0.790106590739665988521904195915749995110100373441796418026022444994194045273715758519804466381871777207712079683074793301945477860930218204000164
64 -0.790162869984762756352046384798198280470621815366762847116479005013019448116129465990427310805167503704293755317436015829026473001664231849924462
65 -0.790216501477798866788659017221243448871204008796720528408348740949321151705832829002438412430488500336759729480271416372098355190140785024256968
66 -0.790267649672151319450081969079332432830122779011483793929242135069509042080664081000878177205551010650016531504712140650788878266011705810869222
67 -0.7903164663844163754234568831591350195206773435965421304289681389038489987913123228362003301407902886778320247550623613641109192791979990816233
68 -0.790363091947205828626071660870902562558645993160972135886853940927346476212089547908842268078116228710072882359032372353038000542960602108244329
69 -0.790407656240607313586718672613677511789820023991513496572602263079513396369346445313971222716397767133760111435761600190753922209414013314315951
70 -0.790450279616737787175420658867621751145789011965403110934770362013623626646509163815213957806955745796882580661411609525248848061599019186989703
71 -0.79049107372991152703555264336781717210176952545837991102116231553919217235409391315595133673254792156294430336392811372410102743385019056907995
72 -0.79053014228331311463491427836200601036859106731953172960188593887562578506187412258214988205387925946078866990672153904588820642416172706731009
73 -0.790567581701668239298866094344968925883651835902308664581043162952387563550962354372326714387620296493521425164492146263534391237619560468909649
74 -0.790603481738204516968560545949306861648941595714135234192597813246520050515190702624327341725895912981766890820491041737850980990445910768188265
75 -0.790637926023160682294848188362604729044819092693617475509031270109841075810404911710716387579928131619154124960661033347351942689917385943140436
76 -0.790670992560210287973097273960032483324568628801671005135545510672562054764181577051729331103719152109116853675773870189220597634891282255245653
77 -0.790702754176394337272271319034411917340334675018192438180064949679806529805528493686025178031258217428890524538941495465236621198270011161002306
78 -0.790733278930488378886461084541922057034595550592032025923351764413803132780339125635193772585061790785532939187409526406794337744958318267312475
79 -0.790762630484148607310407474431656202353856674971425056662103586099667183281780198829548694384749846332896229102201285564511961456514518387736684
80 -0.790790868439675866070774227600706297338259945064709078208733569026378764049514413266612877040351720662157339007774637434179223290168565078311009
81 -0.790818048647795513838616715201438523355459658217253119805128639111022143603932676211178434121695064650790551432934116656692800506882779734336643
82 -0.790844223488465872052175633050132861421064306904756307979619877535128197591383483177837300886405235778933195563771008875968290287254443331645495
83 -0.790869442127390769273487187806221874609877697661586857035650635385646134907053158407067175895511492679029357830155200514567962881196219748130842
84 -0.790893750750616010684485083605951314886254040841821391166352903757454563858267436656780466233085124390463891804569998530837914153360027921395453
85 -0.790917192779329865234909244375638857263859106837275891871883234054102161280010110510173259833846562232562717089936698575451832283647903664507912
86 -0.790939809066759117918150697525028795195313128267878672202809962794210017687039888672938626329281607569427359208501923009916713546245751761505489
87 -0.790961638078850800989495888709617098032610471882542477246226461778008234919344457110255356429105310176821547207966649683528514017292993086265982
88 -0.790982716060251892417424164101748043290472148729417812034912439324260519794113687977834599336382084672262454117641934647907346692161362870600516
89 -0.79100307718694203819193395493746081489370517276323951652669349047882658736405275127559469074182352386795613108031145820722536611411760688252024
90 -0.791022753706735118784391578233051841472579312690679072180219862649033075041853839901410015304261530878208864510051748553314142061606545785852148
91 -0.791041776068741994788206855525322417344381921160448705084733877641438157302446173547787236497586498886967197636858830427190374697575490942577166
92 -0.791060173042777090733263517823663640582459789247363375756242318669794531667357537312166839267666502244475792541418112468335521265129706093702687
93 -0.791077971829593926132099384167770903132495766088716449311460438074979454987913233339905515237720626202122888657717942807263155632933007857305051
94 -0.79109519816274781757712163226441676221992695767115839132803112259785866188825834315138639340015058015136218860303615898439937622643931941052182
95 -0.791111876402806484136676225899868921571924260756670488113066015151532946509488623483947813289034259808980280872216404595890504299886257768905314
96 -0.791128029624560083122323945420169027699748305611588876782076757017291120398018332507082474050416376786564333268508014983641486585543256356231831
97 -0.79114367969782031835896546775175006986104945635905907701644673302602290333004093574258346067528271170487485035238766412453246927531447246905781
98 -0.79115884736234285402660237290507600357325127025357905780536955875288723527487519307847762692371720482411614907175994493926399788213382040078719
99 -0.791173552297357594917858100530420787337724538930408581640376857448244393975953530377876586801014208609763361285412724436797965520740955942412188
100 -0.79118781318614681074109348868920039782346724034600756170101629155741192482734624379087838482668848842445509805689753844784428354874680468257501
