2 134 9.7252896431776284311026440735784358280581800991984420400993113483700717104972135868296751676853462559395769894354014705603815576064653e-135
3 132 105.781007478044297115176958213007599187318793725963901597719896870081762109195551936408116877621502716865525885982943308827295647883
4 130 1.646427487429796900569057511684141779377577777390313572989175238305772808539579825933748121783185485147479052385005108987524730372e-130
5 128 2421.7608246055054432140700411207223366460702974114162838695814288717635133168004374592826421177848253254382590807198423896965584
6 125 6417.9123637998972519240010050176721419142844181614592044166487302635617846837215083945976637515868358853863620808041364920378
7 123 72117.8878719993259659622501443327514378863220068664816281761328514428308136879592961969047118863640515600359434228740479097
8 119 261897.03577357467224415750040200679202569429503325146242812650011795044442515222080860858052797760471670516993232317716
9 115 2.396999778689270922433543955345880717651028889407108875476989523363452493191240618871515454589812092108179568833843e+06
10 112 1.087408338417389028377288546145597956040004170424336872814184480767951991739243089265102381092787755778417775269e+07
11 108 7.95091903973637801876830163240905898869690918424646662054133436681775599358605667470542700747172821787700176e+07
12 105 4.13986404450080770553501146169654452533775012035608579042657497469411120738613667936256811007117842499485e+08
13 101 2.7844634587819377524197076831349393351230325618841224599039550711377062269034770378445437153230343574e+09
14 98 1.5295422947319057021809471220629788503883159711819609129635970664743030788218716364054412836793904e+10
15 95 9.803396969591321812179740081042231916437389665751403892783530940142841070884371793886031773545e+10
16 91 5.604737032797164775303290291312334953911639175648815179731109855075354809073851517159489356e+11
17 88 3.491412500912534097550245745362643823788010405592733828958973573387358657768287653456264e+12
18 85 2.032568435533882427971944035770893891543902495665960522324061352106348231120098326202e+13
19 82 1.249319191571064755501095914550397333843629490027109998279653823348568571423984243e+14
20 79 7.355737666414662112570580404740265710678228627328652743173934215963410608368511e+14
21 76 4.479433073312539003292321602498198845853227451289408326559838869055881830885e+15
22 73 2.655505019376795464915162290683158298065353442943895433080290832439486346e+16
23 70 1.609156952467848515802399733013307685854001814467208869028403235695801e+17
24 67 9.57655665368738856675117432864633823566545341100761228989511502943e+17
25 64 5.784114911116203810350959112075728289445083521306893902187844952e+18
26 62 3.4516743958527482155753833207695577181414534402236905782279096e+19
27 59 2.0802760272366877223733054756998387172978405008870818574116e+20
28 56 1.2435525067195583865232956584935286106832863982022351047e+21
29 53 7.4837785176972721723297156482064552953166302001654884e+21
30 51 4.47949248684180422179151178367573645580014191371967e+22
31 48 2.69262998797930344214362852662945004651788935511e+23
32 45 1.61345759135786549996500619150840748102469313e+24
33 42 9.68811736860015669716345634447210823985697e+24
34 40 5.811947060574009884902986817240479894235e+25
35 37 3.485145904132555823898382837919865502e+26
36 35 2.0942608094721107644056268133865342e+27
37 32 1.2530333007511954719215397623695e+28
38 29 7.5531683697221195310846685568e+28
39 27 4.49855832177452206502793486e+29
40 24 2.7304381651743807667371e+30
41 22 1.608885014687814800816e+31
42 19 9.930724923079537475e+31
43 17 5.6936352903186438e+32
44 14 3.6721910479489e+33
45 12 1.95227320665e+34
46 9 1.42117388e+35
47 7 6.00372e+35
48 5 6.1892e+36
