15 215 5.9897341857372134176947604928841891795531064263396428774787763019456636318109440172836253854708452448578043318183839516414114678349906948206565796962511426333097580000006801015296690235808619229682075833840925667563
16 223 5.950313753362313175505465896271879849444757676519795181790298553867669279914417466667462367578941328138202709409923421036598510371547726730621466473699360392504547945886579625820326705791587601606525015265179065918349012516
17 230 5.9205061036881361436649536227560407293750050021546907364010618067697446550800634210034887899296024043179189032432683547144951362732562265921037960352575482489392482815399618454263479144354650804430861685238111469309209097780734426
18 236 5.8975013831967584830119790682967998090902535022846100675878132818201358563004942427321935878686518755197445397475631143956655343293850931509091257667491320086958644090420431670560160783021344908951446636552320343990920009396077821602585
19 238 5.879435296925106708789708763978885503776408284856071177878540075314760027120765308560076744158582020898017199270483934003471588771321488961262884346750478801845236120976495707862564645928933001746632961619949766866867542977558812215337673
20 247 5.865032843137636047404484827484644800898484908881534217076830433438713557345264435398603822491684069646270117693509623964770432768866610318615794574474108111793857725457367261286809667284610061535684745116699494091800015954613908002657801518889806
21 251 5.8533993228294538911127510609950172629230407529130683762124171088406348241357363371106931080297733547620413017346422168179666579696211339466974061395773263907242817432808435713262520670829596387755896580712147005547602130953229393306865248213238514374
22 256 5.843892845296545909924966701403688454395960132792581942819214077332486357909803189181983890435991192409788774328523112433911975505367049291966256476405717713900257607642815169272866446132495839753650510466772734233909110982924126671231260062745270552932118
23 259 5.836043917212414420678059115512739517248978161106568820243115165704299307383578202176997291421638810910971088390974816311570158155043289252107592311786260218209143856202791058243896390131074391929514303412088487687692466173721567728040940214327120777411867758
24 264 5.82950325102917917711656592281402993866085328114256634679690383133668424221669373657740911668354864821317458422979121787730594500426767016453558804355501264775284391572587091579369921301946816761654511930840615067206805945544279009887840190664550544455811590829301
25 268 5.82400703106678315311996476217979194871663623195093846936889667762318478953891859413876405764069271703938314493722505761503995107078314542829959381255193417653719836182578522673443140018869800612766618098702340979919931110218784912569068978487904654173471993581056688
26 269 5.8193532826136521943263741544258022391668379400526762203039964596789201181159026159204190373108812318287517896282031572813407150242099540259471405501444456858964828689330643664633940029437670393235241406342617852077335048298979920454951378464030719168336673972523180609
27 273 5.81538547681677981714702311636229427592156272435105159937622300793145583327138949595287722903577594242669189181078036182067781001467901778132752292346219139401237910062052460563355776064393177460144953093742227453925851947838969456850473527247782574760279400804516075788727
28 276 5.81198095446969573484767751939995027390554939266645998241124979043189854351819821633102172978995201912729404047680304371061251054217518142091430362235085334725866728850622458131569049890008634505527132580354482394253193994741756242922860920717936105668491758122078920232750138
29 277 5.809042622037740522905093578748106740902878436629414422805170213837861417005143074991284401210059989609127529506909571077979150092492813639980833793023418046995349161040232519200155775842081766712921140008743769056145246363150736728771179240452025346717024944401870613169601894
30 280 5.806492908930052539106217682923791709551691334797631235107056020150455600891877996032277368244081399822157261986084907228372384846245194710737450360193194366871134035553172046578850513355527000506310774255881537523708881254597257838391206364268923480601535937975867264668846470483
31 283 5.804269312403217242725918617207732488715629038959923227334843909042772570187368151706403300461287340065664521410699772753638654733293763448125081318314260246977300639238104567523549052137968736499894444531381337866481843513812773499397363833418173698609585540101377737968065136546164
32 285 5.80232107340945722045435961473188492206743236673605224204996746924508243845709066173460199740524820942133345584719682728223177754765068100109730137311752667295485384498522763435753004087428300227715549590219719982173560855008659676711409443648746175486837521609502173836177747394007937
33 287 5.800606668828658904981087604850020802819431527002052267857548204452706870327281927754071066926573810364646608818479838104958289874289815964213025784500125163348869042752427769635519429463916301819157190566121995893746914069632965060495155032618765567167159314412798950390745343288701266
34 289 5.799091900251292653171545455865592987801610868919161581466178358049193618762755919835019343800997428030026241836858738471461303785608094738115949294731241495725866848997547650760038273327810888208336725772569383601777784202215243226674581628856618194861633991363410796175356371359758685855
35 290 5.7977484236153061139040202838945174122622477217100732451801083330337601615320588303830941297030946237347313398555596236414454104693235669699687562358622053525442221609833871603342094786256941863756181722384663602110386085227759306653211861296246686555633582427885008987494156973009523676433
36 293 5.7965526080561528553803085952450773433818305931868816593884159657633672239980129897822476008771352287810185858966330008684761189757554760789060144006232684398271958438613273892073880961607227835189239049360810651022878455774347808716093146823637946372336139883687229585380882079830203324703113
37 294 5.79548464299889095757413142917550535169889777465581759572169690427645131481255004497261528801220708115686272071293630129343574192005076803997975198013277775740157445080554238422185479179024666561244640864262401764027704899892941107694610447147726317520522690638991139184190250109651793582996513
38 295 5.794527834138147951075519360703110720164247521169340202688415913377949555443867929495239602258094796421306624163481007383313401337908346151372518738749849950076914569423289370117547255452555343672775525101169571767570697264270282814704265268748849432639823169153915699390694737936735241617817632
39 297 5.79366804436432537803562402485677302691829270741493943576623999097960100667621267270528647452161083020825580397660869552427758255405258256769653715318749212865090522916955319871872815677192419151821166049826178803185134596594735932363178122578999096492601581211942631497567739848656799423052905666
40 299 5.7928932468020450930586458998137712762005207724786989735233947806231391063055379818236737503195159940702853497142152043962639846269646886133901971690036265542900683507374293007585924392344029258641832171731519710347278231142551110781175241962055672176028376644154929525750167283076344850309926926992
41 299 5.7921931652127364300510829488848913852369734073626556489878411741565346031198843894358516529219223432677718054204722220569635054825495586384405595824563862808406313148926453031053693297516771909985509573935675470203179039740867174791018700943869895977305822349613617478286954677970478198549030883737
42 302 5.7915589829551276774093865521700875644184800999051684277068326310719996594405593155577668458516397199476897665883747671321521079878549523609841367496445890002048765420387880518973086631221261952213479413430546958638205699662169785801578555806093488701503427222428386330249324145986380636148427379484833
43 304 5.790983106102524935703240740682472657162495328875198752622870547091116458233161795692891748197734655395730747035832047293285050301895163889641790412366175864564013569374258044149049837450853963647786081993153457827436868332681984657121046173995769865599806977292889435077616094315936107832950630299244232
44 304 5.79045896960888864296974171873825849293269712069286333537555771199504684861969388149373529162623926405007381608238288229794056085511112608425919812003095809594657114349908517654153261110421890840489433756238022656316451282213178111548046132931207903051414294813248125868783428650960825305827592707621997
45 306 5.78998087789696713115074713909633542917218088590843680856170850170505905632982153179905642317736631889614596558601351597251976629607349121288588061625470063950028550935709090448945902984409283879755393398632941266121654095254089752568066961310684488031814133244274875701359400996013283364145960904812652213
46 306 5.78954387312520498468769305544961413182228619712350640800327248250539850118805232912116687987858966845884946935237073452084657498276286729873356281664238897328504769685771051005277015089773370579874731149192759104101453292211156313402867499630222703575692341047354135754361038108057782207845051210243069162
47 305 5.7891436258299162855095762923118056855444055388201127337234991231785752618081654981828397407094444398638845844984212674712974870555365519431160066030516787107849575990756468165339631227163029396179949936861786343883230804677942808552880319955078594536270477823276422356354578126201765256036563895625668501
48 307 5.788776343747177294121225727624666574307207102751583691878153711224834178935571000160531145743570942212560310798715155292541389539583326459785004233531994210359282789993694819025399402948643924069671473543371186010944974782291812378573976024113035076206450288378863112152503436887522835354390557428237974698
49 309 5.78843869547693114320329338267099530322927424733969624195913152002885095980302097742807617834729138157541527236027852904344871477540150090299500877370197217007760950470682848868987505806389461301992764519296664651873407099470072507791742685090682723294972095761590160427412737049168709256335247064921604970156
50 311 5.7881277463202971697427656463803435191386761361208380112501489676609141889254967389942115185993908154465848386714344410570003531104129666113126800659859082006519147534604657307499698079596107024807317717159738230837152296888108276948481955391629432514813582502799459379000132742759611593514752827601576986288185
51 310 5.787840904144902257050711660095040576084324927300257481516654498961666443344449485829156243495016714918049098379152931341357344972459997961027173497354798329712591426071101108123551699473834068529750123417392738550985050345953287865910395279697867655867870518079037321238252095857040813795398713071059721651036
52 312 5.78757587354576123117957850393976505394406880069772883277535150979995755811007415230669008388945536029133190801006808106031872702938386365030116432561854923642282780801087692650240637424174052504013696571804967813237494851876581533523604200711031913487837420999668123291766800164227655117684130013684770807855985
53 312 5.78733061689609944703627162147877766426899507875218523144516685247483220612499243781056973823244189246213176097868144137610794735100728171740545873459792698070368495383955273094999879296532653669154559506683410203510305918035362988733485062988125989139072800581329957099936662610231679453261118765399985741477231
54 313 5.787103321142683282866711877172142901013621644422295094143127007329858148914602119622740114628709454121179129070693186287932711277880109756899046176161385557098515848481177382982788324529081438765379404780465844169942572619545251677688253558904828534838015263903904323199153222731491278760698760460040134935332642
55 314 5.7868923694083022589167489390025271067491329816465685857936431490142218853593100785479771024673768973915348532651482664727054069494452152789237882473406292576631131765000799021586718652055071236727303485372709121098827580053621487362411308491891004654161675259514830341154971049022838934234196782568805028807288933
56 315 5.78669631663122343494604990980666990209370681123438188300437966335940558860841372040082068919220284187806947654083234266417652811857818500566608685148498856458538453933835240230312905694938352074718931466437809130368638644019111140133021660817701359462586054972834051107272880129390278415235236388264429653877895305
57 315 5.78651386860634444850057689730082342230148134504463301588382408296793167534493876152957074406508072101048878398011364624507057956604367714994609660415928468433047428130968979868442329586707275782706680432387208063103549372425577497082269074571869738241060036894688032487422816007559027988370085914715553131569270815
58 317 5.7863438639020944872464156506844676156039838078893575063338288012484622123108221903377201159271859420148484053353185818560102787771101611651363020075525726037176522167325131024842558006127171436633137484382522276504785402552653327632828191709684365553072323273472003717843307123600302393699441870503624808112373398447
59 317 5.786185258216082726338331700951415541669931141533035309191059356954531015646463588247960660614456794833256213241459346150618187351881595702524780487232273077059710769153761413065048734872944581153505664459993526847144064589025508571713944532566140883305895512569015038094136386564100718248860661456992929729977064842
60 256 5.786037110805149521474092159765931207213448054363751207297703134974846104606965381596191463909595785069788542530847824138800852066072196247579029973086341298333307249085100811790546454269923818967081238260756201866438468985267342541324966663799384273799809
61 318 5.78589857268504408597031288162274610080168835106171783742535640325516296322874850534370629716774467773795318626004930954028691887427385576164436628846681148238254305309403385723892143390400766312955018321064696755635422763878267074795830926178443918297149053144761712910203690582554090097566684567003914685860398623622
62 318 5.785768876343966969993241169199149107006604767988539776227786609868523153744796837459360715331617594124916712256718858171214478061341516586611980224944123166108235287016215090994544156685460900217816631323181887974818118554946181584692918937208212038473614717018273081279414405805235286351285687822712647893437379469
63 319 5.785647326754686355877792747008286984730103256838683084803112147860484898236741435000145273094969586888524918176326723904230627616423297738797303717481869607546615448743976172995947684343116667506635824668508928961654934979201471473122604212903310833414348900592766224376786323723696591650856994151753370620329899294712
64 320 5.7855332935034652379265363545073707587581697268325888743620974742106243343288123063065817701732527175098493044956936424649714369603973446289059879386499028971896277141424993039519606156970452773137873350057222149636828549075576807933953267035185807259734376100390291685674928560003247887906926324025733032666053000528085
65 241 5.785426203881902742265119114696516942902105596242536434786709795970666435139616857446558937793097932265088094258604733719815471692264176186808690336823421286056185269162280825248846642063569668770619716691921779633225389012678425520377084049
66 321 5.78532553681102556300563325217691651392282217344883955831420472270761127763138761536991775275530351394356137827444194531463637202965914606393285513272050652317554865952533767698613178440188177387488508805831765642401181023280915730995210480757664489951964214218493649503715504987170182727468882486427622280103622898221299
67 260 5.7852308174863935858284497937064051453210227855420328730484381584432019957915003778139670978439351127494113904130774799804480059838083230701127943222630569178188768898107932805801713123249176196644338888242439938630864943695443164780359221245097944851473821605
68 322 5.785141612649277653365005507057559560854390705008159163178542139659326319451286535707599476596875331095081416915357319866485150010508115456304305376956273825211488211829161689994853753735135012190418251719872565162388285507067723983125798979096082921156499852234326403124954031680112368279001853252148139419425650103473161
69 323 5.7850575264026712581611281922060238688524001374611196794978406431136706956287059250317946428489028839111071830130255605614488383189673197494112687775784156513860902903633245144886253212138550294875291334460971192964878993779240608171101050410246031764724907480211859879508129617917035984692418119933975229151561986931242658
70 241 5.784978196502454898902292548671769067434147821841083072573186329004309694073800090205201519712627467632900487032222238505410033825551737127152739645174053029770383462580376572426228020976552570676159148320148488721063292148464852667413081759
71 323 5.7849032910638040042966104225587999668935983102612599988056626645430357638761319064706709006612039667677704327152986315506158929957273238429736416514112370632138084598216769266637752315234486943887335337060633220234748178701276424765143486543071236369462288708907509669049998386891673008652783229128298751805008068532045152
72 241 5.784832505631215511039246178988416122688615936159693532657423959425993356868967681158890817491814497396835386517827019139046684035272341747235681700151917855927074907827014485430071092664465127645705032731037644870590997883494816415351664707
73 323 5.7847655605675683882339541818567365891747475641866306052711453902816240225311769126052625814778173151557145180519094844303632059841658247808673651555376254521736983747598058027489383590074568711998781332440196587284907337890374872056126590561092493999842265906795951138697976591633397708897579785407250055828649750529789471
74 243 5.78470219872363083916095792910035809986718896586089577932099817871165914154827873579370312852871691381307127268617024835437141361793025682786834422868174534375832478491776953586457985318781777272903940673915689475004947465400825610005495287367
75 243 5.78464218335454797365320982224800522170966239382320226118720804500611968521504065132233308784775861500367525407077904661023135675235560975932185082933587359371049236263872302822018303055486857374271029486463852764949343123964220677610992212832
76 240 5.78458529625422641291034141130051731743079947223367902885970212876398779082789135561083346266693741213757370415847259222548478227399506063529145943783405849007444190604857312419158346746768144829784357475846304604919267762311924536008814897
77 244 5.784531336082291296709890253673950848364444440245112580417259089365817386319448286344034973487324008152149044483608884352715623175609015699043521346852375759272724580013884123016530417684796914428918077626879697192538793529124853764356023179266
78 242 5.7844801168615221629694030397801449746687399161358704134173125744912280176708481374737420918363606517562121523021847262075587798789468694802810653932051046460473880540700729386279676770449665719491180887899782528576981970823294482827748606632
79 245 5.7844314666264571095518378194994603303785887671980182312434010465230686465889440826090842037964900763540189930352150144715069114298720004953329483151070027216508979997264886016163684955779545538055054650651268829086046731438461090053781680902655
80 327 5.78438522620625651601630548935197457582928402073186016877792423369930013828298218900190737320029037745221171718116035541721644515485004415490255735314602086524419768863034425926650478866131709618786908036832116256722495287904482172897227068416277476644486165669342862670974492517481207299195260370948798619849297728546380683886
81 244 5.784341248126994662762249500320605602585569160698228797518600207717620781080279646345221775150020910231549465444858480189249665022732638101565937076669028759986967807059880718128795959813336432931466307963185899633973135571976419083408973720726
82 328 5.784299395620347204501271721371195826327138770742898327684854243396890027436991722283125279411449982252945500026973819850370559746383828503053820717338693031146462663794785943163686945140321260412367980174912783050094177464923411902003533828759562976405171733307350769016291683172739721533859091405710329182040079926465708183851
83 241 5.784259541727204603427937801340000859082054609174669367883532453442464915834026835067081256406077171343433520561026985002127059070176446602642309713364174354237002653838296330840979613271511498030850201278424818236950412477662892739098531989
84 246 5.78422156848610010602677713814935517915926099416679195768154486907384300897341539330568378078615997902101376507725584003831984103281723639732013472274850224730888510157646070022004075912075686316793523278492832441721634513720546999621119591684531
85 329 5.7841853661975243029928200222442225720416465764234138429276123111453684731481017074040905025581868156978662238930612027369996406877182571392607877237073880392589268688822836467821786961654648417449510537850353230688454823169947941625157727943119140658086677029600734863014401954954828587141922693524818223593814035563846071821902
86 246 5.78415083275623107393019357611869177803918309014842677404050974846097757089150574846362843012397184706800667910231975373897698581262147570767933846953245058402066828999374128236917920323811815939181173581599461240000623824836016108832225816184183
87 330 5.78411787304454249288529813776961901846870631847510751979315497885375290173740963794723156425751776501684010989954724688085664004973509686664826818548215132791412273102473255935307580189430734150608829323171677709304777794837008763760445127515477824174106264976510767584345925554863013472604598764197786507523379601849781080323567
88 247 5.784086398380450713940543916403761583619476884484843356813726743863794852169551564014704559722964173890653689130540559305166762627460688533698352189913259071867741941037335811886348252044739018916640585510881923104211120922011831181351500785658824
89 247 5.784056326015008054007718455307386572313017757211495861479561643326310274060747462106081656171482230129993023896216412578630259161856309658059959794604893830098123767074453754234775182750788279136580938840591807682086928768707550322246137027620198
90 245 5.7840275786741053567825228928806461480547270848698901440061937077653491580432118398167129575655299556247377086723874670272594066658730258995472921656225115860286327708578199166899993104401358259870373561415629757139147666838374053192399933341994
91 246 5.78400008414027433312390712770890867795323961091573985039259328415764064896361225034215469040423174158911349967792208204565175995562917596498286120757222371712867513624401871158536105087668640516281919021562900467750054741435576062829740873428752
92 249 5.78397377487062144487403089847572252038147250172812718298438742027178837059936608616477423278340536417037048079655631299904376426329669262344244661321450555120730851606750605512098983654503903225179002690360140870673022565551589047751390038550230717
93 331 5.783948587647417221805636661596375451722815895127678029280913971359049421629617465607334743752114823451805448499380295382500059117769229767564978939066466633253128524346525722830410059871563327296326480620779189423951695383561503938468734323445547803596299040419457931825168034988705393031059690599715921932433507780143658337581464
94 248 5.7839244632582327367695288588125016769369930655096693880791210939539931166448203562229862237502379805790295279346232364851656816803798792846112914700446333733447334840496330738173777270670566118786842794531192931400775636024122090342691967815098007
95 332 5.7839013462028404111657373706678482604286953220726368443927632911293260153730687448182130919051947742886974632939890998901247399572300578782985399892634325715009021193653381982732303562027925570298262942042000120895660587939718433989202412794838682175466521266991408423499331259059112053945724127145516147564602209395416731315878646
96 246 5.78387918442438465766234087954217647614625770289033033797415756068964343801653396634078494952624215892331200923524804285762004738125769941610591251923059166963405797527999153286304817380074814626223711535915384059906890766105535895308742801844588
97 247 5.7838579290625836612447217729953428934354888680765365950438424424178799047874271459305521632203389690179498926095746230935160548570387656082230306191134273690371660844450192676628394681695268742520834050892200098740177651849539344222659744796419
98 249 5.78383753422695082064520263294858307844502844105804408013294174388112959706606425644384181895781986161649601336298486009333233923882523383510891820493709779517112482383366301803721168139857827258242589852351333614103433893127783930070245483151538475
99 250 5.783817956788226468428008522154510921720223253145637627046402133661196560644273372174993086131697658986756076459100438674288509117713882961580342849370202125481571914334125353552898845276931876297690093853123639515773665851508031410837161976716724205
100 247 5.783799156186390461356109210993995411545415556092980177207954519251509698826176167063137719647242593017068433770248970521136874806766126948936406576012566236164508029747743391694443562893483340944085454411986243166109986217963828950136699406064182
101 247 5.783781094253786700127738843090204818708035860526578583114396413718216319013680809379162496240950606730357031931276018850701226434194538830111511520903347409603614297973068952132197830276770706176517837623534392861948975964143088763239955565697244
102 335 5.7837637350520338838866954641798152613997664420197888712950587878292689280547815522493241261367919718302954566996047269213067834464377569796016254002053547856173775197035397688638572527989066119291348605222258620132794650577753193887495266973905683393079719048859030514888592220481791171368574488472572299363204698931784985796344317409
103 250 5.783747044721524827593175580546877128355294380044305775694270043434654332936077591843943285107699169266352263975925493433240190904780298648360162081056059643245037006564341251874068928868881525688294427651060793958722601783757842601072613992057466881
104 250 5.783730991342431218199949245229981023246246457355115141890546165650876263570124233450504037192869548083743152059774140051592143611702950045756567099814281283848954311199540775850782141230058453906242627635837318458609926503267522473757135297686333496
105 250 5.783715544806233291762947003528117600928640334819752579355298787206696875268666026298728925164318807659185141495445546417718692144601736947551511578211175199118160351420596980348340145804478936817069144546896271755045231813647340325669753307500992236
106 250 5.783700676696885924000719356346959516842338294098907348641703436161213737045704696353301764527488215423557667392920783742381212306470388363162616653705850299893312320699429505897623765527028502196528704176680228959573160932446858292618678514833733628
107 335 5.7836863601808152244186128155058597239722230128867285470171329294740624680476640817794889686155739206586055909056733813992584759005121177912584803896925345112248241229181354672848295670805441279579409454500648892108494490937417199287613950392462780483589285131258437202448102313403936698725411429048274006311729420952790376977523963899
108 249 5.78367256990501395012118165188818656013846560074437082262105292950528427700929754696038415932362851238248138740721795155108759044654189349166723147297451178677612531495229427435509556102663599450585057878941591926860030623233572250505564303435402785
109 251 5.7836592819025708273659500239571819064810567203038028870359038484564699012537481353126982041748982135150139558567880290709113368811921119250500746982655010076332804523905177383436198660874319445047370164235517269101418578199440668083831725354353156414
110 247 5.783646473505028996287010443917508523256594698981273905979644920625833949489563263112793749962482912384586280362765039590120575518586931310289288341582832327504587046206210382840086087252660209218872710732819671193207134087363810206234541535601955
111 251 5.7836341232610229921406583660180933059077191572923559708144913960073027216127857917454272169160625344840701739855836648629850230119712531574317558822830121615290771232668824462361461189521340533464041669355311921437936748969368389401731705729637166807
112 251 5.7836222108606925773375823095877347308975839211576179195738006375269801442570254611895678777412929719881568200339057531192879437528527538219198798182231872474931513527141811277979254376755329227670061098837066975868975564386245522826467399446569383435
113 336 5.78361071706541590240824873243343892324371442090357095374650921929824018388944834525876584894204089905215921499794635856264416396398391055961343383595971013556370340689964624009574943656655017279486265175773491556145473614136201982920585257746608786492375728542602484595423547986612702094717035183057028489578930943687062476970480520044
114 336 5.78359962364244439728736033455608704632573443703625477213299535925572992226118437836244905546114252917810974689430831459159307885003390530938695747048236243707852963041301628838944442236376606600025935900392072063195309092740801441337020843902209863470301173276051090588005600122034787765964009213046067482401908527717320625665947279005
115 250 5.783588913304057917405832032130775604958205186458013676420270937573781282905900118761274160031745716630231350603879134740145235766368929677138543610580350260200968376887161207662071646800763499785788902117260843334819856751668870502131548987449204821
116 251 5.7835785696508913833885218937874020665311977169995548563265426600155737399259955333364887773275474869283541270042849901967279358364176046236292530708973530420558355024289067490753521049144237761187589146841123641643209310766713008795007867042173789807
117 273 5.78356857711911380671493794513100148518658532542364562707697849819499463760695051224672818024076261141063090088375518772075252278033233647023592583526384980756665255138077956491666107878900213561483332940717150787710710371561249907670690261068590616008073133505475370826465
118 337 5.783558920931167496366308009028073716800913573809671589250615071423664107651519391762200059956297730881547387984883026974843342835137069727854652564054529673170462599768683690011157654335453406534831125079896498966281242416916040238515016599847196330566355343837445321137235700396498023191436523542003713823746960367997132263918440540587
119 272 5.7835495870497996694048473314451354561796806712315181311178779689204363353765275323159262305955997616393916258650419591316201464025190173403884609199075764713873881053835195225567615661315139665771068026564208991622316592082924822982169894465515001450328126557705176953217
120 253 5.783540562135140887967631916355127235623554793113988269974826441001831872177233500987841048923971906654539015405399042936558274864617816733651174142042712693092245662372183333899136893132717928623285492977950368359715227633932490161496403286548528837532
121 248 5.7835318335046049363084536785116481628032703159526582965672005675546113667142712814355608115862640800673432016470946903975719562060877950926734416791065144922563439158935868384836713849032924626056719384367175017084090988326158523700878779860145723
122 337 5.783523389095403130942080412996051216928580227401626995146813889964874614925753325530657102084767339512798536256869324683634702484886130945624311415827515222249832162815750093767601673660588098016115917940191182523998713383069216221820358792967214280519115112844876276175372814431260315630892360201279849389694700134437801212338267382811
123 339 5.78351521742948280059441523575762306062373198833797037753736454113965455212435473972105720262677275591939060083852942890927562838339860989449164246950624116695629356992994817102668899140313371729534482559705835270193945241114684838443499334955745043020371209417766885245489353655940277083806967805055421902711983150072575050417218212971863
124 253 5.783507307580714938127154383181175630379169391953823079883276432686776918818770074750601812700665434991530642262808234507326113337653621746778962191462911189906611182519928392578382018114800087078307783193349638329248869079541163041996479553916645847842
125 274 5.783499649144169955154205634109638117418592279259973615914092848715299372834403426496192609085038307279502315373046753492312739122178614198498822090799082995962463816401466758707460641212521567791976132834146709431979243713439272600001608187154484026290408569502894559328531
126 252 5.78349223220733318845274229767645044672207446643795622217069283675053459611403210310770003482985318571498892784677937224236900331557680806096337647293340606405608051510513982563397417159755837123171395029520051233314010275206281048032801920275490427459
127 253 5.783485047323123429327344431284151758666390111943249072318651408711239448324508931737256863972798704583415231145057877828066733354572346674582519037074898148081515079462239344272953080133081546525766840240995278850523171751291435733455846283815871539606
128 254 5.7834780854845883751315218868072148459178215057732526492192815295594489331245501902208053437083786676020581502970686297636906692337414742508125439484967254496295455614474118566958264145548083468296001817634179466679542904661781237320520009687789167376437
129 339 5.78347133810116062823918310753068583227462160426212183401716384064274579677851619116647941334221459717266444217739923330117118599442917326136583409401778967880447668511948869746598801044854727528953866557810604732985162264710993251274514180304248174225215200584810750952487039777382174057991965236327751364133795155997309888407441281363544
130 250 5.7834647969763667747748121950617449710710073595668838126414262224877966864209048925770386037865065776791181802513876200599434009225166775575543196539512834290438698186816510466934893771348489067637043893829518698608594398207540107083633926098334505
131 339 5.78345845428689023804990706606264711084572634690507042736467053977654632140344055046252820291984666558603911973649054363005527778743889372763629954649034341979651589869259571970326093784816050733069550339651523570972445753277379756993998875175548506147579039029362287418454867207971354666204383311438645909770076639258675438307580182651479
132 254 5.7834523025628960872837661217933202599824400338812816658340849772720998197446670465075545907749275142640923591860713743176111622109968512405805920852098290477018658929601454606841491168816005738494738268868866087374640724007535176182170836597028714549228
133 254 5.7834463346695328516207239669414177962945443203878708966444345302515267249243815955520744177174202044523113496087527002112906419180477867971980843172137375770739498753257768786755623663429723803996718391308438949493571131650840083743713024704470220208909
134 340 5.783440543789532697630168051743249929604629202613362878120688428971945796929780250596709593289984605571184123110454958266008112797423529285306309315624422058019419764107196536464784430944880301146782793615757405150148321672649297216301997210608027387134203184040237190063457273341767364434105315548974251732183970713528956031250967730365297
135 341 5.7834349234068371250587382109786058525002962880957897058918893275069492058228142548862805121598456860961853103240090739559290715406703971405461963909980773802348964128697302819060954955632477338866787899674496251512150661763235053178652740808740084573823343689301035074781844767925799103363082463767226492132894418669541431519013490040679437
136 274 5.783429467291180665536706063119086179367862914372754252123020549887884419801887619450577833307903657291645041006157747121767813715534428102729415024845963815130339370238608698633922822256876882457547124979285123969132899767294335085048777773949543102736420861301742239667405
137 340 5.783424169483569972916659327270033105901878582994622774755212914115846267825900236868418275613882351691033208407261992662931406424509157273109819939311271044514943041775572017214797070284101884665615996627373883645890927006362123883763819688211681008458899958034504948965992760670498926162544894564065980839648378608713796388375381908367117
138 340 5.783419024282600208818744897984935533079118908783111895548183303672324730329311287922314606933323328474067636945179980825027345946569879475227971201687932702266395721138949564153956227557013592807459123405800300784134567400206101155571539185378505828290720670094430164018176333556837740480446766989496632945560341129888038263599893733048997
139 340 5.783414026231554786214777920386125591367150197909076604385914823000600358968676507371858128414980608828488328284669541163537341280865385532900008303880359670554274669957359112132804233598989703353607700198318747320934637783638663138153010914291130652912116284427788077504439066469192951707651770051128366465121477653734729711366704040162204
140 255 5.78340917010623836785299427840125357803543711315492603101539100188778784880917918991675265819964624173017536559820253097674220198294283314676753960036357025660289921263662315592824910232142986617009488715274095001126748213533825194143074362024663169325304
141 274 5.783404450903496552569021559877420876562802717163290536739841323435281464703730429223732165677317157681881033469056024695086804956853127232943147100993184812035724087412166741425349906723667465407321885346917746750870550911006882281542089647578461174546065065327302341123666
142 255 5.78339986383037894609675862024254837459084380264501131153924037406932108497001915483862046814944253638423406559225590250168967311489982685414137219433662202595271123669871217598722183152205844811743933185786989691850500540944267732808143196084098665895609
143 255 5.78339540429390532666741572145785266531983609563873591105511844371359444967639976743223949083405241526084184778634557669588870522258344725890535168868081796402402708282536759549286992133257170993498192601890764534162134106693597449888417657785652733449965
144 256 5.783391067891397400199871495353157360418849887075743997538309687717877443493498054408610412038273520286852313502817076626953562932603998719849618124595339159983090868544542637385697637833465729304671382515840263008205989920935025038931537866312605611375147
145 254 5.7833868504013412141234016122363615506141865819040994660230611145744258536641202074002273272392464593240550527753155965806694733512543293372751954832732940097058090157090643684300958097412781743771725287222720039971532117985185054841976885536715260505261
146 341 5.7833827477747476800429609080315163058126293417218546576749439483123994208951173106915285383699440496376090395065145431790502186504731053808637752165957950644849429842162659761194929767413426794697268998465306792074988715653570632808101587103117970341833879186036361571209337170219641354969949331195133636529378502977615199903311178813854858
147 276 5.78337875612698085925022001465646318660368111134132086999099240419775325773310158635971987766703909626313678008633984888854817927792011995066638754315378523592054060084629675419957629312816844335802945622482062867049021959551054143092762114407044484189980593846186725891697685
148 276 5.78337487173002570582037161651320722025107949912368784737385220811176369519935919101236889677243104951076275070733085259679476758658390537450847251520869439032230022627451291584144581837471111043827428411726711279034395702970430648053119103722759814736629626533968881524676335
149 255 5.78337109100516885279095483051988523293334106530051717600328759477232596326251009479568990425527161829875723306639869494888305903010807142292824248458345099787528651167963986650752376970660572719328690758027568064584725735293433363286005422137203765500249
150 253 5.783367410516067779641628160969172244745693235265687814160264339542429702296845863150651447580997192195617003296362471495401065322202178971236564537344591540870399278124650128192328174762631982270868854610591397769868437991682695057189971457250993965218
151 253 5.78336382696218532490561913009442653569843328694184532150048170185049845035097141424114789290666016297054976047046009355370158868460902616156877209284410160190736165790351729687359180643704148449299422134357100118333515463561142468741683919544624715898
152 341 5.7833603371725680162367815281519614001833649307333792263538668601161036030341131074776920800365751745204237388806615023303058901003879628979786838860822035609556172714969998570600153237950766619585946628950459907501789063762471161650557156258616823833912277478469310637337464633530711341837420481728156001557166387908177819034078645758860741
153 342 5.78335693809994809077751521682238131584833788300431191528840590249399903568898859301882694674854134111166619562122402895071055840514814328142502050218496695894988856901707043273587538175622748608816219895893233479780632856299264731533373848569355707616094858548496704420117003338287793752125324017949959184127283290445760757112024848920083705
154 254 5.7833536268151503795999650914139977471723931768510823253841396516406527652188028004386805669216372468775657377109404107018536835466574869000962109669433507399452320574813208335880465859169717465764801028902162877398199718080821659317652289296086789643278
155 342 5.78335040050178643900382306100494953759331536922660556941591098026490611620926455142897673276827872024714269979520515221733877008507092971941896713432787125241923092089253150581831858745413958262951030418215944297018593992714349441995148472980440799763638821009264151281538139473116528938477651210219489244533757976332152387859950327048809788
156 256 5.783347256451219435589371103651607651665315311208472259654934605013718532539805529864961897328228486209420746785489872283276773818022026177443115176096434685685565762403318103411059468660587126840821682992914762124321212784917561319314330743268442442398663
157 256 5.783344192057784337744146032228092075754648229568166995138457558689241925459796755933114035654323278329635990860421285697728230250447472034339485864896777186010354357177493335015965107103059952130599196260136886497863060875596731302449336031012301393786232
158 257 5.7833412048142489394164112083506839749767082707786766807038778162336913376477938605714269464131884845643689700955274131447210687047649118725606204073806618516329090746721109193510214452062101529335401932045589756936916763536819597610551744831812492462898922
159 254 5.783338292307502148246167528760633112416526841940317246043106478741767001136359225702188899881614948072035994624010683551242070468304001149264405977589941303221714630132241525879624452113896554526729663617494369546256189950000921845550531871069046243727
160 277 5.783335452214456814291550042142186997058912578634753647690527255944403723970564252175703396712286047941962624230646437540025609850448319532149327902369252140308939939299678469949685102224225314946249438505484894662418829269013723055488987287309683754395702456691971443292575336
161 254 5.783332682298155162329295311375052798842430888008355327270306207374616693833659901701432730813603252277952294695181545859207693689802252731340671256303985931830085533261056965143824036445084953794224677792515777268477085048430308983835106486254673800475
162 342 5.78332998040406562425868528999023622817733874678556824196359755035451134628886864147206684770044359789757324896939700384755728436047135884616978137931998428548021433516107416695930822389697674532435201378081590226208779457560570118395711427861557506895938920052082623419017906500658422168506488223018995456527796767359073602205858346156014005
163 257 5.783327344456560552398620098751000203817430506179858040158716530894603525359318569647284196992824165298806765070504911455594230723375719371994035863947147075242092242498483426554024503263095004120230950109728668919392413110861618623435000021559527636866269
164 252 5.7833247724555649330289935800953754111217019878701174435763966415395966334407506652858432433026081792872499417044709419686973370987816871773942530702358889732988516702005176309059034894094158720475510281842887035691483893852833075628028953872356786604
165 256 5.783322262473366815700221339339323413480194945062723537130768727691541554480266808966812778627218333147444010214799572184394415498982694723508433249952764022889922732534605756484293575818198242759301333985682437139661561371202062020088140265834526084813073
166 343 5.783319812651580730670293633240598914080441220351873030120988158228692477741438254169324755416584655011102620669851476924150958691236508677622022438359794809494030184693196120411872934722207188984646393029260521564921130721361661472655424204920826204294314815539043504523252232359482223509095158558803287796838071561809148275258580786791460333
167 343 5.783317421198255887142163386410036020916946636551502325103037953325960939649843457751919002392038785779860999449861286877720642409239863246221102992502738426875008467574494979353500248280465145797882964833054643103949853332774666522028706560436265435646610381897809949050838793372474748402238987773449531370738085180197888691897653888784394018
168 276 5.7833150863851214313637218217273375716064824708207668407682007043790340946277332859649334566786868149602793209001126476694580373142455399484489435783981702263476583928412347234643355947391782914754899285581665860146539157599594824168379352677365609149628441254538585438353436
169 254 5.7833128065449614985170775238408020795478866503293729124477803101905819773206950216736454858722291151434675922348697421856714490154215727726925222646314365933605692802029271870355982248033405675834977117467696301900301208930965389427438028122818973161343
170 256 5.783310580069113217879616740807527709467765351417246282302944433074054673921648150823966862020374626292993265258972089966689931638309411721492573545324068407750422884515817377243626359150503444923547186771403071456987696401212250598228488418462518706309042
171 343 5.783308405405081229034826853618852669497379181114341737300323800142535664316961978135622664058025818098407044365707722064039491654687950925761028817220770063942843319088322099889116966594172698462270902432800498196108530088631218723752771332216950064291578142271396538340445094252295929793383071689342666482692723977615930388959598086132706344
172 344 5.7833062810542626398403306883891332293008211401607575704339179836238818189003876753903628679079547361786043213785395094907358274276358299413462759135356432492093517272384021854416743889162532423144952978605296278895786950398061209438144411823860027662356870453226090312724138919027649034185142455385116625336877219889385633850282612568277463897
173 344 5.7833042055697767061764363684611647045009447271157253747429199555328733894913932039728119403391854241281531814089786268921463620209115863608045850854733071749576476782895083066704975629655022477366388189340481193751710074317300232092286043325414624058372406997882134692299863650973748955404228694964368042070955838620968824991157990908542957007
174 343 5.783302177554393840822761615803262932757233040754608390452716288864839923767409144637158973487770494841398281449229540536537395887927913662706124249285599083420284844442522386925859074146733224456834532465209623854344441413148636033483098957521296096055450892919968102617380974246115758211853856661291275888985616650369165013509485804021158588
175 342 5.78330019565855886564512028292010602436393602041544995997521080025711498962717651554197283759680637076011418644294278162436468040431460392324316990315902287770961981279943235335073991814173526409752965399319351561303861562452709745493302465551185815338610794364514317407149606151991945669916804825500699857625831894310685413070865416894036007
