2 633 -2.43519401807791521728081473403448122895300937046077295862166796816939712016376902086705351398744242694378076331668794142602395080009523426400775525717745998454507266998756971518175884137301595113990173862059043289419985712922061955703379527187427501108839175564921729754255093354583068917963866966231836584267840970504364548288929802034813011668532966355160848295429512797348820608875611103746330692658772238122845534898532667105067558454653873263755761956737456012628815147680740252409327645084350257924554077357522375940584289701313824095698764341819757832032366390935977265776575666242639898383077775983601538905426572885988625633e-634
3 631 1.0
4 629 0.50
5 627 -3.14159298147339226058799787922790351753572090321184279354356185722803215244277218694317017977224510219101562577095071947424180699169439660265138667079343843808703929464750951789180353709739030774382921502963839476354641513937603957177465790245328342471054192212025005697121929422406844379214916592433109033776206802870337991349945243356212853433764778009165034284069337680382012581715824686937521236145577907035409832782370520833015827203995334479927276098367797598599881244880349748024453177044096108462840035641152977811473605419211289225191312185979546150951763831264980007690876384608370313603419714888372399418235550383052
6 625 3.641592981473392260587997879227903517535720903211842793543561857228032152442772186943170179772245102191015625770950719474241806991694396602651386670793438438087039294647509517891803537097390307743829215029638394763546415139376039571774657902453283424710541922120250056971219294224068443792149165924331090337762068028703379913499452433562128534337647780091650342840693376803820125817158246869375212361455779070354098327823705208330158272039953344799272760983677975985998812448803497480244531770440961084628400356411529778114736054192112892251913121859795461509517638312649800076908763846083703136034197148883723994182355503829
7 624 -4.02541901997227968297519358798772944148983804008989334668580667050448594122246705063891735016447384497474745541863051282957430160608172956071888600885205448019978628021511090355315818528389830156332843084242071118420940314251500648618147341362705169568265063271986907306215228855269094474579568212248139414494192318864640252185362563261110355189652819904721184528378321972335098501175810785518313344029082826561496922031408048777103463938138283243557421460315236519465948680099188108839800989492136865392424020304568786366116855584437224280051051840203075256338070953442802936552333794598070034305967426344752187475338954463
8 622 12.12117257412685493385003084681546324350620689427330483151606849425709529803387838004221072510539475443900446775098547292843167251226282864725567235610331270415758728100244571566898440877483538878783675234141526077347671620572090475616600382824502629455456789438621049277425006564955416986972590784666161242037135941668150910232242945266039557117706646965816820618550941243170480473198530038327094590420498965950045075229622475057302884940317421129452402790009565932151658407950681332034316103271003129402248472067244150916829505741414323868055813791249940938062507080522210472656026250529146051813396828533368276683009446
9 620 -61.203731475655684010787642602880047086886204454215011045547359053356569506498541231839393509852592062306626229427502998341036362601991178057621080455682145793571072733300920943246851948410202129936023622196741250651506762064630456782647403151036343198175505040542255828168869474809728301993604251720885235369696376659676284011266722970183427762846057352393003804787008095654667472574644060484311403132228418193670683469717301394582297338220608909093901576182584811173307660658114660474041138324026846092167916721255342899952880548846628295134596516495605068647576559084385004572455091786326133869292049794648182099762831
10 618 212.465597561241458507946258750017982895587357230715686699493183873839096576148730428182059479040131465638118212163338271709826449741846627604117055962766840943925954854892176821005184517062097356545772826784020347946849571267373657370119036383825094859892824620318446582067169284443726847600132438807839952753367066502374306074907520012416866511773151321718727568696555643313208462094631903535945826970739457514882448477021841012678294976891190721237687816213379419895283263487446574105740840212091541823783986398059276284234670483257913666065363350517457755677141888806361807417098591328006235117622988334988786531691
11 616 -743.9267188964200978416662821662528306145175980964030979303374268190130141137423105655885256266614428579515752531934848045575600495383022876821541939234645923173185904156915410665360746579677933939418383758423602540528836586750956718216707114829500073656900098669846968056015852309768988425164577578894037271369201368365362469209256295238022849760319146873366236603936666179303187028065798859824489546307223685309001695586182146261193718841608579665251433139272282085441741513899513884668181755403681812604779783623014694853960611746008395286370509501735583492226913932876962167099506261950751812106382660116991416089
12 615 2888.6595888538986986998172752248218293047969177815044574634971225090604499691585732398360840113215750708544648349559768030106986700588772591414421438070580248073798443159592626765789148710958840013290551948995090487126587598980362544177909002885402142369065605942234444878248298651674744336836437218871749022381704203521847490401714470594142148904439130400290812111232529506830123502420114050262312438435572037899039778977830556124493462815475057241377311910763185277852179646041224958257083852115913831928036305314767380485070306787179598018984356594784040479483309447198500154781328091055365743287772791876615288
13 613 -12128.02728267875642112205885083449603827833336649348466010815665213907835881698904569545493817590987649228181588261035494184783725129128059073821333874587552727344463723367184535139907902669419622907830000845714382217968775051909861149928639861368118391831909528847640397004194997020865198940756689041139962541056346946667503857597094351649802732659364936878138726311548922059117457976856599317122788218605496091025625166597490208396200203825240958633418195530160333673801176916869839972429843102851865477572702179280065466486219468228013728622291918681207267919522605903904462289380290396543462314382357756085274
14 611 53247.602194810650405761087116202103946983290302293976495760320830351888653286609641234904652673256489736486990712922025317102968828791526371438662293006077635583948952060117386610855484741043202784710705163194492701047884744123577759734191157050083404110936103454904960670622864454316930344765735949533628161568677479317188930314957755708907617284535055547356192657696839259937127882354639562321958566498542248471325952675823432053795236066208940627899184502664108280798501279336594083665584190130509510765568009913765507275221283307284738454107458162090290397522141524758001166122101974911228260143520046689245
15 609 -243791.994522327293941883635286476656129456113691315028419025413275069921284685468401067198307985077782705720768943196017656168034911774773465560740503680226539184680587937513869146796240374622900188682153383746980220220998270897738150315102694462070345068802321320493387705080630101190123991850704634647952128042697696724453473436667216724489945162140292715216349276190094260317942194594074142991437392613120992908302308180981090015580098233926015055352140267524723191979995644066912373687621067073346017611863337565554582823584470711683172841906312648949397040840451528820055137424257569791080739692006416311
16 607 1.164912402194247167549143403673043343911783924193446134173502152281413191487567316671822948027354613004998752546424980825511748951567341216979307393009367751174250320295474923870020249194836319760929837752736583833614308085164725452270351828716822543123699610255577593560299756272976538995361398661517339743329824363676133692093323653402856731310559769095667319027241375192466726401930741901693065068586084326119443350913415210381398697301603561713048663388497641320474480999128901676041943509121833206705611863022805430698396283071676833278721236335900562784312246328033361903617460399149372075944137192084e+06
17 606 -5.79521370739357561340495350667036456854360297804920480919390211675893907637659728285229733204645649068498754451243663516325571507770683315378989544525744356596087701231599009678297748757988133328725855214612568461131248685106181430348168104184953583536309064320833854939492563986741139154824250094404363036686759222696910372054940803353885010461440518015457508968612012800965473245840400294242723084559894812466254877982844663541060686894389002122151264252067493833277488356886125817146879249835733738035195252138617329386575151951004191055935684888166591734876454839157454467216067223415793208390586616751e+06
18 604 2.993682129021945403356259486687848414585827736964090974807461646277027601297066989653762532897192734166540020155680846945395065022763359213724573146997205905876255659901169098378242038527898061422134365711906737845456067844755616066817995038137043079337972821598659815109739786354424695202180506765900180637547535315969232887336134336810746258125280367487859508729285917113436797768241761188026112236827123504578687444842831830970127875415917439243384888434231241003141714970899464771522277150553584877839200488011745471722937793754513802931290432329791931528535996194104136325611648921064316576477351606e+07
19 602 -1.6027189019636538033604282335109353989325015148448615529201119913485150774015482133074493776960740351011378575654205548314386201233840592716990590718741833556232723433656707640853213960550196828088888783044184910260929735434616308286594388523498949833764698893263752567250698022612465770017257876201189042984967780049669676635177222934528434738789772112845509256363065149991580232753445293110946754745059232576248789513217925669711505380573955700257713668939998060783717447822228203358184288532524263478925332480954273320875280932065572957107145712479755493408929782665881700252299777730681117206069936e+08
20 600 8.87854511180249398074751468800005910468034493107286556855318367424460864787580488564081295111760168087874609512744437819960737782750349291546386643285176004514809871688391976473798580211994307832929188950668734683330855536015862962453980538238990856897586788041736465607632996993054628325988925734247021154756245218757019047014202130463449929553833248252123616396109805526556677420424244556409416192813212126094516146979245725198139878791390368286996622349691596094042590881108170736132397783229523623281285727615956446545107990892677292514409634600772275164180774164336981200000500537516108484325856e+08
21 598 -5.082117471896826167167050073501558804157738891221266111434846524386368777933234078653675051269788038602026143799559962955385083212278667819015043584583088802688874539075100150014030872395479519080217803565544983156145404457401993931042225857797533605642587488524164660007487164238437160274506951265711681767585900502895693194783799716940267057075422361573948759765885065768076084347121794591529427753279467087520256032765302429700663515716363376229751574358426202934244646173597532443478123359392826284236146276630151538710399826148718244178922140265029132567533558163221796978821562128382454108954e+09
22 597 3.00197775543129343811827119296630613101541296909539144638381428257392053477996224648083727018277871887288497838331167026658579348870640404775290969990638117842005349592026191914045724009362027842448761511459987917022523963050111789409480615470498631101509738360577923387904097696754769155194360213760154454994282543206777088133746069294443121794173103857348779981527772815719630588905020116860157323777612073266843228362617616186279363374367402732027664778773028956821966686271931215289348248808855745355145298989345393357540971980689956402944488363896629148081501732222921539864959982955152637438e+10
23 595 -1.827766614791552425461523523777503422345132157159822093795804086523041121713628616732216437691857918537792967848837082772653029686595864896560335576434580831648576386510218562700016555858312850479172806298898370418649971863315578815634305410629603950352423492834812484685759176630159744241313548846970236510225812983196665726439302722816862401482256736608925052963692808132528509543952676795793106621862532075585465724563706418690428205625165098850001599249306379478837579634541898147337991063191538058610952084831994818827362509477329207168581949774739292748038002025886374524423714551937278e+11
24 593 1.1458175790962200039964283416378114078300358935453163174356424682736132776579974885447442629245808060008687947585283009361321125009000252300822882087490918231080768316624808766870493039329800257566886080154056767953161211893384076469025978798358857950943316706514245149883438472192056504009731314151606191165687900094144313661116676129078001906746679762743399679319360342038544780701900548881581028730449537630777443087515616990218991829068304384676591897330018485283392221137405236056652098609938263545034736420084115519532391444061052344488960025844322646168927302728813811289181288551375684e+12
25 588 -7.38849586755024633406130608106684309709334415099241685921041281699058865773156188441586685124344412875285870847668670262197465504603399568971753064286478494184617383910683998834656424077817206687660177110431067497805186631452080065071869584261968185645625552229403586689062403033539431300086937962984157101475422568578184394431866817283415374220899036830651908813171370046011427722002405201521953917670064345592020194024903038010181678261868024306845430481394921159711031053144430636442880099617458318590206577552521348897303064503192990011190537716343880684138878580331754356267936303737e+12
26 583 4.895930893476567429663580739733620781131603562056787190675738627333512431055685704608320319633459828632593255002214350394896938957497429870675406558359456379244211897002645543158874732666700552736425693476410964678768006498141255214407433730076498831123036379594121279370839375551757901098812397832926925700653974650332562973623082185554512455451250344198722309579423769723435798197895160985483251368726311425327467833723271114524759414438863695247158394955984126344639147019439782533816147891801371431535360055055642219459208529463675276658132901559340887716881679972145249028563977e+13
27 578 -3.3309723594011379813206408839683960996128224654707984634023951679616595917186913397551740672584490191879190436781809799381816786485298984938354189694211024261617775440561483401875161611966241529042001663745846131936357017008807829189485292497883069483258594091012031485925973728424118443028785672633723681809747130169798730078443000528436050379294698392916359513368078685655877848531065128879519858131236262942862621355268187795638576373711298623982839714392937284437843257696802938186017734036085339914050249770114012037653983658168577647476896611141727140165661243998637641617e+14
28 573 2.32489467470951052532084863654887520688500082570036983139764426665447557587347258751635160135915844598480685443792183904142817157366858093307342160039665122622374512087875830830302852273913673237633805413598328756614637928472632884922718791349939478347737217489627769722361520598238916365913229629497827041108348658416196278844540306749310289381814282681076866881438195215355503394277909208790838788277936720600381001891759990691076922345211145611728015777620857736068877351311143120039763257588028648923324461190989393113537726897434113412051966999065557224214088360913478e+15
29 568 -1.663382398271981380311539621394459778615746625870436214013933558874366611559895195371099670601361258473662921537717502037604331160046550929964684956455670828709026799366844679712558506075101197726027467076566947633103091453324891744076489667645392093075407831716303530343423051317210995438814294497808496613323068418480974014161018470877319346920014989524937828203262504162544558463937240610960490215931635631393148128143608797584723823877434223479739134986357045085577665414595301069361490672863137421343131553858348751015954406526759291496409129860469283065420375266e+16
30 564 1.21903432022221277389629886918554229402104606841911712116525563860731497180960054968654190548664936295789037893005263496569223698077045287892802665112647062757654051859923517089725817593509795732195486281173723423256440201137999402588136012678475157045130967304688826651601095988097233997823185187860157946561226481815886253027306108355631200873918162989269233359606987425064242509360612280813279896682797622251992547306399977241469033589117395856744288629864843892036344138415469714002716701985931278839862867602563467966024681074856408363739242773830319314247112e+17
31 559 -9.144716060857959479861687722750086584275398221417003601882135506832793193217085368338721873668137126697209982733963151504395584508823724069074771015179459521569577685085121002407739028966303014674273166942895297307015488151662640257579693192013258350402998391005913325754587516763593524469411653549601642395696983416373217726972109582756541248675276300997707390319525748238447406361468341087035419869134310576557408188242699459296581364950403102950494475631122269044591692496898723026726372572239717112885601698330620868358596636670688332588427911246837618301e+17
32 555 7.01723845917226869334412068801524144995176646915112133942094615944248246898534127223649960450711812390636320630479387784109217224951467929023322702015328935229577263839459915957415347310044022392425077809351447911837389290136355947846267566370233272812538161885881873875852234238214436794077813838119495570471555240548899300760765930069827923107797574143601852791674439279987101284856442271191810781996531066427789372554806244647603115895226415421230444612961788966062437101040536332035160120316934910379130164523801147086559082426247760688670972334544042e+18
33 551 -5.5046531700303199262036678513342546425827420660520975232170693155831242660303398521235059295992844157941937586197057544593039414395384959908938367759734948378742719801290057324114767494758426922463150293310846877611602155966965920376920449550218605067557802357440530980669426221253373225909581543553931688553060843538485570661708496561511486700826897889528320081825712216319194173630918227657995049616058785486927865971121504938942734229296436913486429089092600999552754068746758604355170207519678971959978810819730856519665603569737129398801876073329e+19
34 546 4.41165135313616805998728671017273379876523870069963205069834003699440988252979591246272725785583892450903653716078870677018152534463116342678108113833839159156259632052773475983841868142166332469293993850787451553727885329728191869551054061863392839853820116746842112256835865019417864004647033840302528803094147513463040670381619329826636660513722839705910230797916002632083797655778982231927451126445610179440694272319961349452233748774959642502500312623843210907170841041165196216847788084651355526132993025569015644081506768808724558391449547e+20
35 542 -3.6102109911579628063687411089131774366063141932836266891201839001615965492513164476104434369567422458839047052149634767835132705693390001363275716311705935341199919464753048347414572988408846829587023827134367893796770752473254676910171786984804105953628305596659580738528541439079535028670294017257566101930293027661735927108545125504286463065132867862411870580128094129921807906168835283883200575904800622212679230581857766021312991406864061173890611176590980435951333702341058105832070643413107768291758740360679735937808384546458311823347e+21
36 538 3.015011206268146668064399677709131412520725030956782646193509307384189399500506445820923804820549997545636427925022976987895524264885059293331676359304192473979410767584999512766922626413517619380765706835269097492577734073224658746843352979325333927858414012202801948475284603971606330379348720676076272288273425976163930025582597634097941206288492080062014423921864478705338766101610594834560050321435304734555328427730643664618546131773211927194166954714727450251097395147826141979187580897588634478624356636799018052779394279047612829e+22
37 534 -2.56830337445031146476164192069194012158811756093043772655614781397886351362351553484179336858592326093368585332852384680474175134188164689184091288670622488919523683307493505290955206111706417621123888051505158536698969807725219299123913538980408829011384526107211236773998485585730541128287266359813548551535454879630246553654618835751245030902195161153885750312908733643703924707809258657364724563208065812151808185520676482952569310002334314767056337770137736128842281962909877835397347130167873014565811233970384592110779233686513e+23
38 529 2.230444822236451274966816481182569251630930506231491752468654574631485898990985274547546123488361564808142037552428348867452186256751407227006429107033323080805659703607651255443622114676293101850775194569554527747656681321872838786039817710625987333946804243212277144806665140774847341319163577799143811154665822110249944704160964525691999069923314811320516123538996139272871054818101568773251707249873873206068421668427787020125832770253400795088437384300632547956246143600046911256100697737076311585479346414875396765152768738e+24
39 525 -1.97388163173523431674261827549083955278016702114082937086552407440470073517540990063314106909845280723593736377412743212385448387101403168579437041179962290632471648061005245799185885960119806315592097665931725387986358989629843221752608795617094124163242018403576415574068118722119950882558168186440406546705003511194559813799811796295376460294975884406856653226916198037042690490968951597449076992225218373445233254141628018832785876471372437839458879747967544578365375073592656898194794473479349686141034467415512904386615e+25
40 521 1.7792674185962682105879340698980658645242458654882660809734595831425241271861538683523328858855563438133355950734860200126342139725987836581332114392753839739750048358249302261428430817922205772769555559450992379597856339287720863566086827855570512873208156409947327957746699625526439008487281644508804424952310468852414830500293822105741206661304650363277527442086117631518833328139145308767398317394434096855659495323770142399339430525121142805694890459262230199709716233598879020694540915939548445069801056704296856218e+26
41 517 -1.632926569274357829061783402409005896323584750606350205906532017631386281951794762547052491961648509839885573923943543051888875648017106562484301421979384071647695278922562030628822190219001226537977569725031569561693206479162653054857555033940990835824970696899495999712545607808162934546830690409219647586055498295236655008333892077157229510885032294585971669343557514818706065927889687386926585797262950258448043184702546976260999808204379843252345981305534507124566670126205109800842078476401549491788638637690255e+27
42 513 1.52517766629606036597891088754665589740225224477982747724540724404239846266079882705222809414057658803877638337129814536737110721264072382332355945088043728151619217419244192623081206993604207121994661143184403019850941558548067514581797343248593656017358350762156414848913982576944980183465776877498037298422103929228582402916804297124453653845089563140997264500414509309042186830688466901584784781552866569771611735573204782040503608384531284789964856724437254358872536447214922934408110689043743149579385617336e+28
43 509 -1.4492167554987729482272157972349049298907259153545128807763663285441556952801386124377382118482307365782292544239131028396001395455697922106147641900349750374352964655844182166199813500363793106301978023789915764933388412813108736340240177242990346471581269731372142359161976402580926535783155376671938404903373630963669772964118597589602912086657714356427209462589729470693235045825597434270083212525269556023496104515469043111034510265038628909796150823801412993965196390643756044700418697225193146310062346e+29
44 505 1.400372019343588642156589938256987434476544325915655793256604401715441912761471085298840956985141337104037387268574331958036092844979217525295149569849126216303018321205026765785098160536532586840054593228279569412103446187730496094373844191682450006299859300754546009943082041472751205314291594427052364259925687215475798053426320480845137387414846494178677722446617473757003078807299642680862881735188249062754828558540225584203268954631983608575663191854459946621368455939372625973668072401752785858348e+30
45 501 -1.37561069130115831665608476731977309064413011255112427228821236749013100932202905813351478719390338699845898058616283891857474888226374127600868645928850837343783321363697439126048304389828185232647038050889424008880905673900845325471010114817585516666126590496408520835754571217212723871956837876319081801409679015614388166850967850084501247511078708564368401609526671422889620453959861888336713843952932566944455312407365563588622704870156766843614667301610026144798576219601004523035180078780533657e+31
46 497 1.3732227772679190095671150286460734850660373442411558983097304804564370727756167688623271059985943867816871164323413550002787796240129549202382144555076801321460955060530901489035635119535932954876483050880337815941612433761781689389170670534406983158922722722959031368575280189642499239959194741893027684718667727778953550502136730567384910260009701746974664973890469149350710281149893096329362674644191733747940100157030858892985975681118989051403956544334223265148417221538519996063223929020446e+32
47 493 -1.392634470815908400523963182418029655824768244411916811502135223458266027298334171953804517882325121453528136823814857623849669127675580838018768220608893692800803442649738805699587705017018737894935759204200791925593341475977760469870585748755267085362482064219003451591491395995133749396364254779051343057562282296709394651583976690131674311089531442366646578547518848112530147092261560117000607039943458497213033391256042626957728508060308121160697657516685966938256763574707738993926934006e+33
48 489 1.43432318826390467618683292560721882897912133927363702390607479397618590136164329072129764169806542963059726212863166734862247894651666146452813772881873628365389833313855621886994022951820480975747620553705488413526344117627608149405194217939513986853074461893667463062909407433858264546836780590724369515690218102805264479248303436011240809435626603265906544382316324021405281936692060852238804992357668741552951328830992512770034351802684307385049442518810904860793708293102519938702015e+34
49 485 -1.4998197249244573800797337317232688646181900696589751266731774795361358723057981458833346390819329425788339779252861259828389102495033300391646619894828954520423814897205513246724123487493070592819091159241634731138144525019907551378460899868784021617171476421876615713538674458420796119787558705131191215915815241024719246817655298313227153686080088589954379093787411739280302359624925427913769918218285156745026059294108178010934613234039356027727570954028362793859376750380849395642e+35
50 481 1.59179363859152149197300203656165083400867223665365729951134689157976683871224146055581923306804645393048152341386819939788848594861725315685650977201690386013093342250562489249508043075769174365209653123342405702055212905440969565306511669401695109211917883030157591031385430065151130606135219843174206574832338079149437217002727353103461206249070988486236899357516976934111629871523742071682554444415220651071317593674116754059805142922589943100557283452554778553710568981768018e+36
51 478 -1.714227364773561631897810997466606761673468775758977093722761598194826615364497038771613462333986327988933962731232478187562423654268049149557896297340585077383094799191334817982154947242783907844216475402987432040141572585003370165751650816701638461510913502983762064987114358207955081923405217744550334478156260730849404780307144216635833331503999698796516050402531946415161294549167554973649002068194388444695767996162106861184375037904867906431513287890776287373151001816372e+37
52 474 1.87269417980520535167700746482108496059214248678564628649548345671765854720222661281517807942325845279342120155325103825627512518912842048958748565814327939290416443725800646339525706830290681379879429984118701913704852400642629971683299513835758459909910515595934073287774472008949040804960839045775986726017445756361884907904519650493984354948777995057637405137497361471318653037308291875706212007519583424684347413902401277863865332786059414118448036587595709448758973171e+38
53 470 -2.0747663045550668000269974578347249164301550856553034438306793713901331822297043870303133669529248693946242030708054822617865528260574245082703848630252297360331860558856454995849707230276334131210899221934872474138723569928860591512357628384779534852723591948219639474823235276660794819275581754411673085403649326119736242410356202972098985599977776518087037392745855686377851717218222889085238174077963456970890948324398828412575987032455268737689517292720608173499139e+39
54 466 2.330593706176691085862091409923842890928040293067668676152663781809406641556196014880762402916099918865905043649354591489779177327024848710407905496822197846405652932422978343236600125638558687079293395364537001026684487124101558087220904665043958522414688433624278258592570406400349789171246275354012071874485008575683689715389431899781686561905960802514809691782429302100703434168518853939488272066758599676690593268897780608337098991983427348451086959944229334022e+40
55 462 -2.65371345627310549554808620655232140755928221091719228464678183188064575618856499445561156347752839903839784265547006720171127096697920091867346941559294398823562951503888325698127513139493531461462937809434151043049629034786885028261497220513367873843871469138892120087274965082206458205831712539177113682644168062605174172053435017193373299172103069138643500456318296477406556624175288952253225648745192305082093683467105240527128240963457864235521682919140475e+41
56 458 3.0621765322666209305444358955436755174003826951883939744469899007621038317513977324635649737829234312805968726222767636738976543298963877129874451391371845130971528288177189239110600021129003673123541259955033543170300301801871373956497793999148339050968667689434066497355315895715175284696131881325846629958787328220493362891761734518465340143393573059599229511634507998623435068908951955039821902652734860194633986705344595346388548602165321071981192620301e+42
57 455 -3.5801175834585529209446438849235168127266549305345809268167390999897030489802410927072613814415023098577406229152654601561940552279892780884932279875168232324560517902705966244700216818484207475788463583057698992772041659210877834830079466577018577965196352427339577932843288123514947270063555173009135629910836164924664745186202360202140079048145738485034855496125593557801479404847487498689379242128053203128121253614728581010878129310327077886534481009e+43
58 451 4.239949145098411699825879313412862852885562137304685861315227806246448773838389149333386155975037088637204544294751670891942280614204665934646724056761648274104450739971745184261639755034517086272228891211944942741402883082785333758762064463270527672393110555949778429215662668701963351083674676679580602852807705873548232096210892287577409313885531455834128005405049926589558585856499644633712438067100205229700483565388901374285031957540924542129243e+44
59 447 -5.08544362733270721301361615152817971414557168877661511126175039902411117692852253882462792837694838414960409988946376283847536086276696212636487047096963327161839976974144508827682544034724782817765714766656665018354854301782653747164901010498195183301382428782167785084263751641251555946807724102987239854215486100338947344156445408821126856132157412075596212285044909859374619787793157385816406786706741501411635547274946363020680422804899438438e+45
60 443 6.1760870441412803036856783307099344877107835619876380151526835105904595324853451175121507792932707099110811225145272614481692757416378544910911439335885626989402913532387179167895621383393473709008555893112987988618206813747156337207524455371797248747605138537009412961162306797952152803405476810046813127267450401794709488135549392211333215030726399185809586318873002167975903738201753473244669043070567284597250201098583506001137072766197208e+46
61 440 -7.5932675185218997984663493055345619819057662982237882371928495425111191739371443570485975008837364548229279164127956832888146601609355066088701250030847884547182962159469983220313238404517299141179532226521049756834252608981963169816607249661377278777254733842318068859783382259445986418725079826497291925962038216897859546226294167283610782153802281459772054468615086000029525165424568239811420584877265297335586036989511564143316585530915e+47
62 436 9.449129168822783058598982484726594699776001795871830578868862728139218385485946246099829962902856671073465535582242207666704189252742068322686325466467104335197466835799602165312446408885796245324322725762276444506077925405675486645305557554356075001156180478234511432505808705684201033117801629888515726072714048587677304121269856381216390514129103842112431832471475100831228377127082668380566661466099292379204763016204831189023753343e+48
63 432 -1.18993243625651614698229464495272877302661049754397717032896941445217535824572631516883783466379397203146507856544389470733307331460395077028516793288857229829562660274864362665564137239031656035659770221427472703438711394099007864716283172855384875132659276775421298222238504419163299478242198299090858894763620728719259757358151390806584036757921583997462129405129721165307834221825964774852721813655615587106122912977690875011892e+50
64 429 1.51615063054057853361003312372539648890645070158588441306870559151565948505057527433339867195918582950951918543121925367826249454102765738761860256999451192515976043220804214182951326939290505236388677366171432669687908632958704342139595090043189885354764966615881514104390291729960654823245352811181020986296344174002295310301397251541916677463056931409449825615958233711296421617502261456470538369434323200833488419918526262576e+51
65 425 -1.9542331456974721367499924485079222904842925640826696490054043744031460338388658941870629969182407130798080397159786093575251403266512301784561270842535149187857718285578662004664438748810748083971656131537001564142541926525694093356586465411934685925999674259090300968686814135504522811950197935365444709467108540682653452018794878685022286620566744957556749999305730541191867575048836866359681513221683046868026826485203542e+52
66 421 2.547716295110501440369959694782432806132081066389226454128457179814177433241908129435264134433207003019475551183208510017198344318628812111951576706522249951376433311804122270710765444510677622255202552269202918083743626963205372642445132465737858644070939888937570177040644813794498104212666364233556533379679913839245879127357890962542808189949715015213810633713544503824263830130962549280063828887692854483131699081073e+53
67 418 -3.358885923281354982571879698720265527688977264058118988129972936788353976498419608925483627291615314997843329965553251499897384100936294536766661472415868637039552325264997066828684002205396707292209485464907379878986425453780035101211168312081564452299408242725721060751124602662457276818660384988849376885200539242608123742804456196562100568468519868269154564820666549854419004394992459861015638461464678602346033453e+54
68 414 4.47754366668892226451209365504556537819640017626986792676938498454858947217967247187133760442490816213004955824407011315369864002410019940634115729143034420445607937572733278178714227810216071688515483696154665512456759142985135736551616526473927809452593999174781940031765585010500257994650619974121135941618261623759923244418379470206041781386210231340228600805652134311166493997241858048064877202289135715734975e+55
69 410 -6.0341714134014824518247645063296503010218844085604932072886921450167426488286115620230560732070402393602526756824811320496705088696105091825358901517146285130352909666534883491060171795837787703444722158196366805184151053948848769238412397779572771730458543199307985750597770014360806508379209775336222531454581066516170925502411308785959316642087390941372515156495210609779975943997529089870452193106720636248e+56
70 407 8.2198411951436822532204041113264170816868143107588978684210626999137490506999957768100078370482345561338084645915456528817563853243139121644363889814788764629380032940026941909739369967211635399982504531807058285645606242558413625842240682492034721769283165397130414633316087867242216423256514060173332150250681254362898935323549505180897217793572411003650914868263184341239472961664476882874440063953624447e+57
71 403 -1.131654148849706031306997052773941347775754000341735572252033268559481005791233200035990338852443562956564653848982967831649765741024517050293194005227826343105144578804609416763533313570640484718185277126645549474157967690574011798643229862061638752037499174420671285855759221622349993339660933957098868718805128427511303916247153953235966234834626481015046450692198220413310678839280563519967139058979e+59
72 400 1.574369941375004588685904275833003443325720036656078853449390795713838346966363437697364616375924340244297242398627428673787445907850156261199561629173701463131926862552576448722303173659868259233368968111822049897289015773572552793946277895424536345276312967205914742833032202194296337184129366754394617607379818776068193956481822142004806579135423139235742949603616316460684974963612325092133569789e+60
73 396 -2.21300585998253032686699249707166006063616467270388825448671187812192145019378407247234558647747524092034996716577323276242605771366878240475377271368015258126704045916041595914905754046532754918386731220110353291288144423814370002880309226739340456446932924680942257343917679393459784240133548368061128169578998285536030986945182370659384397483096827698878369945237455785754169717017706511427444e+61
74 392 3.1425526763295822933481484094308526749069848337259079346544423016185990807170299149567757698885515856544931331681580916582852557832564368928127598455685651437567550132841889089591255359946686472090588787920116404167186443872189031455299221669310550919038759462017218108513031962046531558493576188566268774405397742456947136837008972217772467479414402099452931437961553541643454742282357835577e+62
75 389 -4.5076464997615481154206939613249707852780262082036694172673367959133611309537911672938723933298731366135108997523747009310789616667616384019773261607060227389497472989637037898823953370671842575778557258508894113442079604345493536161205845246378772824971212621639428251004001351082068745082516970323147239623745543943294208442636172108754511539004271747878838400858671242242114144935909523e+63
76 385 6.530236987718138374423893418551840023426902603173277472323208557212323426555633696399699847061754757708220585960457483113359414104930779837718680268647650395740203845418514984884894623793637722952039781371297799201953722457291426751964758879452761089242346997016209589153614299725392720350124339168316767482901105309086059333828740899360534904489448953610526085257662334741133180606725e+64
77 382 -9.553572072827318708145226386326075878908184956854090996741452117461126945149742479565582497536765237628491805080944638036875754294180858264583787195121857610999111711350069806825918491035061608841326261837189843429885419910472384386597136479531416224383371372841954028156810203077659517669383906645746027062027635402694656297367160680688598594296179542911793544015409960199950295889e+65
78 378 1.41126210268663446399116460018391887530893630415500473473653569363489244854019943687457781882872982313883305871444452545794103549099015360994582536492018743639856634933283359616566828496518776108607704155180562328473811440662138981812150217869330320842303498250692771939243459931861909879711885082518667589658098959576465070282944968820482879811639337249946172720686471796325901e+67
79 375 -2.10476320128722123607849771456019884732245619108414709380777227314234363267655453203042229422736433963388829673164562955345409176866969580321991063982061061626375352545965266817270916256567579544305292795466163100686466174366918409715731142820057531041399802463563866507758202666914969676691195854356952103342343445727253108542480915666417193698767704084045141714716882714948e+68
80 371 3.1688548708405682292509532545078270636171746783401860216070022768170032433321199353876331348132282468687767759528026224400285152433695584196370296142786651658586908341601804010779797099856109670115701637641320330367477315018512867792936624040525944036120586332477722532705039026919569858848986297577465510919063117491712613537849045031960304672743803498181800734504921929e+69
81 368 -4.8156630836340644486529645895614395201616070182549149062947749763660249180477895958761275168463888805112573781358696961538307791045468813004401091997296420047684082681678558769466182139412037786596197241423184485621289520979181773327702278443270821840239466223602838299252705927199965290601372891529396393322293743698330853858381234969065252619518465799665709580089972e+70
82 364 7.38612654467418101568542026950243460546377654293792776082140037262065779226359489716922603260946536747542563701647958987773218274717208166567665505954055240333227906570545746571647472956419955956749619447742062257007678379328798025262196686377180447858681837902012451691253880561022203933985129116945087042238437251368534351247589754676653069532217199027871731669e+71
83 361 -1.143240742420662295392160179509494942540769262357563183016067584537386843480814640013131812738166281606987127895994122972975483559801944588263915110651712230412714166863987239715156111218152168609432050995762404197713536877323409315845162628728803511212493154540799800424864717651599014458815322547439994214333281713576512761479120216518317633198312737751821585e+73
84 357 1.7855558130293048007203551984262864624259021472452771939499114498009920170907539855250293733497216605149640883643876551434626397617639195493453546106056015313601675960531535727014274060651384859443099605286547987396251000444057471122901394882098056949541049460929808101256880892935959004432380598473470945652052785265212253135906078061687947925507999546839e+74
85 354 -2.81371103638379403336202782305619225434611084371444655399431348385465840519259244496273057000762183602545881754778362010631406640828834771300351189567481890504894472644417386472888719779629363578403624227575439647542194604668169274325805779191308229245993019407676509291002813579211384728573359639030133509826040407283980543265530752234894363607086535984e+75
86 350 4.4731394980733252064286049577573989953322537950233963394868959722794989548981031473342111145082274292118590688440190188821804974595306843320245130588468210550857281889313081561067239143524427333681105975384384370574917983145447592915840609567696164768323047894836766374036764520139542198732712560056389934174018266437162131014739048045472716181316072e+76
87 347 -7.1734786959984597981059062361624555649003653166516014678516110638019691361562976963227209389924349132762440488094975996650485092010798909798735997021695621578758426630401600167720240822785497970941185808873580214175697792622992104776668049259826918630968677437629961997736046573221636297003168799087224800293640631820902626507505647268384845176675e+77
88 343 1.160352904092428088332954752938816379012073607337847326798445134163471101262555732369242747446392109687449585349660989558406967367807444287924508958106192692242620672291690356407462263506585649887438162321214964099629616233542170076736316134891109052413056571490130963553022674890062865695124673872336538487684408629211287243232318535339118078e+79
89 340 -1.893009044015712516883943118994567019172991391425084571708981277714063895900304861841123462848900487282512290959677024309622710345709170000098412756919334528029007049244922977758790661745232662004421532408530697922557925201509710239224376330203140664382593989483470305131998849452815485866080662779220951587146682894040079066860795447295326e+80
90 336 3.11442509823487648045817275922129441359272162776130481868633975754066061316690142189757543349538684209225140598332193350578689196890883112847503261353189710995290941676016128106360570034431095638600712917433707336798222122608588797399464939064793646324854547092222948428008040082650289423609284982041240577374488632195092917059265643123e+81
91 333 -5.1668618377983195730518041241946950265814626098963766415680633514719969117665064366825201614052378996718246631710356819723845289289572225898058092564495912972728956018511459945110063022321900810592994177405051573848399351324100098819513986891983319956152247937907932559797994050736019745332445277029287627210696198199303039245210471e+82
92 329 8.6429409032685918791049534991319357443331724478781828850419919370653672061198612089278743640857163025829756094231467335856703739835640430990625131322317030932696780784140779729365863205153621926460472728291605823005534682053318375086216449444718517182729753722980293732928680527622410628537573467511136849581211878611655057230555e+83
93 326 -1.4576214801037670468035768237317350365166004382501464658842135661146023800394975996609607143764624977853747506378643901955018594701251454437639263275230672776052349960182612659082777053954681722658155799398009681313301818598451898375834946975837876714800780755496938389656793712685184626538898638085999161569673550504557687451e+85
94 323 2.4782211563053100708453592290669576657088989673460209308586945524164722316694318888739967300668708687820433851845069559248598970594028400136391375539627111130855802194716013718681301915896289162006751745793599270288032212988600356842792076583296621742898771350539325185322070935730340966111188700775291431318636580731835053e+86
95 319 -4.247288509534510049643651649543682564650811832356369783478574640663944005386850044470230354673556787109199223929426000668864199305467226860224412097562969668387027991818991105875950454444348559483990199087135225343548443543246867538600717960358685090044747770101181525743147707166128608306474645084387380049978781154333e+87
96 316 7.337108067792130974649785072215509176088580951236070027575281974179661463944765665290413740439219368912790110000005566559119959173576100786602085753786078797874260967849069808082413525699929419211575208783767085739425896682783903835217434377577459470410385681337816559681968692525382777021600911319373357179554144864e+88
97 312 -1.27745401836523629582063690531293956416675877708684195271670596836223076635186839399691299515638004374336902529652980164525866699659733206574079975406478131137053388068754648533195787073028845192019055941222978373249400354828950765954752550653738105176987055002532745603352186803391429096477600772194757995687337e+90
98 309 2.24150282274450595655630107112188598535173361262473535906222824340685824606831259707469992862558145612094465546693606002753231709398403190284481168412963024115401651523628692832756664797722362221589972779399752030491088576777058668653044647141869549624123940105541053688861939280547013987811125676710916179248e+91
99 306 -3.96345623526421219489060856964732734056265371688380240303131975465297674875705312423128606645381892276039561600171530501887149889342943616316717849870876530155495068445649598678307117802603935302135364033115571996613903048519145641310616670476074091922467506705753596708626918309383363651615016658347509892e+92
100 302 7.0618317414545183405362787431044675299780108807796606348967326034122258169002441478460469813745726698202308429349165945354059281370453229279818920928716061219412499196186031710031141421073959566674605565758443991118821642528814097466749708307301637567462770335402396796291360376146002526720939236551013e+93
101 299 -1.267761538156769341067049680019566851917813078562165829013135279616414720796904673331505188742422651686141460780649492043977912141680460992197239355787329664626135690354275121361823938765969592192152455992279361137028838478200946586610502351745847507002677299214641522227513068846016622544672503602e+95
102 296 2.2929980277285068056671393173541327240966371117955122485685746264726522423952888520325075592281405693163365938022983298522214091467816317991888361793060606519077517110421727991512013014885313790395110401205434377684921180938602748503857023267871248382825704136959379266404976699602892349794632706e+96
103 292 -4.178162061254816059587139119305295354075491719259662945387575131511311557863243181949826847643919797931045497342559988624426406318361888850315555280152261668915340289624154431335190064356249271580912326600526407504143167110563374762987666451811002009216494146507381250267085444490102623350302e+97
104 289 7.669243638713897982303844548720974147456019191956885491456048427506990088395427348111352137327537394756953980788219521124532632339541962326783803812069790793415125449912644772284054230887662248749411124830322774336073529557910680258505272657642311328965582861624829367174180264867318963173e+98
105 286 -1.417999779739657839123931925096146792731396454101524238258490154059807176452944217704588688348682930814680631384096535570685553308501734155115106542768061043239956070891897946422905210587695505881984495674430443768106356134616227764611191854755267879982355791190310731163175440345075216e+100
106 282 2.64075087239447021297503084451837622005178094273685722840113919504678767422364419816435169029155698278714431304793318027214189732055792796882495750776011140548971931536518392471812671442795418149676866685363198018732970112652362133842318897175518849628031719888861050186529751584094e+101
107 279 -4.95311182975672162527316195608713380917658127105688963904932452491897720772279263669562660048961063632786183568077216810630056387159003654390381472521825434349301790607254967257070272564167271353538772698948832411168397642314854248626104963315670811138057053887235533329579101862e+102
108 276 9.35622322017296795835629872235985562180199703800994808749607681885394115039416599713568355953253427881449910210261320140233840270209427570397723069701937863232913586045610271250651303491215428053410645505069365682275005199565241731503800815665954701649913497831062996802532256e+103
109 272 -1.7797850803139695232231260889264293998540480646420413206541115645131979686956991506261687295962356316168868194777108266953700254241354180645137055938934077628728651580585015921302607822500717197511971445962385407239268664665746663062757145684132229125895940976862772702527e+105
110 269 3.4091992761650864965421747071304334229305254717506870743363318459718103171057037760154258457239010085714694073440363023018710868321613179670349455448201899331273643673941859291233882471165019413766183278018482058744278406222383556264934934193431014990059118198572282185e+106
111 266 -6.5755005370692790528836988377907382364875828710781954328989913792147764799651404232503857712263980167315962396255193139312365292738197415701298992486179554493025070182489854244245175420639291780589223799416893901117101294067389231054835381257054390072973532078375616e+107
112 262 1.276941725386120571177129845321140078967825174325776223673170307432352037279158198492543424724757897500409664907557321534866967979081738390871105635174130197379805849052885281857624286300254099368560667477962679580912011650660142805335915565583170422482795664926e+109
113 259 -2.496628043232067496009434467141421224332059683774333700960070536553511759018933913661554000282170767585668801481870835108736078886109438392650964251466971231712578992749985567816861465687126164319404926098727866008595658857846212748331621119332298341867880119e+110
114 256 4.91419321379015973666325817628755921051561735310804886366852738696734778670976124519448013134189199553584674330419388437455386468247469917768594927813829494186379515042043293907209291338997854802048838239278897903830209092815627440216839173312399094532019e+111
115 252 -9.73737209242156099509159135669686804826995550489435363697519618139703303412310850680728763797111520803820797587217966847938917928138859080034110190059098677220129671693785288974136850575131702597966903158262952472771811559275358882888074621808008478282e+112
116 249 1.94221994957074740697025549232377933037351247364212240953258650914845073363609972621766511053938750612057839602516952782276717090579173047545901829648087966672138874617327594143753081871739845216506762724973150508228571079625307788558815393589050836e+114
117 246 -3.89940656265446605462174889238002881737216906843401259330952155868879011539754363345104278993973143683633295584539393927729365833654280148867257528111841880256838532044332622565663204839778950947954372096580133129147114309445127213083600308264277e+115
118 243 7.87986612107245186686219774330197299334454280910826455182468673097992830812121851512530820762585096876392471015851781827589604513436473244571823421464842718488836965443347197577479077294563164593893880293750402663718693083334013397566180361557e+116
119 239 -1.6026419517465545729457304153192576246172958176125422156530011441250390157030091415250476957564941926048150036103915582334518606759041621473656946812120077132167965838014939761058626344574742845055437231860711323329788287796869549194800807e+118
120 236 3.2804168300949516665175318219166159907329092979982914121604757500472911287034851047930767025339345758261329538957436821552934174355165396656681248105336945793803123088016948005732404997219443118465440611468224735181078738679020176411562e+119
121 233 -6.7573169014865183458048190180414120272267930694033231398346953837650787946220401820086021738822380915562155836859190211473218871254151894353674520742512509600115738959707876997292411717626167833031872073669927946512489066470024496378e+120
122 230 1.4007173372232604881303747026029838332194178976168580561033101534641173290374439029088585209899917938043129207337661109830525011587694319667156642837469898352086344508522666196158195149775118994620622660958245045750644772537605678e+122
123 226 -2.921704318896809640639737186976054530353049162492689225482097980538444239476609878193489868401440183581126919012969046756232954482806858034480296419333332461483971912884792645470668784983836435290087720174437677274847740551244e+123
124 223 6.132117679665174518593264837464906774024436946635934754268015148685425493008434880883477096055319551655269044752508317252302063836909907840279976347726015886094468365214585614855394660916096331130386644819122950303889824759e+124
125 220 -1.294948237344135769116402997848174570489773934245354652463327434619376879680713491207347223499378816818047515502718966107147980117551106791655226392756606425617019258278204213285650956506308376966867871613648949486246624e+126
126 217 2.75132326760717687518413035154832635909025649517120676282255584926227113280378518803247032459948434392384778440300276134052129330996539011656528654597641446257106173455991595638476343232890112796553956819147493313908e+127
127 214 -5.881092460943046754218490443681408505117316421414323155324677991216736365847637364874498287585544379669408379752847242401394335598388441850709105638581760740833991106484615435104529852484999995506174658326574844826e+128
128 210 1.26468325100381531012388934255451513624050637378578428582404867208784207070149756717754629720625109645693668755200237725224331371796434422220048294570471456863744851446165336334460607322397459800734616438540676e+130
129 207 -2.7358570448986924497071598119588867747046070938662624092073375037763679002587525588968541221232057752590878062120360208637125816990082584382407436973974348148257099102295394419283381072361427985008922214599e+131
130 204 5.95351845543438273855077342461011838770724042824202851193744380895480968856977634378125526795988867301673332762806603515108742021393202248654119259271586547335628991023542867500154641961596046808892144043e+132
131 201 -1.30317806519047786377945306197733978268181853220395754386308176948182547914433905171945643329512241973241293019247743220058295791604405832686117399961312128335200112941434631726136112224111780614960402e+134
132 198 2.8692271901760061616750140852053525367155623710706063126106779797324314721219115758201385547072355669112851330718759150774906669165613535700833383400244027497730213850860367120714079004952613727577e+135
133 194 -6.3538780369466680547881315133198709553975350934032104342745136483225326252379687520999871057033008567115552571041854357472047958938588339074145373405664615119697745656631387112123445381420860128e+136
134 191 1.4151663104114085122567892575006894182327175038465126334188609736766784374193382996886293416851485909771839024820633179382160127442786463206674099473082262358080635965166356905494728724496688e+138
135 188 -3.1699537957570840504677539831334878601904754195113769151411204461683458452445806735247249428284339782370123473255309181885338181312840112750060929994890695845745311038652691463590367149846e+139
136 185 7.1409773968874156458478936990646659674024469023911658429557490942152437838059223492425546685261030876072642055209959250349912242942149040367871397850512198102787805090034593770347060577e+140
137 182 -1.617723682618475613115367520248555043926454294893297269790697195773456843318447618171900534133789051235001134646261283228123895262997154382038114871081040928874773997036792257546314e+142
138 179 3.6853260497132580350096493405936468453123154391856799989282653460013891269570617910184298625059990929709034958289731657750083302215242498717715587526900518134276326935528278927054e+143
139 175 -8.442198327104036867847240772521099952337929361267930503476065894215920896929198094148286784679950409752198579717567297744222885782190448579202293988030841126805822301110754234e+144
140 172 1.944583747317456372469761946288692705926796833011468144673080760838553890534589720997708923278625132882657226270939768939586257522878271935301952711189738750624996114432929e+146
141 169 -4.503735315437451561372753147958761694546302839785292816056193522553329536775130333692299708970652989533993933775743758032727293947527505244262662149001614961890256360632e+147
142 166 1.048764644629953912794498710304430574055074712207249212432567121643947934238800707238518958468710473848843503883449055513446903961188467123572759474760129279270794829e+149
143 163 -2.455422753908890703666868080260786809170934845189350783061208383958543767973485362406822131180741223838102194674773817351983377699928922066726222797815844757081737e+150
144 160 5.779654487525114361106248947031391449609670683757792058552164182023055547943576102225879003229153464523777677409093845421148658970916341393571611567899488633895e+151
145 157 -1.367695308367795080387672718745432477835015252829561528076759236486601544616313708363738123767022955911734077530196083948708323345534057602775420349309254709e+153
146 153 3.25366954808002523413355166848383463801975951217100087471302938682254292696509280457874959477385146047183538714745336607392620725940986365663520109705329e+154
147 150 -7.78106534864370913492214268414523878943986956902697623982941916492911724896755274195567252345118518906003751051020073358915215100012061088767042280678e+155
148 147 1.87055872397613953985925188816150727810004872199448525695216826147785610425901755454544106192423166234224727984135017201524758254760270937251784035e+157
149 144 -4.52017887115728581905114974583694549058718713197454286218608872838284365577794291752035221673692009662649704949690503644246551997117420805229355e+158
150 141 1.09793695400282143330969662987823735915644693697344562265368144938153511400343011129413749452598015322860366230618954028476934683041995655408e+160
151 138 -2.68054065548905531377273890655342327498136021500629451985592075896079156450250714572929636064039049792026605827672767184608489744540028362e+161
152 135 6.57773691878023845905267054827367535807723636328006093047924894761762414368047400075460383569934721665583064710397241328724025289961953e+162
153 132 -1.6222798658849179210455028166374974852170066066671494413315462051779697679071316790009980642961101414326752065955526824531333227965e+164
154 129 4.02120750419014747363677163418062183471681077348446800853736196587743480830079670210499046174393959240716226203462610955763572757e+165
155 126 -1.00174006139389050067624816350684741224291591317319560181808356831772208517158420790557225964056026544840894009140531080248277e+167
156 123 2.5078874806275072966875086928882355530918298103582796704355727316327904670850282376353478549864375304661964302270803449805e+168
157 120 -6.30960631805876661401920585748600559720122614268822128136797159108144084837937210068607124067916203008288040370433755862e+169
158 116 1.5952348017479514466283299553662018745476970772076129680464475930246701381152581065512312145541103801669484633979753e+171
159 113 -4.0528655390854853304852183120311776100006590720008485740277664688584963929411606680974530305465023177342611657904e+172
160 110 1.0346709358898070724971325398804905287549439802965731483642345593939837301620050544554675375802380318836443201e+174
161 107 -2.6541910594947333678500425101395548238814218682647465304500295270165407385202357660642418333559683837861547e+175
162 104 6.8413143755736676251499988821577174861928309757252249993258458159457589169034122650450121271653925038342e+176
163 101 -1.7717892134896040365672523794933506934000062222141494111773197237569602090628140236879532195224041744e+178
164 98 4.6103888046104804309929578086045794895866828273590397795710359777520322241041991993909684637974903e+179
165 95 -1.2053246582933958145803992601369370262893812087359597131245926265168375186361072621127060069844e+181
166 92 3.1659179952838177661441773004873684747459752369416566760276732529626866239253102309814085341e+182
167 89 -8.3543504951176746021966628817073455982451278159780823296791854300568355679534189922686512e+183
168 86 2.2147848702958549538083939724048803339249822898050688024150369842526940438818016878697e+185
169 83 -5.898543439772245821002514013075545788263103058155415894145761656070337210774834953e+186
170 80 1.5781238268807211991688526470178148161064385574701288307792780351199440905886886e+188
171 77 -4.2414001353182669513656455823859992444884110506265973560471443239382213146449e+189
172 74 1.1450863296911004316313686226460172389861800243563633259787112577812746388e+191
173 71 -3.1053967619976110416531046220704701490834026727435489702896219738170738e+192
174 68 8.459311811789685930335052172200747040135002536344335816830424269699e+193
175 65 -2.314628808259294861107033109791786992744306000769765921425816314e+195
176 62 6.3612943029644062996030768208243153130925612357570409091027082e+196
177 59 -1.7559695657496706664010357593126266179300304964068892843677e+198
178 56 4.86839160953126302168869416350848374954118375398602715e+199
179 53 -1.3556289270221391444963082086897277570682205847697509e+201
180 50 3.7911663343874135503574477038969174441333329929701e+202
181 47 -1.0648085711573566832925696229037971695896775052e+204
182 44 3.0034958119468576529424011300423409141931438e+205
183 41 -8.5080401025315333218465938707288289627629e+206
184 38 2.4203008173594519598089193390507922627e+208
185 35 -6.9141199157273868309016089159459079e+209
186 32 1.9834567216041710302583040453255e+211
187 29 -5.7136999640621699610471034177e+212
188 26 1.6527673789907720274364773e+214
189 24 -4.80061024059283123309605e+215
190 21 1.40011105443066882579e+217
191 18 -4.10016040320765551e+218
192 15 1.20559830812512e+220
193 12 -3.55925429572e+221
194 9 1.05502143e+223
195 6 -3.1398e+224
