4 0.013262038799093909540197815291275177625091217950349774623960602857646190392403319169494522853824927147121425191057054049052930657462311319784713
5 0.44813737321079612432117471688107299106242252575935486779956310537717544248484854701771841294995982552908972164645563330141545308609701552418668
6 0.29979363638241512124703683489499251003261541858004979418263988871962160052766255622829141426582982295657097049950590901570516696659632543300224
7 -0.13308228043837924079921170414048554201429767999380624188987214182930412815021814008343352107354797039725087661434599261938843955126483088028314
8 -0.45584896486286084197274355856278044571507090203046946981487713498444484113898288674220934957356903182614040893880003349327734832130386064985403
9 -0.71587969247467097600897908033948065344048302601263183665370662547820528376079677739169606239672571887598194652327069195780434703960725255719398
10 -0.97052629599180116748719769916921804393847261028789132882839515141092197866420563850211783816485397147539938257836648419448485656353848997915052
11 -1.2603065885966335332093672435193923207460856572456332947578483847362652669739658403139126911685741022329152964284436944322635455081375171053345
12 -1.6252684440706684079785656886161072527661031537887889993677579409790730325262009067831115514279641227435924359838837297495930588775455587560145
13 -2.1259880842437712803667524469898406684664803593016202156712219194618425834399864151955885333783682659715217626044316554980400050686952355888399
14 -2.8831721475760763091694199503644011286017662088827242119717118347273318685137347800090800649561533043856919888111891636992242154929127691492133
15 -4.1989692504792098059162133929577925082043814939096512650538215980576274556431081013530449269210385539774444386596285708727899995280837144259108
16 -7.1264225462664924081234534248378535979638554241247906986645145475398939591372589612911291560587221013141071914341279727441196967697675242203672
17 -19.698618556413803101384847578835600931852246208758721997235858940237549650234937420070410387988666539159947169069983885137978015616792066705373
18 30.999884224923904139061778742808628021035763672425017886073542549808706386179098936723584969702296883830763364626687965147549439759334182040894
19 9.095220070140089304677218121340455623941381018810474404325415567059842136464605069707474765554866296719667567350783778869808833256159656259976
20 5.4599561532673654976368546873251614945743014569558178581562538275444245333636298268121173824757931526681782051856983064902721734746299176434244
21 3.960725227008861973888365607221280626658698701011946506847566405067130003614166274472700108273126533502007841107795345260510475863952959143705
22 3.1409343051347611058287176725332926180911510449374948423398327294071728997932237021095662528989465333375012083446382229856714280270873143337414
23 2.6234415217608461875149986800433310713665474676616096141177790267356583609403992478259798232553168017953041104210652480141912995739983469868476
24 2.2668469515601261086328417140383025758661928732876483565200491732283926718905519757194239368646692529244154341960969536544417761463260305219687
25 2.0061540469528649762727582942663964521508934572699480725290326048028417598415161271663962033820038255348418766133775884928209524185343713264037
26 1.8072842408350692596135237061189656199926798212979227721395356129301512675280401522127215731295903790176709240655635399311387215076683260757743
27 1.650632889483917304405530791576932708506984812193987687649988634954973748680214176844200022888665674757702687701861046803653593948408240369189
28 1.5241138890776272173807866023617114560381099569637443598731807399591998561884110051563131414140844510694664961454269056390252547715306307874895
29 1.4198651636564307558214940593142760367349618424338619015747903511630323188605457757005861303243018672595482963304636981758125546557234062608911
30 1.3325480154579880230418046989960576944557128639696145359310165937408767754485344514618499478087327324097645803623003597698968359036905406816103
31 1.2584076334766377950688506397793029419494829046389296927407374364549150631048099758691104232639588267667347592421621895070001573672647962569612
32 1.194724755088134048496739840247162674756246655414959363516976938904490466047333757014533885849539851148051376352195659604613772757493733530116
33 1.1394807126278010169152039080206214438396622310960708774037726141018420241830606741041701712511259328022032250761794656342378418855953728801274
34 1.0911448192048582931251251117838203208044507521013983341138552903759124623283139919957656435997759011845321451820576056341828621615284594627825
35 1.048534907303445730574865963923105184924573664478316950803102288777825119365396972929993466263052307529557833038364400181802418806528320399563
36 1.0107232160846496710884074051497905004805257677292328035816057754339689568982528901005304526607806176094026708372622747579561839083268136865721
37 0.97697128546515980224124041136803844705103386002588216753945679809239758286969114000871687811416263427481976680527603120571474704117076626592451
38 0.94668392047329237039862623524195817733747074698621732776486106724417750799105385228183360258412891280045942113908632881684667933317114406824953
39 0.91937600125633430176803960424727254595948552479779765075444773604881739479255631400873390332684495779730891356316146765766657169212173949157383
40 0.89464813497108373758614315719680850458181473507739941683857919171186585708052704720792070446260301491297142245594042073678507542010945032397773
41 0.87216851280931791237123539903774015088496219542981069950081503820114335870474109229670684316882668933503168420071557300690829091483440897764291
42 0.85165919849239726900618855825174168924549156300851747607329394733610229207178595664290255446143315110324333355765751182370413135267536536735104
43 0.8328856320762240271438037491326048050097273557114948974568328911284571679668448930149210910478196173069867565831028935681494194677010240492565
44 0.81564850055091256195601941118421505755355992205543130721777786095430868779939011866220193167681112965825090348095746488050066549012632130731989
45 0.79977737376019514810460706505859270918824651356261796711912067652486680108707328815056797080054589349221037803605858836333660565600068168347029
46 0.785125673042731035513422854749416764138604499150378883246001558752109254639643707127973131527006165692766978940638115036121348597157178826952
47 0.77156665727557762533210118136943258051421876876628749936571935334390660781677055482426756380696752788797251350846634038013658517524598265865169
48 0.75899019363501406825858137293870154973178001360991997933132455562364144755182072868890919028471991565094349672617715951574322392870506962804498
49 0.74730013940061958583853382773724740686882647099545615072215285667056116665168736838811039455685233409381221662247822165716535523672316830428898
50 0.73641220379540987311048882860855047786190302677050690208879412451035503762070505432453346892313089009680124660980068817418685484707768942655157
51 0.72625219006258420407196488793093842160619752333000566301935472952725484751562433239357051579288619559051940070563476413406455098313060165277601
52 0.71675454105232596839560924031261870242214655102057746272448476595924754204648707022183216960810980574762215703543410332368822963362936749396453
53 0.70786112882271055571117227489062546496861116029841121322424974874415051811827916225376640583872926948207307085486813715668340356972128599595523
54 0.69952024174786967105527165879729636230708290939956873965700736720410460073389877703581569906588614566251917322999526221054178799805420769619966
55 0.69168573250487526181024837211687880529735881518250991247062879046142043727683312551970968637146370392347933461524352234621452321409564893800824
56 0.68431629788578372453806084623175773497910378225118726572015757967203450964505731424337767963710211479284234602457343011400796886787672523611342
57 0.67737486723542435811371574702411146999929433454800134111594154163961412231699637560439870885242864399052318587842645246342942556761404524325525
58 0.67082808087310879096375389492024562221346934668104854877535421825235459891934236653511800212673493334771725559071137724465954781188889104911879
59 0.66464584342933395461717447349168588630792345916228071100649429436911081640150087931668194001694023735501455771958003232442293101604537479406877
60 0.65880093984793704294151091475897641189306855295535443954646361702731183241755794882276320178786127849282327917944187848135682132266709362502759
61 0.6532687040428167733392037651761422315930921781813593464397212298703086154789752116791773175992271770891802539722492050367304612619046377060049
62 0.64802673198638487885446269291957225547699876402916111015969557403048085919631543055859038274880720224547331638072815211837499525870616740952607
63 0.64305463244306979900815210789071127815412282435629387092970002682468671283505148397005136060799108500521274344967389369282888694563679097460565
64 0.63833380972086793993368883618483774481155699959874157895727253758934324923676494377367453207558498629410324026581540425143047544678110159262863
65 0.63384727375510934034824195691386482998057136216398926553125542121478770225230963242104949316390389901308980185203752350849394335439269784581232
66 0.62957947360613902781770257733199291926853758666635733210500130342131045244056303899664044328637103227311324170325113731815820540422270949966407
67 0.62551615108143563722386212216665670578442039200808747907154677178258733233524770805999541531381203082128527867833625065226471081181863269303643
68 0.62164421171013437428435561050186671143790741084739575689318013308061077283867318897980120962921954173120304361409937506857929459170688496909044
69 0.61795161072551169011275909616239889686270825634250327131650648059230530304964921974588160534632360813469444881296734520156770101151417632955309
70 0.61442725206575114599827437171111207000046380188387674643720697139646668660425182582070160417654116512029137929988570875346812940695404029624517
71 0.61106089869878365615565919022814074537144574209054858372190545590216003774270142370318795816801538034258633390783663458392366778045736523582964
72 0.60784309282399884423223619322663099597157751264504670307885320904039829654388476152874022706916898588210612565904906908873875510283243335433219
73 0.60476508471084106222047936342881635376981870099240223304872931721015915274420477788449504640466289425967456149472133462654855578700018550283302
74 0.60181876910873427221699593849529053435138884694378544535296370642868306300490900645730214257562444871099743900804537608011699740857729117064554
75 0.59899662831009220792287231239363889184062625278412659928894617402472873067343730912341200968866981890899783272689767024427896792647749528351146
76 0.59629168107297130038387026058665694072404733043010363593165732581180612066828744745251420176817272594934449932458228271639231101987668594270231
77 0.59369743671597366417839446321947812984495147949140995131639725116908121811755041391433896686561725584561698276020454988890304294726294237445384
78 0.59120785378838589157685456790857276988517696256856015661228264052547231735097331036040123278342444956618908426404708512179183284527103653102201
79 0.58881730279577850967965512368961167293872873300195529747151017662739052242954808284893493277494107176248361466717239943996743584822498884551213
80 0.58652053252747958335459340839645316285625732719406824655659478693533749667381959421848038768541505500916117994027486319614522189060914862987122
81 0.58431263958920316654951857106857936202760749892510434435590965894513180006277799076457292434221919897077297258898572385172392923380451201749782
82 0.58218904079309501463283984253079176544110770392402727912754714907434627048569460599053613611838339946364253033387655797492857296040505699763995
83 0.58014544809975034326890202624572434583176578723397408866293082424540638953254518217710570261841872623644803895643166793067174249226403622088464
84 0.57817784584336094188767125035769206765855953437139001673246406439835749792922440402710110458210825585831121003616483976037016626745824399328744
85 0.57628247000289920879807986558120064318389755514621850671319677383336249423868476747364461876360191970185368746963921065006433430863474238513616
86 0.57445578930984856901963672881553863953886760627800251863923706601250025668601634348140274202607989021939305882828202022688994325381350982799462
87 0.57269448800703643377434365142966973083170086934136977640156206864793612013024990728302970190970187794233446378076546806295248024524763634641939
88 0.57099545009411854554425017737971043985418125129604727550770722085694530858203706549511172367488869413006643033845391929192529698254437659394742
89 0.5693557449136267745636858991501132915472354267468842507277655972509814093590672045191722524759608571805840909257798654265351133066973736198219
90 0.56777261394758672079034069763369682437032219371650650112114579069967488109820901586764756590945715805655837372353412773593795983562367140613259
91 0.56624345870884373114147029335156863564320080171880540097398568466017961245335018860920304458811943547313748421920349620211611609271069043093379
92 0.56476582962366802703317413231837276401108898643903012115064990045163859344114998269467514704693524140098808219236452979833721451826688406920988
93 0.56333741581316549176218193794712395085189595358566643315256281083057809726635812047090921784465819120720494026245303117893949815544975445902941
94 0.56195603569069222260275036329317962521497352537556385920511294112627661771263154610908342472724501614224764155927525520135298201216299133181046
95 0.56061962830102305932614013437762148611440295172140884659062376030430022872700436814780565691911442667498825915235080607425225135931327778079814
96 0.5593262453345988445739892024771751084256478605093882098737907634803510584096788269715053777337887088943743555924775012183752217826484815112548
97 0.55807404375689651850081915123532443328390268237961396021876493525877237343167462666787586696436728789635041192388694111452133956424432529993304
98 0.55686127899893604045752813226639991559107172672503380209192452460374668672016382425072881638427082051660707769221384269055320738865883644262918
99 0.55568629866025011193823004746275458957748914126734606031049136570610817428497286289678599719089011597864132543602461156225016153819902459149239
100 0.55454753668037615535069014579228560628929015415433825067549424609322102396252886779315805587348930507164106881328279857818672349139300157324784
