4 -0.102873629777226888797279649050857058506541614616873651585153965957277677038672829317583955292949226487503424885876551615379576387321531178
5 -0.321542822846732144343214015325630693301618781858338864996801542223353918212638375511547531860462571458683448831844669268974721712589025629
6 -3.1517751456498968366661739360223763095967108414407642663211739935166557767232698383894988869809010102360115261598566178714565109098284036
7 -1.26859901659685824741006207456679297761393816692408672556882492223366078337107927985961966316535937748260346900629089741928137453312577366
8 3.51465730497410515812138236286406302988947757747516686623449974010910562125965995306526343430783978363570614290026418907106411000416387294
9 4.99636519466945159288494199892290231863069995198931776793281641324079933288034096347033997811714738577068012753823786022251394453315011306
10 5.2566541251293464332484660578056812240050556175124879300678051722716702337328123829377977080448450771414547536420374736386395918279746152
11 5.24546806786027937287287869964867935599763339386777454372946047349331809599509390890909466145197004484442900982985315680044714016750176625
12 5.29475223069969515331902767548360918667975407960036892755459005702963125122197711151639450840481863521877704541572196128541498100871899395
13 5.55584751343861833901370724774501555769599270103346156798572867487341266764569103631212435763936126100458818198430025942912707814750764092
14 6.19209101513729522435154665325370034866891138950227756349727294134278275778339607301345845793008015361515999139694730195882131228998902356
15 7.574982798419641555567807336262135749672042501027585154951590546576922971096594950526913543977789241983947199016253633328514201036117291
16 11.0069645873257298935769244262403486092288523622527556625670351894447237772722992517505863827045277461394854350019269833850669510732798283
17 26.4795666077501998627064846127850105898497247134066764589242438538265318293172942361674763533252442356023197287388737204315250586377376489
18 -36.7792492527892291840668715609921182237897029038175958443073228609075237807754108084522494224095271258400567672505921906751849174622806296
19 -9.63885271954998790161943827513638177190073587094820748490397521885270750433930210489452742740040028676912978982919202296205052126627519026
20 -5.22184345043072865516271091349599509437955543596441546834109462446784319979606483697877844443384221256447363143122418187280930190068911941
21 -3.44872464622677869803149083455071124528435536185017749199252795114468111698690949867462526471183816920464173068922877378277130831118926797
22 -2.50896813875097890426885144605384639648363488457536484560651992163309360086521635884545127466078137031101552791023624589180992749365264512
23 -1.93520407812033390808189109584204039331570562549632666871803046290875189863391179886296131389697597347722959968381280253597088237466278753
24 -1.55309498917010627754278054009291209284621331455115642455668944278131694864055530894853691447041460658443952602152603808679555149091057143
25 -1.28308545033612032398769795150191070552407883263256020143805011112519895583972564524630545210557184486844464788352502950706536971492747496
26 -1.08385337097046446639993931877549757846164201962046468997741919900817813760878506575545690942462571958559302277274231356533187458059581997
27 -0.931894719910430001453072302449896029501097030069270859514650498260346903217822090903339436797988857875474602587103093304126463130508715257
28 -0.812906904293120348671301997160664466421636847771697528443961675182239526471505765793950463486524036753478980192748987665945304921763868386
29 -0.717719606873233024301413780478697536384164622154683420453894352021374165107861466732184248861249660262807988176594275161333226377207054637
30 -0.640202472274821342948436662991469371967082800093542549876353594603824255127760426596090820188953242955828892728303486714055657492438396117
31 -0.576114861521737730445531922753770843746590908950206333854184790016685799695457071033123053615797693734387232533142179914170218160557111961
32 -0.522438398302447743851589685238935555761714845695433701146694440288035591001389786133233508397518858573423723572765370552579367143504794508
33 -0.476971989658092457999431143228956896013946511201875695685865937337075712462733778101458770445814596189357681347470381872203586609829161568
34 -0.438076710029321374954357632304838237949368333314530683194335994825384422448976539827831797270090491026904476653166706851700704454720291693
35 -0.404509864316416346606446644403826496225082641185882780698275879913012412447395277570703469107097439445756907063689007194339586073692495
36 -0.37531403028679429144914114268571908588918126585956000602044547458095236109729804865425804806163917111630765396771067900950766751022642128
37 -0.349741051057249894855699425693098865881133149200891764094565872736023625586339358212034604057373434819699216685671685657250208202039287176
38 -0.327198849087029341648652000296546966751517454571660535190334264355427263455494909469666548156032766169450762588347717094414566813986953317
39 -0.30721349908838696472639394607761290165015386394962386842021270906675815043801646205624656105216206532582484934033973541612366664015671199
40 -0.289401720574446938057694964315490800653554094705770135578638041124633443754694910479525029390375447386838206958742699809606041833900352846
41 -0.27345062109269390239456491763965665550557373916377289487976631249463848812860312632195294883236139141139498987640126598064860307069601207
42 -0.259102571566213450751905029827244992035119437447747959954967038364500389221971794050400302448270034705514194950795644162927195294804129795
43 -0.246143770662009113434668919709779353175361171864018383059665425547880749497379536041707023197525106586847318040446209923693255530456897817
44 -0.234395498411196202341393024478821291446178359838373710698658043770256384647390646147038071003919123778968175049971487077810538495366735555
45 -0.223707355636337632276945335192913940168320316817249513772208671928540666295333371061754525014688233857955470692128139590038838462631323664
46 -0.213951987180857231863237096319808128653844423461756032301792939702106400873111444028072987203375267391612013530644680417310563786203820589
47 -0.205020925994905911858864468297088347420838918293694213376263952079963013528601838261166028703766742813015371983376695012719343777606092291
48 -0.196821292498372962877338368437854541688626460878376677171791931110517575729188984779901643614249472754204128205495305767792755962063866584
49 -0.189273152713212190624566084220473080453532768246299550253187549412465201601835374785821678068021952799987064438795889919951592839401894238
50 -0.18230738825395328846787675200744289020069092354026946873871265245182871711155178830944796817355057862170863091514295134987247470359985259
51 -0.175863967281536713302849868943949308921489639948416124639074850157151283700239944936954129738105154315627720096187672466141064987649050323
52 -0.169890531955993155206254505935575254566259724462217900770769117246196442855349351857675703526602800587079028880352704860821863887436572952
53 -0.164341237510480283190687743134658430410061770506051426205279314925032597599864362271212666999338423470272087284794190067483649868491986514
54 -0.159175792718648168410892077308659322185776237257763303480601357402438561089666660544659941788569993393727892764918603230796926689723584519
55 -0.154358662578787838096112415302161243606070914932039186247551797903637549285259245901243018591379752621908591298736291274381559754093002958
56 -0.149858402443313265155932501031288506499576280958654397779342986744692896460778825000029347088415267539683573589475281408697186441683298962
57 -0.145647099263606096015707495928814201343514746343085812608853092547661960963276810744308288006512370423483050931959741686786061852291153991
58 -0.141699900592633889021062752927308599642906428390389949560268056289844414363305010551777417193283167299875776406605763026923753530373269602
59 -0.137994615852398893451751253532035655394532693048237950452433017054871819625890352691412771545498024310272836760943412233608744852900509488
60 -0.134511377396466942655690123750845719032187014860800159630195387810136848271228941281297101413994698921259765501389233015496658803352166558
61 -0.131232351277345040978111482425098667239540473839175720450505970218618745392656742748170256744521415356322451896517536895801504876292119888
62 -0.128141489512330960690895549212474936994301119040991106359089390373212350970510659432415472224428475543454295875280929473224615168902529139
63 -0.125224317141204949480880501274345613738493698058556287767743927147227621154833306414719759988471601948593167874399942086036944957632932865
64 -0.122467748569426158705734757567274702437927539554492577431696275715370865570120077627074373896689484949560839771147266407996265134348332731
65 -0.119859928655989691661564504939424144583915486998950131101854862549834963580679639787082006354242267759798869197765245044129944018659590445
66 -0.117390094785480110771823131169171052252245541515709638375761702859317526207177666103769990953244232038026221971646315170324338208706768186
67 -0.115048456797531253188226437551651517323482084806341528050676075404097152210912297765902691053685801389640326412400710092489319542191975956
68 -0.112826092163726556019082752342803698528912866219611558374115042977480982150734094565198027972558246954268671975590906640247400539797283254
69 -0.110714854225282729424942976542207649276024197950116892708775252604116181170169387980830675035777140053985770594384990860398994378159224224
70 -0.108707291652983019805362390759947335361541125830376851329338773063449322337054012458200628992491527179610916116238303244709568765453748207
71 -0.1067965775782355244348743769162695513285691653644278918081709032156992068801747944685224590342167334105550509489243059388050217136919612
72 -0.104976447082305405708281747836345221233477437083350809195471205879279327535437112735523374263281730204393876615673245271223232070700761843
73 -0.103241141928853402699859344037669478393191054449568977021086379902137105990569086750252921819233681706332555332846946033563087698953474035
74 -0.101585361590226183493999530348344782736831046552238235141354083858665093798465469369675357073964503062193594124571130525296620810763824625
75 -0.100004219756369119084176243571009331787590088133686014583249081478293929980172003572112510072155891849133964270826370667492919872413803078
76 -0.0984932056315154608385630744174500446449825593900296345121129901789075815180328500461360099382658689487526138750932358979470488085931833999
77 -0.0970481494217925730747728251912292006549410217867908729169307871622121534312627339687786014682582898695516780446971356891290079093155783897
78 -0.0956651914997021048907920859004555819000844815584330790311400008631734365196900335860895350337051616222246416421931299710575401151379706619
79 -0.0943407548016279932600515546252309112419121084573190048089216627811317415838762563399148792846251710797834169004759370455646585096348741682
80 -0.093071520074193177934173254213122374289166254971339155408697333484365676049097995871288602466663454115897583405669770046248190815692355388
81 -0.0918544036361395289457598802922060273210677873027523557180719095846954840284455711969535323045186305179582423880635343594176691539639433114
82 -0.0906865373658608822632758701386827594633058756986860786608045662891760227364209923460676988786923472988235536940121368742656023631993198048
83 -0.0895652506619465273402084454973836765098804871506462291948673709889549748884523421661983653413745827700250069506964417941202961581017244272
84 -0.0884880541560627369226809690128463652074130920693505218651896503959820176565027417933953285835256760969364282499622193093701423481285814605
85 -0.0874526249850205916924105739981247276816942832813746701331756058342061957287035665599566282625674921049557771655990735120614990331327174432
86 -0.0864567934526232602683316979188045533875930078396479091296023577488617797565932621242214582868646150963351840381369059624607457431599789416
87 -0.0854985309324188183724609876679936459193315063786866246608739565365891018138923328743329313180976269206238906589014824327249641200194454971
88 -0.0845759388802785877795446479893631409957544072325238003750413228745485335929783792250162284493031290858035830728707570104623170747190944684
89 -0.0836872388411736589860801649602786132558688376605238386947287838505496856373927801277440306155657819049076169816661731430552378502984074356
90 -0.0828307633479691884271593092019526851615276477462102235696107747939764855460606712817058630901186573698493298017783538177702359801192202204
91 -0.0820049476217808046268418716421885761673858804055059139516714012725781889339658714661660156644888804893029826906548517627845939114456025078
92 -0.0812083219936803062224652782035196613583435142766216572350335656809664070420991066343281221523970330033179484566984099094076995783221316227
93 -0.0804395049765028732404199424604871337089519273136351558265945428182186929463168277323185560358958018818940242772590545564995024619471958143
94 -0.0796971969233689700192797442168056966532436888050641747859364108206772836816095771945107290918521634586075490990281470831309781978260044982
95 -0.0789801742164392073898551800447432198317797790500231665252062815688609601701395215149492729249992778950057873473034053159940613397402415942
96 -0.0782872839354963700932930215064865599082756325982631043974536494055280409767807246632073389459929701779203011640954477507924879468791808752
97 -0.0776174389613041672103162398834542897499282635441083189799875037774828690147280802415277075446638952996134237731422173064186796746466157525
98 -0.0769696134734202296394584538289917144240808757993607808715374416974972095182978974220749260116920478165286302669309807007391526274685061909
99 -0.0763428388063216297508658163030123956465810485199528158884730267825523047560633071222753811205804210679773614327939474901835876089509197455
100 -0.0757361996314038288238943500429679803379849787343313211610447407308155334341462601937252554968138432034505313344429763845560320262088627509
