4 -1.3000414562189705827375142297900456300299306763634551135488515292067320151713007857949324983734310408522407930972515274198435863564663596
5 -0.72454946439443690759441839096292950919692671135206688263343102562626034417011495728555661703317701388514604761245138388596222815077842369
6 0.84287774049477511364707434094138097511067707335251034351981089094011396546877665304756883990245076961281439670477901035424123742101310732
7 -2.961505328861258812755426402703971717182084460822155144482095028085936494880671012588741968109851983066094165485235069891025297898067938
8 -4.6703698075995567772092164241980549027398067929210164613579295254367327792942059524064096434365139642959490714744686268334237328993253353
9 -1.7425175877560387486443581063282605974906360732715433760088058082603200301132498299312591708252672959798385773742853819722849143073827343
10 1.411630736747108546521973364800777226582409608855402095117105597819880049174809145122239340803485174436803168110089386074996243883679662
11 4.3175297766272902817789034492651197677148171155042188597862287027842381669569336775215124131371591178776312862174829997165075646865468097
12 7.3235463381679145691686436427696294729945583298413295534167710572226311708348679353261671672114931063534572502281398695981196938501576285
13 10.984275131655266558546495236436549172091426126962201203335097134311138017831935184369820354640306126545442975836873000629904709799703985
14 16.217030795988159653330411779551973834423886431867336510955828238507471099399976938624547751195257967146967293289333296663599448051378163
15 25.121465882673722305794138166176915411517787143218602186396114358472542569992804059873756073755107851103318410569408142860741599362958671
16 44.829257772797574924140384535588768124709082248754971959221263201940361180358618346363941722959704510866637814633768970491837944193171216
17 129.47293135597190823017241416993762403969895706895626956771359623246141405198791521148679753015048740137651324087475870026289965820949187
18 -212.08001457169466530083239369773293653835325953782747505445386005193160981422141705200373458693255551610337425330835379024211893798810456
19 -64.597593249486550592138379094418209464403947308022598088751427563463967742330674261689091467466491909521516104376894561070822442334381725
20 -40.177326341508990818003115530863145717336354849973592505731376313001342761862918623627128459314608983579338614963627826855827494330633527
21 -30.144607345772238395415012248676422193735877642370670398424336974945611491565492041784962362009226645044350352958417164845196503868530268
22 -24.686376309742528921217280209774436948526746720724123856412598847957105418303497962837819269510495377646829969603222122022216669252314907
23 -21.261342585132813924857481922112098765603448586580894920028021794709010703902940299105256211793168887050315333902484530302843856063404
24 -18.916607858225880218674037376488180579701210847269508537047363375048078515403756799509518922697712055639312113002457646586250741410110175
25 -17.214205649097641638515145117845259005833969587561658472721031712517956497016112691809959028521372218580699486218203569245111227757483078
26 -15.92460444957649208717085162209708523808232209645772536545102096884378526463864562436512771363129066941349256756336021303098307440727014
27 -14.915870683378578662921414652959711040431867079424735306388149354873479215026554152755221680636223064640467721085799039053152494388957498
28 -14.106772393828394122917071382595570167163801066668609244243092203072177139826820038395554419366991052098027341727197651818124305182022733
29 -13.444558883452265165373666285679862001654640739987488224103265461277568756389806620527436018478672609122719211635040000132028610830763686
30 -12.893487200256570851875251310706216448063369963693218217262155828272859942673318625923389332218550738965057621911058384373632162910418147
31 -12.42848265316350933663325571286203789124814929840065544501298128626600409529638510983131527086235309997502971173822627605075181758007999
32 -12.031438586182561094911659746310175674038129294079905788992576898075238900686844191560238477847810306872544470057305748119979475317515915
33 -11.6889563925339122732431218707893234646875595420770377059760943572195821229485693086414005541228882852030309822974052639984028679087905
34 -11.390911456790967967275331320064603094945930226498151909149344935282680019026170244016698993883137916426450022781673062859677804420240443
35 -11.129513031093358822525263404846192402269886083446088173945434101585798180144309307722042521052913071771683264052977351231267910291378894
36 -10.898670314418855511278675094808565129929602336068807481763190922744925836294585095765754664693112811385453442372352440853657435361094615
37 -10.693554365071303950891880349383215983926138182599392069232302047150368711528442480263096232860500571969942080706348354169645128293816004
38 -10.510288723909506952121709861121062049758596016079290307819792335643288569466441689973719801095052720852464165830757649912335761561667413
39 -10.345726695594335247392002216815148082177665274770418393869497797233000317641954491569218917567487215035599195715081823213487739466373825
40 -10.197288239066657329366326885120015605253622292129269754748330057871640690754996752355982732925037900003876008579415312071939805912388349
41 -10.062838656125468758315788437439954695961818909490528597331824853415775388250723162571800637593810561081058723975903309902821943739419185
42 -9.9405971002236591961161288475264248614613616829066763740315225659923721889466610598309179195061010494556716996354567874299327689692613823
43 -9.8290666958726936052398123513645914338408886526276557300397383922872160879896324873184836204275298285564563635198703819099876473863645414
44 -9.7269805439570574691276151984614481210359617657440738791920039954973052908655102311600699501304348964401172641287748236960474268743863132
45 -9.6332595578066150551258783550354136907386727737628487476179703950532043602288357783036730721957429106214158066303774466336668428108200496
46 -9.5469792159088707193210202347943634559083580958079031615109646584736409630143285631752886581942467401261772840137510024038171371819650111
47 -9.4673431092633028790886701600189667836316033252946399059441042741651146448469020682823487842541572424557041977689669837993766653145413556
48 -9.3936617192491049721605683948142747184832522692546849260136680436849128045067447618739405469974701991006034257619465843845870073727948132
49 -9.3253352600229043507755646889990468242243874681904399765303492255781036520108103192379753607104200144392228081216552109827425850687487981
50 -9.2618397071309584769284404154909969473072438022947321817727561352862036239446021086598995686036110887879307668287727565256087946483318413
51 -9.2027153442533543928367638416220792649035527773107955913110082552654411627375496580447582226540265789211605292372705398822805602244398455
52 -9.147557315282339212372003837104971524609394157574146854004907492657995004603481925807678635974891951240243133351469652364881469445467335
53 -9.0960077847790080092653083166765714557836963622308725964973224405319986454029676207278841330084043191868158814304516781795780664553821282
54 -9.0477493970768631869970549027275182194991004795109579208579639468653847913393750650067479679009639303619983611011060703116862619240908838
55 -9.0024997905513730214435778890177928967879395703005765747768148604631142163569912026756006480057334952726406981903991343516646157427594793
56 -8.960006974308199048439116714856196316183896241159850554516534245257674840298149052269423621171441116091611192340876934053201708014728092
57 -8.9200454136939362009879307260522050216279047971106616044644852235854910140534664513249482375671338357985227655729836673925670431818258661
58 -8.8824127014664445000567297355836945281244036860943767612729675533235600872221222318687132779063414427046139524480451309357550278772199947
59 -8.8469267152812295558173565838745783191362854667663093180974922212020727522609028595203625263967767237954595503381027351956522798804728355
60 -8.8134231809145756443352417229337489608668980003313323158719058614050490468983687614858324832219097864801811301231196494548134842564546444
61 -8.7817535755172630603290253104609613065208083852285510752112483505247161379502495082376703150746831400902776263722551166122705274595485823
62 -8.7517833170505915279652917188735507088776296511225953486833323878202157370758207749740707493908079829776197297805852343539898926718945136
63 -8.7233901955629197740876337574118464824569100356296277297574703589462967646508924112633781360579755226806935371503816299315663437076324886
64 -8.6964630096265989950730508931770178780368411897091701839857075629073507916932439814202550755913928256690096532820289373667079370925948588
65 -8.6709003774611273968568181218093831248701039291358995035475785344582106228141579729495356427892471555201712973703339337928710894735580498
66 -8.6466096973193105183946869710093304665514175078213349692594124463249550942423994996232620886171108718280887392182594925450013971654118062
67 -8.6235062358429782261629315521989119068722893256015636885535412411458383422594886380340448836484424716298968850415372509101223007859785113
68 -8.6015123264861814336149961755931935470867272561777672511969289139777429692458400759504780651777723325646102586898330901978980504897978084
69 -8.5805566629004626728674538023981693465069335540124487023140196203605888938739299057677637638536888943448203520675169900920400490379640629
70 -8.5605736744923023497804918005460353064017905185988902475891533842321830532931109333555735623940152664303855735275419754303794382403450364
71 -8.5415029732873416807447853705785728313960889923943222881677751785565315596539969718598381415536151526585277048923903329073251734903651193
72 -8.5232888628414010321379468469154821159600122455307578318022229155483501469099562658832878536937056382650405921505872935885316833548207551
73 -8.5058799012822943443425939268850452174212693551948050622247467536826023548161478384043480498444488051391408625998580657850785815438759279
74 -8.4892285116953881296017822049889308869160314315060269732606973970289529073849955149467081174093374080658865538484480503503893770045503056
75 -8.4732906340172745946923303125886534262020548216405810529138878205307991484009667631912765297275170046812134541441447783514552193023891721
76 -8.4580254134062630562667961175348655777504332715773858025207565207199971673173937755833046458033354170637337688704103244688289640235197588
77 -8.4433949207404426212703007005947386492650828221936528063490711094071351462658074633574080264906454239262944098198065756421207924646073289
78 -8.4293639014741134174663666535657895057305360434222436416017572783640811672528796746558966058018757238008043381759195812473263439634314454
79 -8.4158995495780687353993004658529362389310291527052374839085101942499883858351883240831632188591529625026431308305445672514950650835510433
80 -8.4029713037122447776204289611723881375394284106230428776268722188143342732452026374278320332755201698397466693974284929896819250870253619
81 -8.3905506631419659928887314182322847387518430500261540019664234274560334738585542494939963682984938323859260711621040330771344601483987456
82 -8.3786110212207928401962540802539182954616938772288746736470680413916731325065266236771185519950304076132531467737414417189778200729675588
83 -8.3671275145316344262196379531523009999835999606933425058413058719864580636207109798184944294084058633530647171327133070589056729484052665
84 -8.3560768860098343978329118103606447500884583995589375408324435871797458556479763112661509214345050026999804166689675922507862187299519094
85 -8.345437360572823616580942492380490058132465746962157279595521130652219495827112960924204849632946286016379719739423001797852447926635033
86 -8.3351885319552285530667232590711644171011806368632468330366809090718921515633749642373650806130589481096381789489775779693967914748114381
87 -8.3253112595998751742379102103599344977075250719277181837551593019720175264887286782683605407135645834117514989394826835661362618638445559
88 -8.3157875745871774641841276326198628638749184849996986616811296499586020140110516243248166448615784021313849246439568563900629499244479472
89 -8.3066005937006899717672105617423197962560609071250948495662199371302462343543606809121505518774781616495244732241652065532170420127679307
90 -8.2977344408274596102832400180125105265692442039453555635284818480692497920337771861520802187673758550480910478668110031670357040114964962
91 -8.289174174980208753620374974351948844244896749240275669506671065416146373052157814329247364952809649007803540341034017519579128590040666
92 -8.2809057243060020208278351028573392102538796710065234470909846393178499247667330816187868320856036503573990067424859393841703131027202209
93 -8.2729158255143293742449901797436394319975850711413027408135669325640713117850025950765282444175574798665038966262460761192996250810407222
94 -8.2651919682177071838955128985472634635063917551199345838261805029833580563382433814033105396337359430026514378247531439419102883501499514
95 -8.2577223437310104146949731325341664657991030323753910493165991518573427748644903375455747946101580701470566963121568395819474497302790894
96 -8.2504957979227084025790334846410935675101797912749758759503401780866424737276947408830670482519379436987945456432363606336418060611118942
97 -8.2435017877527632468899134111636080659392196690967447287894347144516208403574770343332664953197452908675533500311705498480310715077588144
98 -8.2367303411688360532779346872806908744531240487827064519881542759183972801144478358658659424155562756510962327089913568053666227136596311
99 -8.2301720200652132760608600083076290688137511503318613321795648092909177657486798117598928640637923590365034330861954815644689284538754403
100 -8.2238178860380164820689544217982197971889079239103290171220359537110517248240221092860150049584160586610728859733066184257831487287636311
