4 0.2818898226173681665494680462780756042094985425824274946308390582670818808651274659524641518090152389179616469163676521949219043903627283
5 -0.09591064349249912848107834749194155503597835637936779766378637058750890810266120450721118958939631059549837412060955337110167777137851989
6 -0.1515594989337366670551118700642245251527879667423622721801374407036817080635777337949121370020494575788676741851205197033603236287468235
7 0.2214420776005482137903477393343940703084690895193258314346769549331767079165994041929235055604320415338307175919844646936461272199333987
8 -1.199690289101960623287630967854772456713792798485831159680378129068425980930995366796747700570405022120196142008552591531508713707958894
9 -5.160869937465880441291153809968810530957521723965373786428246465065529937424320127605888679486049411392793652496761205204103081836528965
10 -7.082903883849740512989940363472011418391639464090664311859334074106604246735834451992975441645562429755954851942077625310369938350876158
11 -7.908315682800853874274594892293396669804427175982366989440945392211468118257716929974508105807052105502049910572210588869295558283587903
12 -8.414490746853783514193052831641110845860635159170973442547078211899357437534417411481539107074243778463987836373139888087836635554911028
13 -9.023723494138737732081559697600523398453140193505546452663235973128219208256337246893656345861631444988857785228143494144071973872921197
14 -10.07815573245581600461154270866229382450834628688008733710091188452172069972687543620039489857726698191094985150530654427767393767014873
15 -12.17322726713695744023793047601868745989116129771822365432217704173370671910904791234553394338865663153761464383445655987235708208797009
16 -17.24474437257851787294785645607230926464511139402975308380855723176197286578454617861111947490624403601987998998077349994909489360067487
17 -39.96215399304493910129230825937713142161246755979653995548520427002756626887731157189657436608047001054092239064240825091342148910285859
18 52.81929961703617507180014390741524703012565060360325610666417107954345934860817367496173472361339030120074829438137747740160416189444545
19 13.00130544145726352990557727957536510864770877297619117098997771553872411879759002449128297290705383703857308141934436700517364179952746
20 6.519013246171430145982522184706595689424552701391602789782453722364774442246196420245148581294746142290372548707691746478566929304993752
21 3.916911093333861153576045922801204836837494258078300200824041362038930293483009571234476973006818822555802601920781882964961351561577922
22 2.538401126179094778312028443097505928510272506766154630054994349722101330647697060726989023132739823246996181408939974445890546290449021
23 1.697439480481206986406360837571862696963799008187951791389485371873007253957562215821205190141443513217166889808879394112903178730357576
24 1.138005033636892705938489267134114031329754715384707805052082056322845908229986908109034948216497189419464357121949931046748386068810118
25 0.7432195264195838574928025988346979829032730774041268870338547277757710856487756157809356799025805461828926550758782838383698514854177565
26 0.4523557822217891459072776513067933521433219258910981892858310999579696792057621220250402318779123039544022219049468826547263872666302385
27 0.2308658612646326290602336518741550803326872425057161285771656430638987393897004707355517525930517547849389490576665277261444194391721754
28 0.05772608248984421193539359729598248438501069728273235925630605434190194651632983235996391492796939147055487097037479335734748501296832625
29 -0.08054159601984941591268931140573193588404217720409845104226393971977202128428703885796164847147343023517242475042284509832081706852878914
30 -0.1929448692124785909229380855104387278333237025586496717459383727239275005834473912033763921104508455820416913433619740684117379514423255
31 -0.2857122871399139349248739490800081001881278382692153799342078132883880571614291915496312934743752382786443589698369736577978597014517563
32 -0.3632748798237517187678319639301604716023693285713211710021978189659022179159280837076262198199442159229115803764540815329970016599543937
33 -0.4288618819629444959390941202281564149811717984507097695526980289623928354063812490365767106325397843218876533488322577231280096037314015
34 -0.4848760557111746431025641822387464439447743271696614237957013375003240386301236434034077389206768535339452778541846844782160808830602616
35 -0.5331378256061493442736536584497065547375583844380207378046343999894337371936875695411595749088528495939330915084693516016889852633060566
36 -0.575048519309382359990982136919559396220960059588704932063782795976729490933727088984517448416881391619230397449891355736165843415220218
37 -0.6117021771673358755227644057112882844707879055265739995564285751077667982036474191556490555684425024246839915927956941901069004979133458
38 -0.6439637759285420744767771570232726421675184882658117529388453014369288122319088878308549600709410578482019400133068963842336767313741882
39 -0.6725249959714476909270235825520974480124597908106976695393533929188190252559703132059357527282697854996662324693736124752500892943284694
40 -0.6979446547168749116979573192769692597855924430387102146383037052299891336601555395223781221661310302368688366194555696862137282870105848
41 -0.7206784708781627124612399417112740220266710913774188438955562549542523851008357593613398349307776572575524938064726928125244767054883419
42 -0.7411012782070824031193629257636400939178599858147835498585682668948009452275286419922078883331281538848101294276758489197945812715899511
43 -0.759523813016197129653789198030381465167812059426452639330354898866926318835013813507570621690861469705651013738068410197819836184849531
44 -0.7762055471138726602742855049859715161026752017583692327187470073986290753667136940767937606863297849785680961617255776572801804026746605
45 -0.7913646014955390039453145296877472407501601134611261642144029214868309193853826656301021773122337087415701427099031999536009959930172781
46 -0.8051854795446532809463481498117401489074840534875739759227576073934321172381192217816184951146501425053358534401845931638268039687720594
47 -0.817825153755811057271304516132186669274797471559972347277574137584557770995499600014378771645224349218933771662546997681889919373673192
48 -0.8294178966454405446210105940636696679489768730976605302657001229048074111929712974007017250630214823259025496485750143152526256607747625
49 -0.8400791448350041400439796306173101924888539670568230088705096173899856833452378541075492323932031915727127453454920221063993171251490796
50 -0.8499086122895889568690984949294290719832651635314497381489257516745238984946843962322656663872926444983594641301168523812795216383094431
51 -0.8589928156907096405576747402419584346109380195889288681676587303973907999393313700884905939807270353898375158777130337539977124812474188
52 -0.8674071360330575671031126750021344664851942309822734581925918378338504609146430350586208756125732477355303261886356183457091830836319987
53 -0.8752175117216658290478569813146475506700164287570406705182790183482886299453918328041754393417719570015937191054390744457343409438076588
54 -0.8824818369015775457502725904050533450563588148407924635321085258117743917673628537729727581464302975164621072880795631246397640662304153
55 -0.8892511225037701949909130094829336496541430534064872014196234392925276952628139201606303930407029714367825099649138683810592433853802362
56 -0.895570465137427116336803429011690855897343484408817179163296346589128924458996884641245507940828391343421566794957094193105027049868414
57 -0.9014798594942491083357455006357587370732424774244399104322772404978886990146217694780121089531940935755659205747701594935431478221885996
58 -0.9070148826272414419639778170794056145383067272214974614800817631291554550482135118101206593759621039163699732823354527111222901420229493
59 -0.9122072727923010781688620706747356550482568258969016738612403754980468257699889526387296513374623334791841426616774596998642585261620985
60 -0.9170854211040100077612138404217349268668903958801106302472618537438224889142810667258167869785102631701998459931544207797055467360327166
61 -0.9216747907662410760753558658414746185134831838711385260837786247802541112977672516175141736156401143287817809896608229882813936745002831
62 -0.9259982758757211598887962786838331141984431179689160405234297877440047583789564818340563983715019683933075913393346849574394080233380556
63 -0.9300765095984648612547138629981989621451595878726667309966349342908011839499954332599332834434033483285061265360180519471685292603284875
64 -0.933928129760487314884307510108826984750536219265439394429130169320431864850771126390426723345324423535070861929277627326569321872674092
65 -0.9375700084803615388723088330018364846733992679490852562780136160824029483968155466768272760790592371716517973543355238076001884644984312
66 -0.9410174513289681836872710878022330927838868008512969091473404060327372570979067151444171511941048823541310606502270940177902298188766298
67 -0.9442843705747528254467133382059708395336901665984144466070544861599225639199549265730858320799671023124021558361585039760102430984000924
68 -0.9473834363170968523048869805821346696178408540011764135882710401732447353722358450050587130705355091589191057066612888664560133657038628
69 -0.9503262086917539665210090601341296440584765502729435081891269458631045920346986106989248553722326303724984614961221342498448552647426877
70 -0.9531232538237938878525277648451726990402348483032803402103954708460409495663839116058551988598668029603751182876346014796884181165264454
71 -0.9557842457838899444761654841784964883636727445034772694984792411798154830797865397936429089025988761880538640914247824269667322571117646
72 -0.9583180564562479473271537720884269809320393410438583577403823279995631503779224254250971843059026164045704260282088861021413332750181605
73 -0.9607328349375868434875664829554590363188603608605529264097880890554597794947094590487478768084901724211049261975127756184663939767961497
74 -0.9630360778456167169709558659501432116537916232332884609230126772508905826235742681650599817008630135529955193313806535940284811495794377
75 -0.9652346917137965167676239377394940331016416039326968349293518613535313162090128895920224727272553685036618654721472792440205667726728772
76 -0.9673350484798394363811215801089875518494573526188109358080603261230385814811664305744879121139352995638312745012869999506566011876993728
77 -0.9693430349328380836549498984681073369942059695205231170085195807193420249617067155541010414366753105258195025968127839094790312369576343
78 -0.9712640968634285227609151121197590511376644676057593189393545366682939393703554981492710487858980207761975744850363994699047817857878375
79 -0.9731032785593692926202888898042704599963751801867341943709002387067484416549323106248033742746075272157446504465056911637967872218345125
80 -0.9748652582022232002679640295893954357009755020699745919325356264643139551052969451667205821291485348561276432629062486324071591014022741
81 -0.9765543796469865662739549324880653139583909496726376846839404383026774276980192628535369133397936002842215510568827080768312237514095671
82 -0.978174681003444826127636648766524196632867610711725575962626425517438995456226597742111215283433050007136152360993198664575949160014215
83 -0.9797299203840356749173083308884661693303347741426139103819686102052952873273183536581389169805174969424923443461426104259366850998634304
84 -0.9812235991366540502909774499979271772090589622237945609386139389957413632593967131436086144504715426757866007776044284167965410569577181
85 -0.9826589828409586277769039140548155132698303549088629959568022360481228178015166056674967514152107624339812366767912272064135142802457265
86 -0.9840391203123542738677302877041580084067037639094096045473446195677580611922821055823788307874247719852101288971116448203361171760665255
87 -0.9853668608281070950600700618402425614395525731529390060812472711603497674499746918431579817152170239841075689164719120453790043333627476
88 -0.9866448697643090778912022449221569100543508808861631983297198118231944178674006093600442980320891029569072237949126730566504185902689014
89 -0.9878756428100683529274889227148378833552335454645730278554839466474397006394547379601481737522155156552310595041040461444895596422452829
90 -0.9890615189058704060718777887563284780744257392928587623213398293780693161380020210872900869319904586398522163546547340422551846066861872
91 -0.9902046920361224069104910083010461153575625604763166874142065933609234785823639807481665433459591335331769125833070053645439281204263564
92 -0.991307221991107683768138667801991339809844468197910222323365503202004611667192772466395142580030993864065716882248986348115726467649847
93 -0.9923710442006435067861542968155600365747523146152846260686745239245819224383084995172629199701242946142363507831374643197857140668468358
94 -0.993397978730400255924844187581062447562289303795875531640048549098549926887336935739619376434775536499600228417941555007548636641131446
95 -0.9943897385218884436819653305928584291240281931580488043370578164548645071123542490507382276128745937215941328736836682711121152468504609
96 -0.9953479369483679380766144225827154150171310278750414474542679053210327643703410041853317698635997830443269542756356581806234546895794103
97 -0.9962740947512235258942277106818765700622501851145870362595653607000658541309655045198188727212784288380219772416730338173073803744879784
98 -0.9971696464145474644646898350555047251030950616253428398119709318293183302489477302423435811897383825839627804025500704537244441233205948
99 -0.9980359460296566441030367523318786090506965856427994144328340733733819138864658441424884515095376552433178657020759244961583389130854168
100 -0.9988742726959492803658801759810878719846634827769877663412527376732293530936105190732707562997816048843311704604171046043473677194650206
