4 0.00560867227287507376667867275588088299613611596707909959612814975641138438621298724902049938538032381647300962918127709183944298218532797
5 0.371514161720662370816862144131579767603034530584010294780673739858947598345650173798690219438453289865313779217486620815049727693533901
6 -0.159021649766212756047999681826624597059908298381520929721498247162524901298693010145682983914251575787259804201216837003342888356834067
7 2.29774346564216574209514249981091587473328163489224122374104544982465346214250488601365554411560936703560338529100603836982462084374954
8 0.635923195918060765068260905190452943655082369450398968863174962816801613357683001531633466227675301973654562519620011184886833852856234
9 1.47189914433670471045551933190636395922073453961481473978278324560318338904513830314596110876104672437878640607578569046394921069034109
10 -0.187690360683432392783170125022391048638015696210902009271853372858093351719500875667870562784011934053931432398393987132234659620078054
11 -2.57381773860659603677291585846159566072377465968033895479777182798450729947863348676872464768564211772322083618274319970805759942510089
12 -5.23776277600391500259099706995665511518468546580906052897373565619543404139886510047814271185647248887537331122999608361541092059166064
13 -8.40994876346193748412068692482482273246839352424867597695263656276763387885600958701122743712577983436160877555987131447967903676681616
14 -12.7761336397347881365558431341361947765748916887134041247545913931056168325786372978665188506219405168404405704067367505602301805960876
15 -20.0050613763753421399558024991647796575473902618894958654730812224600838490120881031953461785042119936262951623326957781592796555025607
16 -35.7680175235246272063877812316304096004245490931527192056750606643541369221330432001921531804551404284303338133485292926047429079309648
17 -103.039233144201907383718359887346146279160444314174989559055896474380335817988914061166192452549887006092938681124908877266090371345348
18 167.974104176081895884222054927209363035079320862747103362837603007569335025578819058487877575905741384068102928986046949254718203143927
19 50.8669083495748818733724805993029146841868628954613501149958210899594622068969715564185566573765038960023387966589288043758533730937982
20 31.4431180439710549123016316030096772634645574230492868160912820856254530884711462553106004932526724820384195836249946365799194334125828
21 23.4471286366574694852296642210103715112882138274677063443555415742730021274041537795141238839069028296777431317769685474559305832839497
22 19.0883852490923978663661858514027703276851699861493530356906610753864708181484387220691590247029922776295998957674109357836612108355473
23 16.3483660986311031005411013386934198963986551272632699454166985357053315315703147815121610883977224046784398299213495780175754148856945
24 14.4696368655897288174837875086621564593270118783876098303792173871058257110000025596802727306580617795704099267014401133486012797683756
25 13.1037478208933880742701341233115484260593260009479647447787579371070661457512888805219228662682565735557395108281025287432151999836341
26 12.0678904128051893886217957618679762362882118347226604812545595524735225960278673680393962349403510102317026831999732854308231141182782
27 11.256870167959659307047423161880104874444247345728366370929962669816529897142841878126690293352605800203994504923234346560620847148663
28 10.60584525399810774010430619554472057146353450542511889356332594717521432968631270696980949470995315959025389205601948006152324129089
29 10.0726616622107745781211092074984239302334611492786178277323707129339745911520720960123072555199548621967077481024440247976277620653935
30 9.62872611958004546399620322415891542275713006439959625934333130103248928874077877807839386034703476684221463591170712876263821401698014
31 9.2539594830718707262778119023916100770734250544578520861951159206238520751679005461951615186092443059946020222125387326837319644109798
32 8.93384888474682521374682161229914559191068225290469059874588499473682606559603729941868158322439347605778627585254351470888235847119109
33 8.65764583349160113225610704786023982531684854077711797202562040977694516836046598588183439081773962813498577597188423101101024221407466
34 8.41722190292730852642192327719352868021456431407625075253509052843594276113072475525569009086804503144146338703281116198829441760149702
35 8.20631794522697468888674327453783928740990631221421671958227792212249459703445962064891169426174489361972861699941480638300509444417702
36 8.02003743358038550001507291102358236226327741232414348651027344934820325842431247260536714449886072509748885795844368670255870763355571
37 7.85449604971186873764863946266442449980595924113737065225674754595825655720946180507067290927322273677370290785507001470485181926583865
38 7.70657403675362590493932014060628220572413846801465134603171318746909166273416079384710866702283141100300742377440331505607219878424031
39 7.57373779103053277695633128164873975832445692676234097032240859502038066273807122048810161270249678678776058464175429894286578920732322
40 7.45390911438396536660583815844799957398383137067847240168800337173038619462298676887679054402257443144281528316371701477586604931053643
41 7.34536790892952367410563351591085191246324855115392917701333126213807582594652836746041985875340927213230428568253425200260701418441496
42 7.24667874652482309399684560914604934417056889894740140263679007065326372698558080688874975932500582364949379407772622460094451786225749
43 7.15663475110203499510809881259866995522899457470207457788439297522482753923321803061030530682815963478952983284785047229041229643955669
44 7.07421421533826909129157448830662312725616829210074548687546985913036055457125591133600244095951437372734979593738006064199999930614367
45 6.99854670645361971772476097826077875902225164254462004119371857782361456584691921914333235941812992283712859754224052354929267031905174
46 6.92888632769366188220233323665669346727558005569979401003990164923595019029688732282802680636417524868175278575460212412638258327411901
47 6.86459043537363492798335430202629668566404094093347805577738646691685457631414207400270043453724846242901577865617889246125715494893263
48 6.80510255764106865182501260074609931714878027257475444347926005958324073012994097765307224538604262649091417494103117809971982274809104
49 6.74993857979173187066268085112571114895262284671170823571944991861734268351096350964372089830595876328930680369554557879694691133813513
50 6.69867549134669844443657368578922022894603942463246438355483445600320920291878899649912738700700323217589267917116650089744868615354009
51 6.65094215854506381995946029799973620338499534226133571656656302235234430924017711934121248522628937334857827537282081040311044561232383
52 6.6064117103880277322816030445620230125074800801362992919953819872282410655615872564180206683785125871234104126977416383948445777680051
53 6.56479521927675121474386600518171878913875477260815488135927896496149454637016258488655945616821572419209399891047099802846439892301598
54 6.52583642727296333045471458965894526835554201479430564523180187903201563976904560955377445408036252777487800414137031773218043693504853
55 6.48930732219212770940771226189678510767026514652459509238242130536145323214471959672907361749765952850785830841348264845799791530787975
56 6.45500440848073124518542158891175217689155364573163996580254102284559380220739383532946660073334040043640979108057329290900119176950139
57 6.42274554928210281433891357103532651139072342250253493314211984730384591274616238714235962945929602454878139456359804109690921903824679
58 6.39236728055341957780084957565288745581503724555779790242410635075482572857197309999732108498120184383791691539075264762551955512393339
59 6.36372251724623466855194822087266846415343623550320432529259715983124445233394442983054782163158785009302828090845280849748772579090602
60 6.33667858665350337798998956011155183783756502664594804553987651860351152221509970103036515549432341488741905651717084882477287808665851
61 6.31111553599119366026692596941244893689255146232893147830322883380270245150827636317401429199991040852362304930244031676493675342334115
62 6.28692467082483950407189272708281956352968783286089233442480719837214742940872725177574197811594238280575515170707860166988500798920871
63 6.26400728860361188871873435191333082584502169467267151633610280236785558278905137941108162101508084709790813863394301056805604973862956
64 6.24227357773335815063220363154598193944450905030441968925392826887650637434018983224311786204807609605931125126768881239420313154121679
65 6.22164165761810165951829192166856739046495239431220460300388554862707433489638512408947068159727221754988334779177634448591180431262622
66 6.20203673916830607331476553132263682237036595723089776763469611113362062064424154132969607375302325833628609365622863774202831516917882
67 6.18339038860168937526231917853935008605685337461631484564750255861204248601208280112457966101216804485375306664911910463845816141012048
68 6.16563988009547483040011428235425318567724145290742611772099081363092281042721192022699460423556818876717513200990440796122684911587601
69 6.1487276251032385304610259121145271543495029513600761259653681588644547106874753055397327872535036845820896009263901089213595577008216
70 6.13260066801628217448443248729316668894415986196222882672560601412277155389286456075441087407375519056138427305535603491248612366150842
71 6.11721023940126180042050006672129312336398299397427522020244318806292174176031755619959006678606458801054454212192065057538174067870207
72 6.10251135934052392833228805890278129890775353383051298626121018948582096511241576029998663564884160068067423338550409555668734160045582
73 6.0884624844856433124673982522035584187654772361674462068005756109224815358950322203240000517634174972838366703930764125668164629471847
74 6.07502519334538187896116905047011304921309376359642169980871822561523173952893839527374891629483163328395489266044941450220250410532035
75 6.06216390509690241658370693714507130974103360429616758605040000171491469627739689428397998394808053596135864638273368126457484629372209
76 6.04984562785809283796740524277357657435868981193578388697314616009975987562208962933613008881945950594240456569552653302914748566961478
77 6.03803973290926814815242518250653806802835113311825181826089760797098340399726419479986847515434483176523539733278378421124627325976703
78 6.02671775182066047467962809704789496983637927709317898815746285799788903341320431454272938262535140640302328594214209728796060633077982
79 6.01585319384139785317543870636427428739583122361710219680927032490983819552691464673306811481961955539478764475626603077461107052130272
80 6.00542138124716011270841869533233439861821766635265799876084587904360902189230607561450007589083239884480394677991368898139729471258227
81 5.99539930063651766915972540408204820105305296789655552177153325069182669899912798705298124251039567112575736463897164875000076185481197
82 5.98576546841767827544342188926019482924063986829842866614221720404463746885698594570698849300522123237343819908458796731500656974813395
83 5.97649980894428544154368367178617006275745496210599113132694535099999759934941701458281207562548085066458429964219523234297021518016799
84 5.96758354394628389250828383831264655553967604588810394727203847107963907514942923588959162808595859971862851578272559646392131002253255
85 5.9589990920640874316554247331023273734834583146525755818789328588294997907153229816692510637978457899450348303177779398873693534932759
86 5.95072997743504062215037903541241516523868456638365650150719852748261724656726348886364915670789165279017592594267532143900599984724732
87 5.94276074640356022333464048073064621320309677172070271775396493763262009787575384947972505043706313623015137155281737326592981561964685
88 5.93507689153299226780828366506254821626433439414586838276858338068730430036375201553741310968297738585347468222373949738479354929207729
89 5.92766478219033913750801691953596559104976485349355691357267523830149517379286079897827773640353983932640196695924050228663843753928804
90 5.92051160105647421089890342524223929020445965118706846461787339232330981152760239961024912398811189764598689308134210779205150031847405
91 5.91360528598586406606146030185881749334004606409425727679668915868444149930769082614731475171095077999557450178124762054723658402192004
92 5.90693447670251801664255847697856593824449652770303872356471574621702108175987146736961313357645454829959164716304782633790256624919538
93 5.90048846587404147621451539096290015225989803143445665976299523218208939276716645403116789931380980527130572591164513934001956779130044
94 5.89425715415427544071979731326484386808486883400410328660836863559472558388472938758735832331875602302935599352948514949680240157669143
95 5.88823100882790998796853911869445386187911163303805071048716645990004813005015120376536973271633614090894976583167472727086152445045159
96 5.88240102572839612461298263486983289243684252646623016892188035678512285848091669638190612985981420348424116517058174740049742862040068
97 5.87675869413407696490952062665786462472843654309057204289988193844364170195332363439784103089808901932005747551692849944239246691135444
98 5.87129596437725908842126256723191028871145758291431151103360481714741294480375297782381695327500625546462489578693999502817323701057675
99 5.86600521792741733300973744662094031404995169014929116389973600186610781945380536109405592170252352287798855634246191208484221616709483
100 5.86087923973327767213253188099364159986737060699944353497106163499447368089981954142178181503365981709953976926591415137308338369538211
