4 0.10404609051560936288771396204298612756134009715588229509831465749458329893486569817971795955451481596140688728795889459693021478246742
5 -0.56537117685582451383432211946228325907966044462356431677252254024760205388757154615573545140599063927576241336676296265091104655099099
6 -0.98026479651556768114350971699858158720552939928436664601373681941874773294162854159416632672227031769205419345588368038420952437792665
7 -1.6107671366028110458664675923000814759076209786582637001872859855087576268708828132099013600018952526636240722051899024616204553758664
8 3.647412386056853603352574255934022210890411916018074655764668946631842268336774529933042006306884952655577549094200968201256095153503
9 1.5091666635156782738470914603986461568625286662636315412106826082972160044201200645434773704663065158657468514827572451273105834636652
10 1.9045688496903423329366747310122156144236177076944536169023296225787928908073969240205963863456256196636112520133643435967315029690158
11 2.441736823238782152465208516002319808335437658006604246361348308985498925989875577535221844440912232213761804536306103673364347332467
12 2.7483180696011353444452558780132239932606953410870667747070669053330177242611571576912382506098994236113643167566826723328072488916433
13 2.923390698912166173534994359929240453744309606016331158847533738431609989428360145781707963993830588665694560945292619957876503784906
14 3.0990055101142363120273966254842601106487017564281983169621943299191517497236377568799500512744777980135284940799989877311906378502844
15 3.4288821096316715390715931442687877712162516972734711654938284964889596705127909045588596061239645282679382754063011981335816602603776
16 4.2897420821807920521265003677222486717355649916576049539046742022389452733265970063023811852180370934150862119868144007705688822996692
17 8.369159256929361239327216474977211070122119043602755578705921815014752338661325057459190283701628232666008105150676395502015508917825
18 -8.6196690393831001250506518876251317820266088060968323101786171476691912831444809526199156691209514231979030935902765422156821223762691
19 -1.4105247300662751098665330605106687538014370135979268737596600690370023061082573852859481744952514714784766735117236960242467795324898
20 -0.27721592927121556011669396481900422549071909450889337139670915361774563633901190219561095157129515828143586345178862567999536572922749
21 0.15397044339968406003640918794887952106578997738789747248149846125888443582637640741388813453536530754145913578060564671887535880095516
22 0.36715652803644212896620160755967963906665964151743351667421568690265243438340241278119866888227117551388922689232714686339138811218668
23 0.48688464075094245941274413520605446787636344505750109269382328700666029268029403151910833911678123594579291651929921879453080532454657
24 0.55926454708198537594106223650921067550372246010072738237846631193595090431177441247919812037533570222565334961058918561113127254396982
25 0.60507715192596967603031256802723662483849585326906095282392499863591912741523467240293951186011894581565074520934640696193555761094881
26 0.63492578711058764590143341231939300390183990759215500080696752031968592423109461673385692416218847493498294298293743004919716720020414
27 0.65470313383173701375754473268248455320953393486675829515562686555978114998019374792055317871982731462332221466233261907428305464019868
28 0.66789411391784968946071317841057506728003655048963877683732783669783726918614772916768784909055491356305837646640337984154889485566928
29 0.67665921865154159877944201424415382126308412810277504454244339831373653829277707475097316769376524438761098594140799246438342272232711
30 0.68238812789788429264495378284102043728238342677260120118653572894227691343043612672684928005658072250824472661129971808175519948689511
31 0.68600143516337648159638583547431427904757874785711391180041473075747917086412852440701802630142628832747324814360772889718298118837092
32 0.68812376125745622359317155046089952485484921082696548123785071820171799196943701019273558736556947705915866870705139181904869432229076
33 0.68918733197379813199266093799951985100655520399517536961513954797448544311982277698510658838071307284169499878478534368905513600037875
34 0.68949614831331276696630086417484603431193471403014582358828306924578589164527782779850047831253625304447206955011601336087070259514519
35 0.68926692778146411280865513340816597488041811094758466976984993429513677750440773574203279026160966693399187121538386497412346469122418
36 0.68865588907307492196964873865487163932277805896426325762428976443136168408174928956204109625370894065362481543880165642109881568564828
37 0.68777665880671281136236763628673439179150880601905938706555226765154233871565901491282550603490149524612506466133041707183496085345803
38 0.68671247087462815441814330853267670039958891707881545309932556923639675813312825939084110259958642074272157720757639561862785785191655
39 0.68552461618706342676069983030830017419158904904000294395905245398794017325241839930194776698202815073445680718343109345988446649102268
40 0.684258381425362462958668507917971493369628044272830495902810198127109947981513784493795911365787481814991493337095394727060100838264
41 0.6829472774445648943025947067621954569622520264600468643479565064468677087628759934877704003142100026380553421655163752153800521117653
42 0.68161608485763914648528207336328176363837441750536490661304749817305952579741757876375432835408890952129322304731346105407085293702313
43 0.68028307039749601054421503301462965800768055436695618265872206643397258051118247368761852664204241220847158201213997727823124190565819
44 0.67896161475718675912198049602149350197616200656460887740087942285442889909247743201728446865435694851171775083194718510284217769614213
45 0.67766141806667604640625028156278124501519775870845579605944281869280262408167320829132160882661882953210096527412812260772281696687913
46 0.67638939917585389153903721537383330606653498753453654931001547253281914886794656059310022799568097132663576683863712437037396607703856
47 0.67515037091236406809141177904576691020578308751520218608392410047090781039046567174138064437920452750945532538602595956830836338793488
48 0.67394755005452450950344274293456031023040264020433081598015463672796113511713931297762328923531935625668224979503134383639921620518809
49 0.6727829444232196673481697684948986688809535832940059539386203659150860509457541926715634503808811890609171769069081716722658263310558
50 0.67165764797984256376012739531489262567340057032549950493500078347925133699997812219698244526016988689509615895711148080908424402941439
51 0.67057206661564138735723164954955194729559818501394069178797766107315210496498538260664835586728913466288690771427809436962378003460147
52 0.66952609142191489372384884886640904474761192916978558465027043514279640723182362390269730982736903892493493566364954709051113534141997
53 0.66851923195510172278464844504652410247134101251445632292663059914287481899620677793667462009177610338444119696118935262409369172238427
54 0.66755071888532338907402283414435565557058443685394589488536471488451899002131295581555007252057402239605179231045239257385809612258299
55 0.66661958311479843051079410740011334602394378916181126165467898060800601738600824647275594966893539933048625135026521441525808584078661
56 0.6657247167448900680427488279290559074431199172060930644268891411268498884514769043001907151297912178845030015159251925517852548552102
57 0.66486491999552466996249641318991910813351491064399235376235058192435799605894541245531406070993045853077991016487398215115456841269361
58 0.66403893722286178939477295383657958689457630250139891672701562132636811657247709308789578729284692930795087530965095599193809225134516
59 0.66324548445737515559498471908991327701879756598179591968545486131380336210784895677799320225816218503561184510023444168478534752313694
60 0.66248327033474905543273405939656803655213045748842580222546151790503149554577085864035082656882398573954633464166830009836229154104617
61 0.66175101187229233356613404260463806913558010059292283531662600858175755641554888317059742250516652654321524398242633763392546414654023
62 0.66104744622165524654122550531560594452789639388182428712470415808065767843792133014685903413539083384512607711070514390742604479302981
63 0.66037133928064075369740824355391723171140691692205030966461030929048252017922070946352605483351300595750785953994951180447237758097192
64 0.65972149185507875083245994699119959447611078740503208121704688875936782050551050159679441097617728701380405960050206192684851439033729
65 0.65909674391279584137563834755288696287019995295252992165915203594385165513563053236400379585616988414169656840208105344452629929064046
66 0.65849597735567130742484758486261464945090476052603737791974265039990535481010993841266938776264457883654598127357741561786694724470877
67 0.65791811764506538936296068562303251188169040912789233533034608594436885555159430528990446486976386095218238979477380133598029155673878
68 0.65736213454479683235627478449179313627070966004286282795023142880405824063807116841245165874180968704818949967403878729322433336913933
69 0.65682704218994962495317830006516832157225946379614405046327159898852497538136117818959759434572366774122815421085145479828982352992274
70 0.65631189864574316915373506848327408745514810479522450332573695335218817900472491508470841050745463668454318822479847871348082859870088
71 0.65581580508591828140021233278423747802609873932716273276070810262174636843142624949591939335032483558654354933795743202557317856360364
72 0.65533790469257342066541053978000254631201706498283842974994631050614389038775473459065179895069677467721503331132923199249850184827573
73 0.6548773813575796862453583970021632658199433871675141839901415541001262882633514270714948127237181570293374796346452132459416288785146
74 0.65443345824840130005670107180811604031316278810912284906411585211853348619988349429728273818777164468064074893181983120055065500180633
75 0.65400539628740670366452882885609915134864848841910060586597404860247948674315019979164776181472929557212213904043249229277196035412565
76 0.65359249258283444357102746396230299993275575390183949978261066291780483413431140347106343221429838559330215862302767011105441561591809
77 0.65319407884089634147533602569432284412524358578378596090873332956886840143514076415945536276124776960055981721274776394486257349663291
78 0.65280951978159981523451838581623058586043921076848527054919134238731768481070207722560501571779947408120534345427412340703120091738588
79 0.6524382115753894836602634420291281263591552186222627391361640924020705856924769550932010561956846655610919695189999699860311901059959
80 0.65207958031335843624888971040164376660759418387645147985586866725582364027479020354758387201311597548463114568424555906669502804194373
81 0.65173308052033393676825385454221505743819800261713512129949420451435437968948254213800711073033736426647443540341580084297937088700318
82 0.65139819371741954197584133935601467081421556239865378880878707650799238196403226473722121879473600406812927508682441042494650089182671
83 0.65107442703843107809537583498170959054471588558590676982482596305010638677214609975873381387077437371442417858864975826958602245702757
84 0.6507613119029821395634519977123599843903340918493534948022577044421173127438845903808295185714069733247552486688069484974688158122126
85 0.65045840274766335283942665100545404457610070096981187584647316783610705378100724458165641998414178499394294486266153382540752943880698
86 0.65016527581574454106277099034084214069453573973752058944510942532601603243381876728053569912468789726345127749625712187366342305467713
87 0.64988152800505072928931948083001226740677108088721321872367687428305214657812145804158121528782213846353704034500711515234153963151876
88 0.64960677577307393366199840647973533214768322022847456848033936046972396032192112677518209413419982248393236009448261028131758554009469
89 0.64934065409794452720625770606858728495865010369272507295546665579109659153806152940876171976144768665945317021474056825251053926266764
90 0.64908281549356781763012451251823755222306994576758874127928192255572003457348383869780874205431036105620590099421515503069322858828503
91 0.64883292907700847979863430899012603409613827809569659417780493544458988631516769289760247568677563648679432329160042481909863079642377
92 0.64859067968605767257868128716422985635896395797058608375100685830377812364631813554427825128276130670139073839735809189508130044042645
93 0.64835576704482895201965201933004450619054868172568023406506082917849383349987755652790957626818833329058933334937940456367205163572881
94 0.64812790497518653016119235105109128208803923416161664641859824163986556340467954275662348092439851384109655223538511655350271236884549
95 0.64790682065180261832275329337276107916260147012622239474992807177914758355708529079859039740555117479861443980393953368941545986931463
96 0.64769225389866118202680220889135889308381322987217698142159884423794072673823384566153041955506798597752292686137963226800285348091337
97 0.64748395652486672448422915326361081994546647578158439580417637263822221227757628942212101410311151350149655492368729083627630435188311
98 0.64728169169767334879119908262144046464834867783542884860091030081603176684709984631724847488168109372476731804179781784326872539771021
99 0.647085233350717050792462934374847491918263875503057073667382156777919401506002638502827088643568342582348205534251537446181514457448
100 0.64689436562550956623500337843002447376052489115548145156485310509381952656665685119630992344169065542692166699589227716858242949568306
