4 0.095796203782196616655770281075332312042482854067924822658242727275767588808051153636022095476579544039056420170602591078167760488407
5 1.5758530096245681507091627120120810893478508627020647680486457746786007415223598248382555826646661333841773408396421454369343420163
6 -0.040987001438272003534545363695776269135770434249406701639650661419942082722907815183732587983106790438525926927481335415671886557881
7 1.9826722194134265042754807220234200056536081449318302049131413250316889497975110297424305151189931279157773943566705426526267383429
8 0.32021981568483661746580429626022628264627176024766705441748521607736997065204893420300437180822804487317789045608425582205726867877
9 0.57169157163212100392647007829399958473936686854028169803319011024554979818773872512911571164916251306224023022830929997214945360072
10 -8.6119738809912147953789925989078588653080854611899645196992648550975707122036685351990574882298043618756329964827448426068144275047
11 -11.100380393261545143407920122885349129930017797734704588488437031029891229772410109401234698971320723767965442053101277757384423895
12 -9.9863436879418465011951331182906467629677431221477540357039385403438761689769766904150539251979448989221236518077091715524019328304
13 -7.1725569349169040806840669631420149971010800285188445022517995289698611139960043725263790680145531019794338221931454604209087783806
14 -3.0177142439840301800637835599285883810802833365501017217739249499522128826575562349972767254520146299660543927014223113397439925898
15 3.4200371738670450668636449382294865920809213644173332245263215825807157771625095475021560359943675593197787877846724486993861199163
16 16.384167888310002523781822912619168818902911798967857783120194606168742007574236749548439558794273435660649736337630125354675181161
17 68.940121056426042554827328496833882225930867540680203728289442924236720288233229588052297974280755778772869190034578268125727691005
18 -139.18901089983979015008706218245302265192014714865026406681873184395720265471594479342663333078432970875964540215403535961133475829
19 -48.420759204732664278155231504458640996529599412239388994488346404861354887920854770321851646117033197326988193272780781655431155499
20 -32.976787911336117033789324443048769903869440353283842617378200901664535727416170941661673618840101182647614592964729604915380762478
21 -26.400596017368623932812037881186818771089675359844134255751806670715933994231673741340521938362030119194287326273141701427482519423
22 -22.681074101304715666968455690606692770141268664170533172852283991474333551779474946287577642313765614095692460332443065933892475894
23 -20.254837849473757399434184367014429487420391004889776028588832958130413189980410769357630317655937972666331735066234833164574214128
24 -18.531278978191953333171293086905903539206187891628505156544146840014621612603707955499789513529793110604065111515012200834172362567
25 -17.236020873417440083286474362046302970292162760740468029167261261777929485454375145143611388454879592949920008042728648893688135779
26 -16.22328940007604146045853871464313163015369993333812489669315234531273544884923359078987014711068498568327105143708594942217147348
27 -15.407935333491836369613757336297617434298982761635245216246509368235097942528324345903613680411499839645245333293211873026412374127
28 -14.736583468705718909339150358908882840815418571169214225925659473448355601087395101602180579152911237365717360852700041719436611227
29 -14.173900873595538621354248637565375513016892639458972609326557950545605603603023719508500148017730424103591774356006547939789844879
30 -13.695463852356346882689308084372822536347726991816010954715349757859059950434945484984472771618553230755442371114373779126020940212
31 -13.283787143870086647215746631209547151967705387109403823257559347102028076964616063417906651922393689544206297564608252224678257816
32 -12.925985605541328859500700578396896630015291372970893175591037617207310570974398979167956473869767935990718003382848650106167746711
33 -12.612331515602780387884151484252322344115495710240757288268578484848354739167172520830749631845936296014805868753509368997495194067
34 -12.335328807863449651163507671484664682204320247671588429345764482366946790935561107191949416326544196929896016403690025462557566551
35 -12.089098780649877614008288519709886260746214638468784527013521394953722674597592259113308903768882024770307276178102476655765725242
36 -11.868960541061178900540184294376266809033626311714390863772664378752463116685961754855792606390363775781005881124988830787382164534
37 -11.671137161665352327122765007294681556094173304729449466959571411400402262954659998176983879992618743671739402075311170549676708778
38 -11.492545298924256411491857150846513502896545833772043641200972600318723981958694310082922589062611750092467093900523954281456718796
39 -11.330641609718935510072022564723708418650491520266968972934335716541136297780580353885423587641577155663661307512620841519983919246
40 -11.183308678280370281947396443169547085900679125481159913484357248190538397759152640691114357542047275731237221693178425480392949749
41 -11.048768971564690321052849154662884559836518595027024969476367341628356302764031575131173072883073367189934986746208952481658144012
42 -10.925519030598834665963272915055413357523355200143827953733468590433498113579531460500918723761308424961725816889296931721982386522
43 -10.812278505322935255139041081388575196886571261772148687419164948938938287490638125590608538979555557143346462341692112747602227056
44 -10.707950234946499187145611942294173414223443703334036641971388744220687893437119429280619930654319358082920353514509218410665180229
45 -10.611588655668779106982692933753329899486702567549497814686273735165994122351197306187087280998055901233395660830860722910465972677
46 -10.522374561799166712319452191089575023030667083804066107352847257010122079617339747744122032665229112325457881002852878051227037137
47 -10.439594767449046001727186564885688055248559471273376211013439449739147158227750284514761252774078271921645549225973711080762285445
48 -10.362625586302966030822448205523659798357216910548001125534780881363909348052573849491881921104311199878631276475881754520121235752
49 -10.290919313732607255167580621843933699558032484860923749549419094345846247068977105027669779617842429623380036284843402910110574383
50 -10.223993090076619367726654284261417984492196896348735341812296365999720294508893741265593204627945935643174479270648543925196533681
51 -10.161419667462266490698798678609645694891924959255506825788445821542236981206960995785789506715372970253157718998784687900018268136
52 -10.102819709605613890848494497447851896560701521639678786258227893788738329088746381203882745647597858458657781640066181552824880961
53 -10.047855334673205371897083687701833510003062727654477699033417195029249570213619628246402076626443343632493673627223291568196257645
54 -9.9962246726049603552655157832023636615026054528862423056791290385373153310885194420691235519369122792323663535858845359675181025547
55 -9.9476572553254483760992067114434406663042302373999872782471485839062542413146436288102064755254572911212828779391200807542982596703
56 -9.9019100946336287915628455083936375461807040732162434712468129096010575929558233493403990504304022698484010635132699971300032188184
57 -9.8587643308935286788071517151461577000214311313173890203665225882112997802596958022925761037742439084342277353950136373655905720815
58 -9.8180223578826691376617351674198697927179157775614958250480995706571928055470254322420871073459951883457504190688558525819389827624
59 -9.7795053467221206429114592613389182888515087583541577452669565548076321508579824043524429673462611793611610921147000679587042251666
60 -9.7430511057802939291910346201548666588002943941174614150202751990699608440538378324573088632798020121594172472356015834384475315364
61 -9.7085122246162542101777464202850218195219635171172382608526479769840439795360611708516115641731817829132425487580970210029369529447
62 -9.6757544590175898516011439066436885673505556525663304463737396084701632110506801561506566522340729953965290105136532053368433342911
63 -9.6446553214588238593679193853493583217679866605514837212723785424735279467364500128448298201183063252202259026859921344342487640978
64 -9.6151028472176349288645238706803422336636216061213596025905240313985562485892877117886264889345458733716279128637391361796751948212
65 -9.586994511215423751267986557071756329594189521930139988541345862410968250289019010199287191602992509810657973234844753552813329563
66 -9.5602362746123481464892669381731887926495485685856595115291063288976419060696368509923110171645193252765416287736712503840559290311
67 -9.5347417434543864820168380933907726996084079976671302380833790890590677174124875045390275052844398111746282028549619771661257911684
68 -9.5104314243748703297188511836120183366713626246467972399759392316056874124458635562105325768131064418888257485337417153925647547383
69 -9.4872320646010976703295013741383767062285468142341949644191390533988511611278737019438046704491246682175468255150835225051939994317
70 -9.465076065392378691783711843206149620129077050215930878735571835338559903869359993504746101771770562695700226640977659353242789959
71 -9.4439009596066157442627811389722636631486137248168778776026106675691857456260279837521377282791326600132296491575246830372996475113
72 -9.4236489454124893554297346376670670959100252895318546329397320148663024782561405083804689323924614693241350215161147681588938961417
73 -9.404266469277286898013856885958240172501978173111912361854231829818247629821419329313785306889960860477415044299256119180595904143
74 -9.3857038523018650584770912761453583152505278647475625751146184142115597406652892404709501963730946814079851126608578726102642901103
75 -9.3679149547730822181806061289732128653676476971833732748461372157014585282570662877325459673183344992062300849100907943199592732514
76 -9.3508568744838953523774850888225538576196290085941504899216659855700301033549663229929559026838323978930257732744617318990456230657
77 -9.3344896749515701721972354122733804197521902677519556239808727364563478009664138833581805705278681881928670811625132687329723078458
78 -9.3187761401610629792176535701276506729950659548230741585806496388636942531500468378568378882374385960052287102408729057405669051058
79 -9.3036815528867859283102772196035177898549456818973842866072027038063368282523787605847957412290759223101275923867611440018038080704
80 -9.2891734940125978406360002756767230687060934914935156309886949542828114731632409737317102166463089614571808768992988833094427036217
81 -9.2752216605860645464367048628035225193303389759020247561755593087845265580457711333484512693978857586120230311534551487340247647565
82 -9.2617977006163936193119783404011669586011942068793425944546167919799569126684440613467136164293058477858198181550496541219508628279
83 -9.2488750628623180033586523217514992894669287364215916656948907319488804026992291396682758122045593966204884314929629745655233555483
84 -9.2364288600619105850306269157000444416759283599591603220803518932116432920217574660991680767906518439537734710700835039764167860602
85 -9.224435744235342373581341429193298473795087374893529761373357081414084596903015349025750296553462445122115126061704155439563705127
86 -9.2128737928477356649570826964993754060860630698658391719229153443161929925703235866493951878242030081986162528630321988641830022685
87 -9.2017224047557129481274012580587116582268922192922510557312180805729102732445414015106773730870251768305234378837719952439495039736
88 -9.1909622049807189814781736970385922823409370504620328288234487755090008047387944069563734594387856977754338260981599504392364225668
89 -9.1805749574570074649261835185783585137805336505612573043764179796416859507928795038697935171581088196250871287787157227479125562101
90 -9.1705434849943040565773274083981179306671762206590330701981717894921122736822811841073094033492970391752122568188399572005879514855
91 -9.160851595776266297835915900572931200522356074786168231781988248310659398637242097989571083484816712004402588227417468393827230477
92 -9.1514840157873986517496223318430060600112642626602386857428756607266844960189898736348141082026527751414951984599338126368788665262
93 -9.1424263266242832689800663727824006685175949807139903546512068521038806088506276823068378673372313738390237195316262495605461413013
94 -9.133664908202917063916442700016907380951890933578290641207964659589716100724717660279509601200954681323662481140636843500769968081
95 -9.1251868859235189746586402478284444630589392014822138905142074114090607215132791958548143434702113149299966959924843885642437189589
96 -9.1169800818981785420681086632698646263812263792853880139731189075783541281279088542273279131470790499730366110579077579776937988802
97 -9.1090329698858421180752411670216263590584802140912255762288508952163272875991905192052930763079149228279421132053856914565252666782
98 -9.1013346336139688537577216136834260392759149957025442637181647572793377690516143794983701306793309115982801582276276064605793185895
99 -9.0938747281972497818994781298186714325596342735051853950642571374580976866844283869741145130255783884310249990772415729866796981203
100 -9.0866434443915174460108851033916864633944602671856864534105157314553733923106954543337343176719926830316586509167056238453713573361
