4 -0.1438794706351662737620647662743976663539327730883774345915262029759841478727701796437626638537188860873779208501028463528170474293
5 -0.4335922910479506884590567908421143759084539267631177201629745321586476660342564732079764805123778016786054517473771453903225948967
6 -0.5680152937310101641731039744363055725521323928322472339326763723169924540444263573723391243188491467825942983893087275852668592281
7 -2.723904823655194389587586017777166898228400863138019368496967428243344575301712882453038886219896423685497193186338341086718773021
8 1.519376308580778542175696573392636944955295647085906735119178703361465842927063909796162691061742331380173871611534996787507419022
9 0.697741024929241134299019691171222427972830652449830531762891508399693438481892229860063828071241165303443839462444849729167324702
10 5.352739714649965964233477067855517967994909000785074659323627268980772724664408089366046482968713634510404579795144755934899548311
11 -0.5449324746571416812108842832529985775324356584213499350149080879868827123934553482788303113524413713500368640629830118934513175913
12 -8.966972245626867745935429627537411695452408397554604611969197869183760703004820873100848824224141793842833639451866204620691115398
13 -17.94487515111902963396042964527379610688656389870566552627418721823376534671521931243891895951929625525638661918989614324710809805
14 -28.40112893617150149822905907117431944862939077402329124301513360542561111899682112941458361676557321858846914149753747362196996741
15 -43.59119138402038008344840727741803042369568105448201817788161744968663687563616423691781887588677614020333947433208940083995823816
16 -74.3509311965190936491466087254864055732208160898494338725408388709801705308208053737243546376538333285394875281224418283749943343
17 -201.5972465288962238964657922109679644179748772054687740893694097604471750915869844018834162930096799995040030860731925189084880308
18 307.2260712154519755967626435468841583411122865978189656715831619932323908354552503164488692564347559873253015214975037445502826513
19 86.69370704039426688624740381863630216151422959782805577322165980326266640705679329351447575993846284789664382364963824219845895211
20 49.87912439557949728667728783866941955826370427041769882210725802601903488648070789935161532346889372629740836805739565485717197996
21 34.62356776360994174849311084544773033787116339371027551460987609277417536394861318658356905569592305572076950947920115911191261925
22 26.26170741364570497941507778917208496190017895805504119364837900532303559218629774672442246054052510980587695247401811687776821596
23 20.98405680416313344292805673892352255172992171438050070663643442024808772952700291812107405488800047538519362899164682501413961207
24 17.35601050027814781110791782374218582944448153353236693583819003335310666553383958514895054554974455789514852624004599858344846165
25 14.71480014396375281749085084649903135809246623842022400668391815560238125269928094728610584090358863575825004134476145819587377393
26 12.71115385917623459837404084285399183859097833317769623643143096233800689836514086263515469430441453416288237062018467878456676021
27 11.14319883603263323850837530970583151576590610725501131299774628391354809919435531289453229947359336802378073643693590921727426315
28 9.885986920852182450573430427115071606992232397812547277815658335201923263723375341110360897268664936308112598478897113517959251631
29 8.857989394612556717026600202511312838130599637056407188963223638360477619863006983620904678522865839412691200645659587208320540497
30 8.003730256258946838085707702913793027099526752672185616417199074493304137787985300330274857274168211035691321091183545786962029614
31 7.284151074003415514164434471892718360389870594637303637305180162784702001388482062212242568967801426010223347489738819965062627293
32 6.67096325168409654527107972340788360754770199953525788503650538561531187259406548521319114345937515676149844227366307773257378642
33 6.14318389786305392196463064376732342524627818779827109560135463498306865749550841057352381069941485088366494590975059475145702596
34 5.684928575053318982200732601792407933575091719292026154442307132546725200337406933249023864726654797555430971061967165781624393132
35 5.283958574572433914154798593404481620902275301090657049837454079717772652960166968267152317821859371164730087482076142654786378496
36 4.930697728440176249635718264648098524992680269713889881974198071536441085081457700432775914198835154306214734129729726610887640814
37 4.617550640721684291468905326171080157131740697480496757992401262450140202126668815319756916526564321802978129628243296120999100903
38 4.338419741986762213260439182091491422352815586693558323660698215625034806589326494424640918295846414987563368862026802038534225785
39 4.08835666660326843498618960312400148672102478538779418117075636240848986184864726146883583852320081316995695847551076479550069209
40 3.863306323692576576366137856719610243150925268180565703821388894158889533135378198680008694195619493736388226880372184786119318938
41 3.659916158567493811956796650662565837181071007848121093229524756961013435689796729503363169228883784566117330070072271009180070745
42 3.47539204987513712294194317408540461241655963875611816872047274083019938535560932213343216739373206416901095974147556601615972811
43 3.307388086498827034291274080189809857089252968981555871132368203018471213973282611574859841391627455939219979697568821699018033885
44 3.153921303945306582320223247840753524908659136765235941714670569326273047901288797271501515027820681785787962596797288057034960706
45 3.013305044700148743373161255675361356272199946512996611773955225473517559590575204317957727795617777860946757620453051397707906666
46 2.884096378595948001948018637774063351174214479423339486207807847567336380026440636553418604006215070801560667953239144023628793224
47 2.765054252412027115780090585844450161200641840610461821460703584752146990597249258081735559183878516577618515396740239853408666677
48 2.655105908635020842390413634981147527003014008571192443255843790830442378063581190836808558419177784031206841123672768435811026129
49 2.553319736211237731786547142697664171706396269040706065573137423809008342604507031369746085509054549414951206737932460775454187282
50 2.458883167178364487919490612290437519186646406308346083413428836457529056029880594595718789143989089680685629598546619280463774559
51 2.371084563377496383607731899800066665392158300902110339739783354180386216375310092398865517238106259621301373568723238111843404285
52 2.289298281881068843911653704099568030671064160480786958899766523451455442824519029842953685784121203542764730382041081065426934649
53 2.212972290428082905262628368507982482840189409688740614897651903872661113031266083531246839691266171091019300831939860470615217848
54 2.141617841898732035188166229250899722411079181303268733692712317015874431122189117415764743311437719723344594445509271662201096356
55 2.074800821621470112258134912052537117503681959124560525815152491591667547934266239385905196103004356604775385002023085048977300509
56 2.012134461624530030815687711037320174754566589537471663048573506523145685772785986628681517127557449249823573600613063117070343305
57 1.953273177989750996809492654256380867748752043661888881944656348088207037620233986205120526928616136254496676259077482089601253575
58 1.897907335738578515254584961114499442464680799526783972686159602807893994110540636954656482358658469372219103745070821783585583563
59 1.845758783489016634669871388355651633512939570023694645029447901447602534368277655037736129708199170015348758689519735768837176527
60 1.796577029924754495209680748373467030310296043661215418016893209961397258669665284445657091809803463830855826915739422060877184264
61 1.750135957750941063230343437084374182857545320070830377213925421568794969487483341155873542391061138253822986877640946053693831943
62 1.706230989659534239550333704651750546174442333564981002839095709475496617878021838177940424071804591616414504732741993780190134336
63 1.664676635941355230241235243713711295706448953488413077221769485799765587215214555287763897137694497244214577733541809015518127351
64 1.625304365564531279314685265598141522163634784890369192286705859732151517372095340359560409721881025699241120091395388649030817841
65 1.587960752407004421822111845482620658349111217856928088342816224034938771834357194231416225359665212205158624966066830396456102704
66 1.552505856361585712218754588924643295433099246906003090026163837694425735920473909454888379306405942871640196264288734775596456912
67 1.518811805597066152703097523122345643685452977638628385520296822549094958759773908277588565944136755107587227152021661646887272442
68 1.486761551648754155028187085321283283724949050924124360292960079989292358156671519582696185403016671185505988833228090011349066493
69 1.456247773455060296779837296107517197790121743894431046986198672712021337778217996137944793638428166343252715015451284813252129507
70 1.427171910134080685150399885708152555220791438112989565934473746763082638617658565800708584024005983427617842574023740633037266292
71 1.399443305349072334877243181328259590837280250478801385992461628893957237954508128054859995248974859619167707576075208042954768131
72 1.372978448658815123577889528101918762356731428749887698343512540674174464514582379118904793768092822046010439136937433963621095928
73 1.347700301379939332140646524867246826535460597211607136564363869472018620278328319112306165518318449384054124907208784556712780965
74 1.323537696277289641115558232894848295054382810158159905558362075123672643531319203833880613473254997252977799189941578197902028011
75 1.300424801905054305955380956039618282291608712290168901298230564705294623341486887305620248071303348449091730406578084134329265876
76 1.278300643694210880446543405405067349633563143627193551386717735030282911264766925921938060010974735635045518327863283717891309626
77 1.257108674960337985080132469144423312555519635167662728841423354560082471675456682987277746171697692118808091849443855614371599986
78 1.236796391922322745794300255674007620416380214099476161756179682137528430495200601523629785360699457653450613931574436272088923426
79 1.217314987603465103099284425547224304165153403031802431864498153889506201891316689869023177771299017083801758448271397669647907853
80 1.19861904015377009720732833354290490761469808430815124909335730445463514934244560058162855075640143750938069386910501406005684006
81 1.180666231703858160041925062685528228783975344476786098052910419118643985879790799829906727918260830680896278504424502411222060644
82 1.163417094351853560171089365901612089768874341239675496499110675999822344131969632091767739903238334180995224597192079894005760704
83 1.146834780307253257111845479106137161431417668923457134267361156052820389298827067027791394895297965440586013439956989275640723463
84 1.130884853580488162160220745657851446380021745251470701999142127858150798642984408166917716113239602016964447474601847596029742658
85 1.115535100922324879956215491479848908363482891583386508621823303023492742965712570878261874397195647911560980258282453969489587489
86 1.100755359990678456723789638360945225971131868259676550185786446305841822368141484901236945538808653075790074666886664624885986103
87 1.086517362959919237882583972700035782086802405327171463209000523633423006868900797640678108239188477859011866646448582789349267353
88 1.072794593994504701147471138717720834424622629490968584764734334819017268687733804613452046032255834291153855989698186995883082115
89 1.05956215918909804660614084382480131943604258771597116929932921109901318602815255719465455749439563130173684474280512745743400329
90 1.046796667734932806077351409243390808746054384408604479027066792659539768471724510688334512522950488966403860797670152368339401022
91 1.034476123210174677767966570807772796500351294681749475675655263535837845664334539923048820529045665167171642090706472256608745415
92 1.02257982401308053113946918870507173593122924982469605769581072021988609249372116107898927900263052804787216796741893041207823034
93 1.011088272063131238571250449212241805267569938103205013520494461150835020875466182783138181260094110155844692874137237590186669112
94 0.999983088988961417319348056936436087744049935340322028455527273512015551576409836605315747286058672931856007178707910009465538823
95 0.9892469391044889406371850820586355695377619170439796678089838586391930617407410915049901335420620159516890782405121596984534905988
96 0.9788634585475885151106356907925171038461717738236747268421529312622032587415817581306143859118359931588027900481770176495118161495
97 0.9688171900201854796280386493109066978115448675013374418558240567128532428442085866696946278298265014887594309508834709211156813273
98 0.9590935226258274195357545991035370762957038240759983022946615885347194242223492218708300707539719644565055631180665400462034099597
99 0.9496786363515369256521749958164798596891100915330809842748691099929042084307190575062614699373665466133098660118699078355953358851
100 0.940559450785850310225972026529522387050236036577982715393857120978521134314163378854883924798121653957810611997412829067400604093
