4 -0.98892404510853898976790376397324879302792642690270021414867550888984719046847447527532342072353323714483718239670687095014631763
5 -0.087078124093644145480596219672796348277997182930575059268610636338167331244875319481271242591685947810526739514620050513107037061
6 0.68554289966795476125815221658996406900651150684566311024365947518431882407914129093463302558552745767643240508017827093715882141
7 0.18291551473872441953661806929213567618467580321391446745356960761136691890680328350656643069721703828090626164055373728595350423
8 -0.98260042214641741385019620549956114790739861693188048651172357378605013193606316171313915881194379802565757777687414641828755421
9 -2.7711810018046987356085342785996567581470555056633978402196113040141517929213003347335031110115498363131057584556527454128271264
10 2.5335268613801926388405886121248263897091302867567809764141404026083717102721693072377238985260575269950366292790702437735187294
11 -1.8063293324473037739499850991025454246319320869469326242012448275408050858223304245420542024602152829189099676651908045435321294
12 -0.41047679645472356952435116882521295320681789778877068409814168012611220135674474955551531621995160506379030068295792153489922253
13 5.4127240025840129977964478033699283663657377010255736624677420421958455280798937506604818393692799066130510780034462167941345596
14 14.528880005006993572342845099220923419091788685507357296800065737305457838394508229803371215519253282570528811746631553761483
15 28.612353543942879337317706275728608458699449853937247002312600959172801673192984022396269186494296131086862117522042926935833457
16 56.649007876190514880229338163367840961233298735141206877088399152640658577042639166939865252020790735466200388212607667102426575
17 169.67651362806175250845799481638705879565212673846252915500043999820453817086810330005451487342992598958686718366018086894407434
18 -277.63155101177463326095452214566401556205514498762108830134648341073012179634264832641209235434903675942796730594455157538052044
19 -82.626011702890424900837640579152207761948868148318255494842459789610677359511795590003411503935360813651062836759690249563532054
20 -49.544922477935335051242364681903746342475731047911524291544644403187542679632728055466280851894972376736776617217334288812659031
21 -35.547274152062637650870153148349088426316035148402735313213065501560299205565921913715132431362698613582304095984080644997139571
22 -27.702699820482780359609307787057367050602804880621449877770416250366876138830046221084081722506859225414497594987038304658510232
23 -22.643221392870137536912514144059053675325348559741616576921681714326878706197370435484901021769176458904506028988852776092229084
24 -19.094152331199005313059836455224399251253292040246483951315606129800954084677298610548744011152165071259309048693372820711730018
25 -16.462329412348028311804498996937202503892321409590192023616908362644521605115105738222137474097023796221533068278639607793889501
26 -14.432297105787091755403404094263726356000881593144421202783908849217922517886791452974171419426277210351310702160841341787211461
27 -12.8197989822722455117136695259306987143463359251840136821427498002293883420841259662881318376418352296086472743537241227879791
28 -11.509479502795426375135319090514566925205776174858097935829486445749507606553777672356390599479682512907166711390765463312082446
29 -10.425167723450306746184070446423059233496804281162191773211655504365119104282817998684893340584180581217220401106933851689304799
30 -9.51440568666023959670565666407203561321691607525231348725176311479039487885008322952884648060772891780064352610732449208288591
31 -8.73981719535316041205143672381236250472573565215671555407200963124258265246720825238836082356163720077722898977696640529699367
32 -8.0740158776559055898353981137493884216318328010778755442356694535812128525998130789237188738727911421115214417964842783525084094
33 -7.496459459591539085732804648908848204566173730024776850247797610293049376797864928995303751785083228823164847521098467076106799
34 -6.9914298049449056800038036406730681166927913555646222477580927044640289783834218339100587189923049875994453208594797861078488326
35 -6.5466925842837235980177391157909780396519215400577208617382401892484362990981544258246037194916457140427883319552048765458217016
36 -6.1525825076638562155031933425200663467573072734968265356524893918887465586136301430763498072983615510534262451632524763690796316
37 -5.8013635769382977266663919538636035247998843583893821222057814886243482183967453009799783065123539351172309059242861261945729452
38 -5.4867720250074446660795635624635640282400002626258766333648367436490752568337022344043106869553970003363577388688578573707083962
39 -5.203683575652304596891772262789199856183889776559843732592691896898575658090633026590079678074167567610688178498686932103640199
40 -4.9478671323242606372496429006043110848216758252454126461433555318717184144827402241941386349573753315642393276883836189768274158
41 -4.7157997073191529049848615043611518079690184088347125726731972756281685845553025736484551287279680993896180781972831641743311665
42 -4.5045254892808389953779268099785383468009294716387348270287228451048904904494431893235094243526274335721571201936448656254288812
43 -4.3115472147197013020739400294074781998582867344485799681287118163150491259670051281573036145368755458790513418672443513932434992
44 -4.1347415127712136638319700089503543463707738429202577285758590412293246497306911359498333167130035013733401347706802525047723974
45 -3.9722922668261019446170514215772342429731968616862885005950497930747834958745617551019578371528155339997865564240944867363258435
46 -3.8226376735785690059869714783912784406592572005945690803192842968117808353066554854361630297139096316150548350422037804277131296
47 -3.6844278262693424793173713982406808195093271567198194979659725435627166951934095714683372018465852561160157317491183393124711829
48 -3.5564904630858496364712058367352487086594862403712745280400998125911071392880027708932494326339251263441175204772125878587451063
49 -3.4378031076567852466534989960848895384755865232876771291660823668109847901474530393059013888642440065573236670768955753808703012
50 -3.3274702554476121065981350227075895995061420544796462300302947087438061251529341687593602365400978987675535656012720547853451547
51 -3.2247045743314420302512394670793079468729201603174515976075778430508062017394318844197438149495290514064023024487301965710507969
52 -3.1288113216935864129719025203993799444561128653193172044959188294912081012580569328962769568860294637760042650384517358812669023
53 -3.0391753563683103338782839136186088603547362855303179839363339177566768754617701890929209487038118701675736145059935416775103946
54 -2.9552502571428352400409630407700174515217058488496568052754415841144552689710005641140407106944977618870297325958928932287004054
55 -2.8765491616211456686638076839665096441688103651303161643462932191834028429154614454149373077540858868838894052270340558327218155
56 -2.8026370179167684781381659123286154274269163011260791531495906581195480676432073280457661509582867707099400296533388889581594104
57 -2.7331240027474414209933065766442258186637813769515224340155515709228147400044141889427092524258113799943242569307931032366860986
58 -2.6676599072928954335761518082578971901048379671242300684083486403984118834143727447622371472290666225806349588489346999878776566
59 -2.6059293297982842352325120796862136535648968023438682212289812495076712997499999377692956073609164980617224829122316579765102171
60 -2.5476475437078586221019940959881817232694637968002330212225721906595325557692600090996523153057343579938053374474408167725849245
61 -2.4925569338607640519595420840672407889793580648432103631861208181039560595075365775474126392046155030646333191705897876043419597
62 -2.4404239123092849333242413673758043683244001125664851518002109848369244172687762045256430306486090065682726496454357513404346501
63 -2.3910362406480817496785580558226803889607071655125296849226398283917946462847063055807451398798733475696302158498271409641165589
64 -2.3442006981528055084682410428739609135730863301628649207146232316312864169670795430542665719232871907337565648158959299213818483
65 -2.2997410451218259403830099449287549926323615298983397924287250466059418974618547380060318852482688269383842250962961750624290082
66 -2.2574962390649375779041772505043999847079155848399612172571407750348232868720538137913591039569348374983170346472350415192735126
67 -2.2173188681545424008068741165070223423664022919268009610707266916839845564334278500783663911616384802764809794550531290875449316
68 -2.1790737719361160582928363146583491192339919244235188353254443196059938429495619991052998840235101887102248840224588109952798786
69 -2.1426368239133597116214791388922446553955603432744719734492078032708179372707837026340071989162581219982152085163252463453009343
70 -2.107893854459999588765470625019921631983301774177989253336919222021809485516002683545628991400346812390936483301739984670036576
71 -2.0747396957088259451132527877241217623238987102888453304192614985184778767927317268011630295185205116420157434472883240769468608
72 -2.0430773327447204332371642119013244843310846930458837735199650874622948037984667298384664992765235225483888763232949708985610573
73 -2.0128171476750164563144320933763316400223887000830583210710442194202398551323258407548349661161106595762816036535652484489835918
74 -1.9838762450426506017901864158776565697848322346587951984626481471724719196710825134985440662800265038209517972469985173958012491
75 -1.9561778486461098208214417224587428367421106511706412136651137075676671371837082622885791721579759723971529782189623952096102237
76 -1.9296507611847727180941190061285254679014869570969726873715689177493220088141082747104132941311032440181102166971240885531234939
77 -1.9042288792994442464482717264902288480490178438744046191646334570409272412135255134231179543325950492156853293149639587892598607
78 -1.8798507575589684968425950857097894491638563136156444218091506850443473866150636155370600624877536009857680319105434541231210023
79 -1.8564592157821705144053262195924519605479705748964605665943003797162358809300085605542237363016583918092359466455310003660908657
80 -1.8340009848026550962478795276817718439127957051443892528444621346428287657604160925977217022808974794205857407108936433984385408
81 -1.8124263864009312004023768223180379058047810821659471803496356471247792114931143066031601160107091752293746982203822650395383622
82 -1.7916890436595231897411450825733066781754003546672351386200274546243273175857588454309821954352593719842335944429633411812168052
83 -1.7717456184551712359355102034980307005959221565146739712800998906869222720948812279556482123770323086719329952129408724823206135
84 -1.7525555731987800397187366344841347871410716104927082136300604542757802491171473392368570025838639257231823247853911513674652264
85 -1.734080954277559824731774309973206246169222843959080868319407464621114954685599695345537824432988455371043457394076335122720226
86 -1.716286194952477768994578110773522841523696967623462739395663055794341940782091220932057454389433998598414263985538642178592963
87 -1.6991379357241602272708610221794390242022868259602499328977000118787886433509849946830215547613837063858098632487170462588568293
88 -1.6826048604072147271851225222383033182367711882663219299950754692499450368585715457149972622898436415802801819398554969737466624
89 -1.6666575463512004127415183113385741492637012950955091915677162234783533191976416110730263433221269109873100686230403783840395028
90 -1.6512683274200939259322648771010763476858576434024978688465142383910450451626643444624880033182445154867249732853053598943017638
91 -1.6364111684944180057746698919875416024679674694314107380424152226939333428808142187117058220714763117702703018102815205400824756
92 -1.6220615503940748109420478770240513317012281840676543652793301687077585184067850765105092665954708923535569961447519743565715824
93 -1.6081963642377941466392528822088414148031779546833918777144513497993818067574679303243856704287181818213862363166056692248635321
94 -1.5947938143590583363237993232308969240621038986952664338228092284538683297391534291144576572974590345478138023747358661370564401
95 -1.5818333289901949705135995654125823331852585058023425737453412523092266938991509925757143445821028468837611896883231694022844196
96 -1.5692954780075802081225820894569087116452678481053140531985275115542717473058987524434237741019999040486011748668837165946692741
97 -1.5571618971028997819001747319981394348501233780322233531427101507065660594076962748298763272523745492893987580949840530957883872
98 -1.54541521780932207595120216437941380971859461239736122655853822276179520181027236996435817094945602818686635708598577847670587
99 -1.5340390028682424997988830923122348173290336734068213879740176468971266194883895571412847275914366381965288872810190956952643837
100 -1.5230176864728233817930542888803771316476691556971957673518707092197176309178998557281294920606441814571269762034034868703230698
