4 0.1978974695015835317349922292073693306920470403827256804897492775056932311247711871463620566484915117116271389087872439163382969
5 -0.144207540612605791563477592324331310752997296625481963798422789956150591939759685846044636991499613321524234062168749232244713
6 -0.1444244151374232864873627810524933646974317744955471520997036956530796040117848926441233197772345663960750415553471075746708761
7 -0.1351614022116723655529735987723168462453559893454796890372164356750174195405747299073647938969198522613233758967191831256854804
8 3.853872946456833994909305468958314546616810805381625260445818823034997944165787401919324659291931719725585733948891260650103075
9 0.8404208056939199824831942376272203368568394585052681227395454395985384169338875663678547733293433473251702892596372859503012811
10 -4.993208149445799017459753701365620624651781912041209099767799874483867891375087683105241331118785600271232762619380817220114045
11 1.248585731134345729367478183734514713019200329025107866299514181988570184673057129045586193540242392061225397864235842335801775
12 0.3482564764942350273293564941617732793889163041120945615810275381192582188584901497135958772964499977389969097365796853047640392
13 -2.902522626700635106376601539228900263052840986887826121709140655628078623633304864051456408513108364311056968662192793749565676
14 -5.832782891473179854764025433916900693537118430595253581552607993897796014355394621899507014335650755187468842242172266749145827
15 -7.721874821666699842434259174725417679886821369033314898761692462077225131872888653026401806395582410210790100343005963109384973
16 -8.255726152214666926473684847761053660354455157850971176397446583139862817902596093150174595965645147607401986522229276900475957
17 -4.761533999848255051363326313576920855780381925754136862871144911539844418206011033847595056962461090683603885215312847859467643
18 -23.48625644640475574790969277289425362482308835838996983616549627416103028801201279410978246242681542681539681792758231154038016
19 -15.99036506641236775606543092646982903785200551519253022506375565995561338981230350537125375153386319312961032068137384805934239
20 -14.8518163073827960917874803660493610279735231143321759001602951205023482875235426466138325234538264251686015474468985652661824
21 -14.3648387161643064969798411040711241688154949490324810385425888448079458663602035325558110920227551685505459348976912556152325
22 -14.04957391677263617435171811720520331805410457036717334693086320719533615546458334168326447377586686726545079439812034382907078
23 -13.79814149011034915599775095374351240891538498774855736067285986275790505657622087379265228274033596002109152684113181253980082
24 -13.57773854035960069542926524947596049834301013364833876888606007495513077409058172910740915084103606409761637796993664970948618
25 -13.37680299025879133585695080832831315457873205700312412661860555126816676405730543171904153110838559229045767507841067658598259
26 -13.1908067389411142611272605286706241184440894414809038345752849307663518221579022588552258405432353299892514852407510089607494
27 -13.01772621922864998481018647219518940409727013003651697579789928290213134456616733946723265876002302652014405756405259055230278
28 -12.85644539733232141950033661767443695810416150188861786445270706525553794787763578170888661955800348369794402005793941140001732
29 -12.70616764973318104006886842273672057791904712681182971132175590143350494172212976346629246010718056638410206752315991289268129
30 -12.56620105692875747236218983041558437223026094909500393412181454584018520081562420295194872117634585594715523425843616846733565
31 -12.43588641944973190554545670581778929880543992549661104210249984216550422868757297694097651111175914233583554562049840210733147
32 -12.31457926376039457607280258660341332894646972462149908796122898548179671007914112904224149569046015133119798396605511640576564
33 -12.20165076258478502187464924641997813908503113323571610925094183636654566741290340875034112391138072263525087912862895584859148
34 -12.09649377922267649000475675333007862635918638831567759800621267928060208831902255431790777960309570347442538062224224994350636
35 -11.99852890392677239866382788523816540068320003485678088520065581634728538607496302114150720099060562583294252391235282344166773
36 -11.90720887267184323686706689440172923717000275406852644160019891733164442798520404246394000191573290568139221461894937983250022
37 -11.82202114096544429221114400551943074535191131224674110517215934255207278986554915966296037536337286495442728201092871776830115
38 -11.74248887210697348980020387792288062469682613941628660162444203761435118405358211475115512507742652613785741425817209672227482
39 -11.66817071936684277042166633730207585090805921180152175760120092422535382677754904045166336649082111239249642871584061180356305
40 -11.59865976145705763206653714798574803898834565540870982450650148933491003889016843988201251465306264756807488858892388039553905
41 -11.53358188627414929252505992578128248600971087153850178947625272497650199607268823538508117602639114838069474466859817479151795
42 -11.47259384805797365485783699150760322321618652979064470170964281898554321131756522875315879276208093522742876778239749535466614
43 -11.41538116189554854027746058461723552067644755355659287930616282497919904335662422461589854302232095085808570414930570234971179
44 -11.36165595050951226227143000595639023080376554100978440782259443576179186235944603565240024857788798687472016688921364985764231
45 -11.31115482098091719731131621718374054472240027682110918196620414954686519136255815573376998933081907592559079253951366817991676
46 -11.26363682157944905931851049175275574918888318361021585260256193102577012342202336953489992145416876331102092404614693080932881
47 -11.21888150911621221020772831011402036283012497967159752688009123633365609795948070084288318717109937522846752038994051216826414
48 -11.17668714332577188415430696010777219904023194565011771496704927229402120391033506459006514096283302243934304818404952343907829
49 -11.1368690152025558364222159100000148264992683886390542232857204915344311249424273625411934161973814103535502827875276326301651
50 -11.09925790978000022689683456817388552532693530453168921247384167185191108458184322468247404091515411277575965198594133490739377
51 -11.06369869965754732510957926554185732605988222991259957374963235954073030077180837355933783455916329397413637117861422351969664
52 -11.03004906299106000397578126600573193465017305654847243986576824539239060975568952795922602043269442689538834050380513979452554
53 -10.99817831818468841579886326480475240420670601509132044778392926463778099917606620749106140702929495974353463269260796741843012
54 -10.96796636680856984748785369243875300506527468457041354431437761738768975974995388772525999792525383113029004966728365349253341
55 -10.93930273606757308885463236407279007024887334170926143823689645385711910250319351276598762379951374546040105517709039516159458
56 -10.91208571228444990901364290998635427604968080450470386253422181847439413763802085718559343216643228549777179173055104307183563
57 -10.88622155721147902675569359819350338565639660139971032499274452937664251317038381967591002753113327370562283942215234979909864
58 -10.86162379946103006465413448796100242546356633167296435169109965191042880638411542808197035818647033849374095842471582926617893
59 -10.8382125938875890391632157733209012075140735311554280847285175308534193404490257412494086362556423395620320253392703671974487
60 -10.81591414232115731275252694555222971582510467932983611967883653839478290756053871288898948830233668563267964813988626763361562
61 -10.79466016961775422616293474911302692757301780513912154923648526686322768773351136865893808993979700703721697005571378189545091
62 -10.77438744953986471253103973638175892496477793410353681251929086952703775573743953254399034469609786958747432518671415081087986
63 -10.75503737549766340738470060600009536003781552770262381641058642267476934956371529170949445145785164794260279155718824833700162
64 -10.73655557166495984145586145980362176856902098862186367355827576828806897226919000096410738747852841746872036388105051258279952
65 -10.7188915404294605071613002632341758784548314825406971239167905779571351877725887066589825677041273923755663574255148229972467
66 -10.70199834254466522329174158155893550836838275618862440388965493555593027169019554759559249899921828363591761150995879954193982
67 -10.68583230672141247339089425041298135676316376620602200607349243217910016891802695153884242120853892579219840493434234334730711
68 -10.670352765732518028644736186025631755198701626366518486951463877301181277998945200798893555675542872876475187231034977040765
69 -10.65552181640635980440799722490988668857899727011775874297377304715266082771294378917548061703475346218854441392492185686620522
70 -10.64130410115713821761795417254201296140128822231925913052438960089731235271255534048869035313678317314448377928213597974296275
71 -10.62766660894344928445567989262360935848233871178780847169956045910156026863289976041616531514111446843443438716499167905002429
72 -10.61457849376527717888913974711238306984288387450557207370887422333410610399907759563033754696678613669652759521865837912876378
73 -10.60201090900497060069418387619903158627402974544299921173953712326000445990624185370605026851802653109662216524018722561510142
74 -10.58993685609249549988474291282695092072283096993916011420111533539742083068363038451519995697585243328450767407852654315685326
75 -10.57833104613137204876672048603588423193953249368576484186511651468137051737311393422709969502632208445352755696982631035296577
76 -10.5671697732611484651176054759176704613254804413004503306461901070822909048793414955409222040815971852615814617042382362394046
77 -10.55643079865680643737419506883932156463476155253890184211895765120180988683296537718458210169914988797851154284303363822340674
78 -10.5460932441767321771614745015811439441158307312980787147678398446146451987683554428259281897088278231079261890923438575091346
79 -10.53613749477026401776971683110671141990698958151663792105303076739294527565482057730901343355308742509736487619835323852430527
80 -10.52654510884463433619702186216280178302881052836678076432561763758235713618153896869132339483453167874107875271235069469398474
81 -10.51729873587051650495488688675245952671135870219467556174264934070956686961220275063986947743556136808025268779914552589669458
82 -10.50838204057639849491594228884725880156048198674437931509339804253827626792327361635840607602370506698079623838782484627868769
83 -10.49977963314555314306969565466184129645096195772846578037427419331779328185160654219591411815639640003853846405099454334107625
84 -10.4914770048862792207914067470061103042025297406340430974503193507442270689132935207031692862918535417578988413295499855816134
85 -10.4834604688970747530260969010532478062624062785941582528465484385135524170405295718516981304572917447381045850765077716037997
86 -10.47571710529412086045215404310995508673973752512467146718911131912013856658197636644070407469038261540866888553472401877326573
87 -10.46823471060947468860762813816343807121938711971173279466121339490156956658420843368986513360679839730558418613156410187895896
88 -10.46100175100520333699159703028957590872429062455882207162071554530657948766898881815964062249497054955331422196680170151944543
89 -10.45400731898178950071501530183750200724124394605606461487098293890797114767432214824260333678014724963064738944802561189385198
90 -10.44724109328890542824816780663105701695831254298259656014176978640825196474081798726911034759037708894860434085799011162208882
91 -10.44069330177344142386744117490671825231708774142016585693187815417953024312558748244180731690962713207048712126316647873872721
92 -10.43435468692380525319094667969003268722514700258332347248535918580608064939415415209800943910896256017040698021528144892890116
93 -10.42821647389126089957456584849013617437782367076807287538631062091100153104416864647845971758507029871037383986630927976741466
94 -10.42227034078869934966476562869049726101655493306602250823235616934034850116480286081990480581096760073711965960165111237076245
95 -10.41650839108495294799435107529018487658210796238484568822682413355995250619253721361786855693019001447218804145263249252677381
96 -10.4109231279287763215698135248664867730664802188816967477644053488701004063761392299655263202858506690266393705701286863284585
97 -10.40550743025109718647865771421298532697644813543228719628550098805802537988070430797800860986109063636636349715443807552628576
98 -10.40025453050724652052259719307773388218716725154674978009741215145074772404938621116909074108331256982465901158920261629773821
99 -10.39515799393274957972182243901091343858365540444871880970187595122378079857202833550578642711105453002717021771330923229043961
100 -10.39021169919702189778036552835070182262249778854775284981334311797825153025409299940885414840464215947853913243096187590323829
