4 0.977492591468552530610844247610894347575947500710024355345130626556615988895976199841229693488120824093711244633439196085622429055322049382672319022549
5 1.45476825732024836508634507613119524244093865737883211726843819120013592555547610251712931434908072433435078086568914960210589680132266753788917139014
6 2.42764579383329246310973169733784581624335869838846268657536766529097756577252478019336554146534820996542488496106430653485251010682015367680461232919
7 3.51381264369098632110594292849483200075301959021484326341555575209689955956539815853708448349343631049701237230903055987972471973153618833161362073752
8 4.45589254227444104502545047180475031503255044751218851070531441490440052241779647164875988269887148244335863675944531766172355784284493535970027193281
9 5.26700405675452362678025667230041316777352919507993456158335659595453250813322574881256420198778457702361555257518606320845297728476005014750784159107
10 6.07071310006170017638777099270056952768638351119216529927389228038698966499220102734901343788693405531722047351011867078279767577177855257607452117023
11 6.99642736638273712740144735160392566440905032036542013310021987199788029269029337773859495438483796457563313231805964639867979922793338483123275592702
12 8.19154964299073069619225393796405399543978363388867200227782393860682932933693746537997633146517709009946667230172935811424002654530663989842234682052
13 9.88092465202778544760820677865371811624107861647614437804660154349253785051634243435620359208876675446272435067988705426895973301579483969561073415728
14 12.5064594494724471338214535817768205183630290052584762687991021544598297100805603737962894869226809131293169579617614325807373281387642016868364851839
15 17.1668774343545939905329825606514216013620995080147557577136269041321610914636042467109255102237186994458201360777678220969730880834395004289463187792
16 27.6845102174583321551478728048850219437042857032137867536760254178959054032983688182491996108547411458604577625890522595168112098183181753433147751144
17 73.210103812858818322229342315084296117580295238080674524914146077638728914406975077233470125089460374577364877090615508766756873695992377781884957755
18 -110.85268785311603327253127081850223852491342137477749450450012887855553487977035172211530729968444985711531247116206251965602505293702454045508354221
19 -31.4443295441104310963566402349311901287391269030504423541460300886671598626139131837486907412386249581790408095543116570830051781928999232141451197697
20 -18.3245043967510446271593695730060332989925937852845986688770052712763562810327636148771774244330567074780399200825451338719951855099026255060051063225
21 -12.9490254971887536856873795246406967290616402193934373535302550079629386658320779227844813650547291766900259433140277581566308375908587310178130745525
22 -10.0328788559359841144183234891538186401722528992345582006322560298463910716592630423680006201691623731010048121490154723350309363658341241316064937614
23 -8.20813207781180997387627987022175717246613711362575683392868134009561450476818381092861296385469754493372068513542617513178196429045461810287393751012
24 -6.96226353491268045127076741044625775718010594433307093090889819840707585099458225843673098773476253343102240981454495944755662471541181420983784864157
25 -6.05994892893817301714711476539295622335628565430598289597745897364546374818792544617379252717754137214800589477530890525296962797967856853979127780517
26 -5.37800384612274969648005656159239331297409016686198216561679473099850876401884804777191170475566903668637655387200796574186029178504235432331724326403
27 -4.84571434695049140006551504558474945786710476324374862552502312827071988307225799231325051315515875790050999023913414562075467715218469590853018296251
28 -4.41960139913947566786868683852674583219023725500809096988810738575042072186122987550144304461776848932308912278668385707977201550369332500243386241978
29 -4.07147038944086350045394937504337146194553997641061922576197937625350869583735294312851175976572410229981066209504356127117848071305165206128204517716
30 -3.78224447917488502379986925905145864765487507972278037177623369592837000161334900293641915165681321540430456280005991070135879833089330453782099201335
31 -3.5385598301649011400876392645344188491313052789012552535581066223833705975487309707294653433746611988437682827991598566538562329848722531542278961563
32 -3.33077989910981174195560172779031072039418255063396587897565049473564095620895861073769966262740290078941927907750090781184642355980297430787417480563
33 -3.15178366472053925383588331441003357076454057175439367015633928340704224557762776788222149727245537496445105746133249943425907872289203174252884022737
34 -2.99619739428510221941270475375459214330879135106558875069032207658959068758723339068095409111299738537422080338165054802294501877605562991791018936872
35 -2.85989147952314717849261879624285656079520256918499312866877877870242373604903273566887154113078737712039962870227229661776199719993557570269839301913
36 -2.73964147616358822193379362497909149500309288129252981470206342059185344281666905617407393403155076758515676773257390521802748709489472854939973959976
37 -2.63289408063496027174609452624626503669495208422354776191595836520230143703390785144418097667191173598979262075505947470573562047480030234645792839475
38 -2.53760202215318047846196787807817918678354116318673679414760164902184215145199170660356480481762115804586098952672026608410009711988350779674854023889
39 -2.45210531670631321736535476588120153717709735880399760130680512608320131868667023106392647653994591227447966450999456527120167329698744596657388556038
40 -2.37504438586970307992062518898183955722560522780733753220303443862115407107763945298613890020271371395269148015204312808825504476700035036491320274518
41 -2.30529550090733466818601217150110559788797628258860833892518808750295450754799479401618616879002878082257383270052735261664413282106393615178318002037
42 -2.24192214134427809318843950080594249195780924334837689391326063342927774424349277804924192330125062370827692444338607370781411890688185780329100105774
43 -2.18413787716894256945677454316693179019888009230633403508656618506621886703235749984695101977724815627607831103843496059641502840094639434971231552093
44 -2.13127771505181440445665532308281902635370671498181576413653575585181175658689320598125775855418765418582663523739947802722934204553242339523484922402
45 -2.08277574283516742829610519646518851464561383834309519177290347626447512677377332901316828530529669534795047558902933689687950053614612569513924712357
46 -2.03814751707020394610354791746436482121027607814908424306688626709363921821126043486554037766003191634456490116281272391735509100369722999119876088022
47 -1.99697606194170657242880157487405413274078418273265656241524481586732282532429419153551836890429907076023324331611835886970797551585589955816707506116
48 -1.95890064603425997778946592054684506384902876316388150339681805645522482600596623673944485817253936884972422897297009196797226944819358241970029627104
49 -1.92360771601815484356884852809881380693449491588415010990129490647420089637760617556924824961354656340501059396411785996276830130200300536127379450603
50 -1.89082351985926541597840943320341137560045089840267755420944646607050338022865490361316355546741314932049708015783381849228422424297815468857424983297
51 -1.86030806428464894601676667903236576422328206249498740869291792307894625002575742185712739971863216908934449189185103395331475391616914221587815513658
52 -1.83185013400313504156094328794102275040373101226835841264399523117425537275969942491018495541741302694910292772760580140932974399722811003149517173301
53 -1.80526316188504695911730945473972451197324525308232306116942779444894806270194963493063856698593825563907232744061320362356459411831276601487558686053
54 -1.78038178573677117574413617887157324613587111279859331452261085117287988987663050326847718411871590874615820726977269517597501538595120356181760069429
55 -1.75705896255033056584302467281289761053806735811866570921229968591922709383243608940836933927514327202742197444844773182116752274061803326717963940227
56 -1.73516353808071073326233111820878019524194541983909804632573628181327658591076927208586539667086768622100301393408605260104909732889526337841516351708
57 -1.71457819040552003601797714637669521088908309948230832188418786089148506240996954190545674566882034896522197279137733896332952170330061153384111491055
58 -1.69519768228139295388026856329068818192536277902416629419319656367588123794173288509666742967240956257357963900817433864599220687764109392856269267969
59 -1.67692736975174188638619917537533619324583984969206216524555897805164375644392065834255316179130153949430679676064050139729220616627780046942941338508
60 -1.65968192441204690200335777708985164047704533783755704131491581676620627579215723867795896340585811877591202646348035679063093428945221813343915241904
61 -1.64338423462210524752934022917146387439830158070093251247968324972529630754293529400929211783622626355571668487937677899430675841492209204803044199706
62 -1.62796445723602169133750574772219899645966648481758213491454902640742312342285204614837252098832412137017322635012660872891388209824643509289883507643
63 -1.61335919645357020319781821792840229943692803763063585741714564196100019006984968161215548721963925877133772950731342670795048193161125591578191048623
64 -1.59951079045041256639121565698848802452230261442709573448815319858678185394334128729776797965051844620097608129117961883024308751630131503042455729414
65 -1.58636668972642695625757852546330936535673853919912127607543049409943211313574781815977895966626407632073130644878401099192503190389248272845963102172
66 -1.57387891378090955815117176439641373778112438175037860805714027608751750990180344868930214036496703279917666836079189245277839112839525410978655853007
67 -1.56200357490486218568491607945596292890724955559023648696840272624777325497971931085313138424795741178256472855569162624070663054414472558844408774761
68 -1.55070045967102335286811830989070397309225657216938539287896814750565065884404869043935567747204904705574464608589329882732928004676078020180835194955
69 -1.53993266017799371130824044880204231597009974812395007793213646209711701506419986722491579487559292745534759997913087901953216905659954874298072783421
70 -1.52966624832597099770852120750540216897435474306390928726557505495418608336843059533569455528214600362617529223875189134990145195268394153225173880663
71 -1.51986998741604036586665732169251362654491091880001444717813630189274639576186146207586921449534322406553771413288314484231209481954645030860478471928
72 -1.51051507621077688609164325449821517962864472290711574069330752009917131806529654129490813376020743962403747101168621881989449559899350592205656481261
73 -1.50157492130163942197282407007062140062521288772330165247058456847185996169748761811933729139495413072959380689407482180716640338159292057824052064579
74 -1.49302493422283337079224612144591989118297377712876092400408488034120005917206185476598580292851279369067014063915399887017089546543398363623040791724
75 -1.4848423502518403869137831682121909063339866241579495982291293593341700235534933710895112322326531059472074517681206659273554690925126433493290354034
76 -1.47700606625975573577780277322957385378424002610318422928361672565794118847452098614452562379462839540216090227413550081199446909375261796150321087517
77 -1.46949649533304908513197744557997261777092339393694142649312741964008027437290061675425748204585815279773286211026923955061595516807806628663045103292
78 -1.46229543619308907048614070500626001505114521112318275772582580442923413583956899732378246961669008945077004980854811503485393241072145694566187689957
79 -1.45538595569953734506865452515761054761667321148290262260618323921169966748959829095740101525334224766641149843811554492716819089186101603530485160881
80 -1.44875228294576119656435948793796496153404578081938890819163850320345986480093954887403031499329143396920712106698634703306032031706679772995660493527
81 -1.4423797136447128129953609447508994945032236535403088557795974949418676213459535531871472234822320763830383307279940934637597203558812446049643230912
82 -1.43625452366723120928030697014159056863660295894503965323930103154977591447233541324843740658245101379530567883045257556238229379227567124533397045525
83 -1.43036389073555703281122885709998346374233465871102028013587779944067280437989767936908849774962128096631920255628413310263100538933079081795073030674
84 -1.42469582339644378311546549575217742086137706948842481286890631000821337113763268997452814590196636646014644103334190741673302001355361802510443732331
85 -1.41923909650347190154075834366909042392710868570652665085541624708956879924762107145462653888642031931431442381027308184558607788887608422184692223644
86 -1.41398319252943178380334142426783981290326905109176317841634978600421740051604802329238081900153501520159518028404760168801224169074281894565553919612
87 -1.4089182481089620427482513406126261938294609619169718681306365214910881501471668956932917291526718350097005310552527736811168067406681957797136860101
88 -1.40403500528071671696034238189239068042200627111898261332834391765323664059989409197024194541047145670113304918017122392268602840750871810016441828885
89 -1.39932476695863195077753883954063890684107604768506983154582417440603219770070325203819318474353923468175270131875064745398678606927537216253826294143
90 -1.39477935621459118538522115157862004802104805921231761607599501534006873762250167908159167014266368232654192959153198585288252903282541472580521414337
91 -1.39039107900098628588488185150190071401121658913517697445502516024599886297984651570868298626769210426761928349033245013983364932923577697196308034941
92 -1.38615268998222422165436265177957115075392567595618540395265170801253222876449335670805848468920024880050682764932532995601452841236027275467089103555
93 -1.3820573611798892391063013174009332506107070595878000191783672874187028459136714427115679653036020458197379708206851586668173663352784930185518705208
94 -1.37809865316768405900630832644129715950153985219627316820215637022220291920131185655051804502970175005927677978932983332525232595551610040302251848302
95 -1.37427048857999344883074019328376983844124055471181723592008257870436041460046811574660453016068542988652595657128761782490531903583705262368618657051
96 -1.37056712772241449707772294230367709654974656104729523748595678411779906870640689429079735056981549700610548030508534231709950592648200673935152646291
97 -1.36698314609428880312444659301202529994218601764858517235588366934188437765514898752027297334515829959649477273377063636629870673339694232443454211646
98 -1.36351341365250508461944208522779058960439455394776950519930519020937876678306247875708148930120906343734171487498938222486078099705775003941203708432
99 -1.36015307566292095606070723363690248939538228238060237404709154431534833015651544054491952059579342160708769793187491210917085863367649394948420768575
100 -1.3568975350009434908567875457181530492324826145860991860476267388265822437831201955631240772772213979513520769877193306708549142205942365133510710954
