4 0.012963544673882795929142234256277824121002939521606788388031204110340962582385830741351969956336791216251049405054259357702
5 -0.497367656325214000155967720296557684984600928180161816985610788237069831724603197813746490880559583846047680373324693155873
6 0.727792760381757585960679856792578497349641590692571286463174575535452337057430861557674450599271655272347004395598851832434
7 -1.65656608140186886845631530981882245568069800612299968806284823248122383229692603888225770937473952811417786742893769474236
8 -1.16908801305273474838492226535936583342542461214164705860182219671817607595982282921811376082993988675908421635471204785675
9 2.35113208915131053056660745244955950411012038573231678322957264599743858015083755829107689964285706737340346259552620690427
10 0.691151904438242237101795663743367397382154031018950503110830236731513076480479902014847823978536218647490808126860283397236
11 -1.42674859701732409284920067576014860824834354016720948624901649963448457327432413864281152964265215434165643647757111314188
12 -16.0614922019824599370084131220138956797137065246914039719771427103172212095876087403076479352936487993107468128693645418551
13 -18.5673120939009621304242245945631797140235356861951054880491305482236185106421211496953624758561476702412607013521205925867
14 -14.2162045279510024304800385021024891912307340514267439702872825621312020142783251956439148706261722905280416141874980010613
15 -6.87445376750639259625606062836175483208539455622242917690103133006815585200935318338528541054036917233701454530009313641171
16 4.34996628790591842249495499110774213025211092212144974549551035263913981000155636639977260728207205321352648324694215604372
17 39.4711336342343651863327832073101872985204938691112298693775412061754588267700183880646182902245367226403636031005331482441
18 -87.3667381872120569828876469380605448953367745590683400054259387144549322743973032137010411699471568854306374913943270559696
19 -29.7080037042114567598721409248964128734779698938018616281609211765113524314639393401258443138097837098123531741789681771465
20 -19.0496279795282160005435613118211151366570316552656845054315037509284223288343438940883446633724544933231421049968860570402
21 -14.1601302866300969081515489902799628759466905780207110059435408839637648310497365260224579758396091910672537161324080202575
22 -11.2438508177365513079743091102006158190841145487758376873436243504536052400751970606311983060613339605702518824726197261365
23 -9.27822273412016068085840029171408673603572690874984973109456238438044862170417615949144302628256272232834025682609966550853
24 -7.85804635250742523229110939137999468383676575412188642307643757715164391583860471229755855232008818261600253242959136824662
25 -6.78492692819586052479022585891139037570246707462505924568321866428041744313505253177665426834759001488995799650223693475624
26 -5.94797140222114074609304353237598389711404953163763787376728603632129625104804608238846055616341926777723199617151901315267
27 -5.27942854431973404748059422664080041465677133756852462666914442435208454854065283007353397897722696338998090349871112813541
28 -4.73521609798449445078713687323483457375488936193013898242059835080196719104490606345105049521609412037814172708574066573812
29 -4.2852863514037732102657845246941112302212129246474829651060990932412491778820791789834450249978213569206714626935483716001
30 -3.90841302129326482146650686127657808740307998825935864036963773802425449147806071490494556046411091435134507772135096651907
31 -3.58916988756072640760522018148787348717801744593696080720688370358492105512127183104530807733844152085578290789979643292968
32 -3.31608285014585449768319326653783006361060821875494348000633832509394593747197669368202441793368087518229098811612965313606
33 -3.08045000386941744753580705548576076062287400651525120662255437223190262442294771334168545495999659662179180082004559474809
34 -2.87556139731595157221368832499102452905881501456712766742466410004484382500265184866100988901719537259257474508644016505367
35 -2.6961678915803480103904261425711689905040465754191465846974597879601950521362075410410342029129540143687103399678202792772
36 -2.53811063338927009713963927193580079402478941510985738441428602809295200717081224178597154929021008625682737362801839551266
37 -2.39805709989463950670306485560496017069052202330171323011533123778355108564862429495645147968928661644575093600773321912082
38 -2.27330960997654266319447062968827046471167973753096053120956187602619263101485046805382330631959039965358488444621728908123
39 -2.16166416696525418926043684658919363286039198306421738389079476451750000771049196982359945543227363162894322321309411778982
40 -2.06130491369184223093544525519121468766136923915057611022493385122469543455768781112319909593679526239951570358521469288885
41 -1.97072420235988629045439046649992505183831240472870594063746377754968765246089379641716718946881284346497877985606168032901
42 -1.88866136044913767764184364558393014213505772747307725480920087795927553200675338381708206743159359576542182836753695394579
43 -1.81405528405423449128112427636624219855759875992127280823154200131027452393468480817326949512406653653511637770002639972392
44 -1.74600738112524873487873842439392499938584716063026573911705068374293913734001278692378559402205707736349903267632068384018
45 -1.68375234687382387868642806791206271085307964717534511861629447291108562837082357909493383548468647718522751984200371094827
46 -1.62663492593197160950198700419669328348282024917687126164587376475508023520298380697338038702359990113462612720532134365551
47 -1.57409129331206358475113250651533843059118218421159283261660418189763158041459074514832649207088550076132859513195717646493
48 -1.52563402957115185766899414636324312740893080169885135865984056099246639479783715431112976108016180879451127029921044257428
49 -1.48083991535642051482507354127646888910773920439494353738221965873843308007757222726291551579356099994226794771335678806865
50 -1.4393399541469867325690949870288777216564337842237259240109521713228196840641306582600012187961577527276456099035635286909
51 -1.40081116835757205109941504694931992502685603112494558758747584981248588562876978792600705323916248150321014128762748478059
52 -1.36496981614052703690948264250530459872671347159268189326050581781216193605610981203888543731442340011833414047339719606138
53 -1.33156575344001703872659405389707858421219340294655865407656926079144439171191911508774109598578004722336581027752747381161
54 -1.30037772468011385499276947530883081494018716301120911048730670910158433570627377701745785220785311506464547492938506639494
55 -1.27120941062543910460090220318221329857364214459741020313777721924851366075364454435240647259650675122290485751066549308061
56 -1.24388609686278499411788955594988350514916991370347042468033983369887977806434102501873926962902239519271081230796566355097
57 -1.21825185352161585906784081060241945615415117441222245034627768694800556001834235316218895343782621950557066115180517800768
58 -1.19416713813131797562380871944678451002120278486637787020741502445677541853290623305547343313334799730811677834490852067824
59 -1.17150675028077097272111277445672941291209079965083282908960995824137712797824850267444795502617326384503516930889330372872
60 -1.15015808003379885314272695361837123519580752019003222567558411165823814448313215455488916580670986613779814135504998601553
61 -1.13001960264189694527113961349150436580249760444572164399094837326572920521437617417662906441150367001363974975686655848544
62 -1.11099958057585696437355516545103859980956437589116353464435005003170810286849041625365888979630918775922061289458081532411
63 -1.09301494072376519541824401022315851870421779970143374547194153277918231175613621299735054775827820861605578758014296604758
64 -1.07599030012312235297653340393762566114755849749921238467212120329492817561173367027829741354843552329693837660320003022848
65 -1.0598571180794969892042272490315783994034751268869902023946384553865447026374241886211164856704514159369387042646048125305
66 -1.04455295618328932580645105390982303127181047935792187564662668765701615737743735422752650436203737388306286401940299937347
67 -1.03002083073423855162096890413349593855155469330503272538558578665833031533964009808981116533230598538987570696526660737509
68 -1.01620864454952062203725329074686385095283348799054365305260125559643750268232027808945131227796178152770085190865246015397
69 -1.00306868716779583036043929831430239419252765428876304645850527228190253180719250751008316276066032283145170940656453060801
70 -0.990557194149457503077378571659396169363534088155042351310681080952546642984007082702114434340476672654388004562236066584748
71 -0.97863395757725702713177561907554126603326082873146691153830138316500135638970508941210541117890318149672282129023294329706
72 -0.967261981033208710556136678260216538177121344626242218713481454354561143756008474417106438443357084123550678882447544206253
73 -0.956407173308841004895891075461845395799569247001136914985991780503744371860204199645378185116752496090672253589285767169807
74 -0.946038075930066376336700959157101200735169084294796508787205685951267146448283731609098582244163472792092322307640901295118
75 -0.936125620272426256263432449992280603398581859396051857147499968905315721461242149517882457262619525351751605728796532817939
76 -0.926642910629383227189822206779809848930128969023949911419566368562032040421980848620370934296573390394449192591784625202633
77 -0.917565030093763425472565506046606091038302256491849047768930959935240241107607652362841803470837915882118815137797463763757
78 -0.908868866535210452021395714660232513474744202809406789798375177165938506565120038268845720332400546974425469469241077562243
79 -0.900532956316771298193891388671729111162994586377133983383138581977869352861135770615561178382978890179040095461709524265579
80 -0.892537343701531798108299660131896029848330378394521292825612187252163586477859271840029753855031444143351936085442894547986
81 -0.884863454163855064870047668073579838745945830011898567977143082712123670565546187233499704182808843355807250246027677207307
82 -0.87749398004613760431923182020398774547514588530914105011796871878735719890925270889052980681359380147777711006193486203574
83 -0.870412777196813730787851738962362343448177301540629936916830098333475470446337846463831704447146946586006234547130288588753
84 -0.863604771393389903929518610188752697119105028898839876747922387773097129417398471038352421672979964684163672201879076787036
85 -0.857055873499576181701337100983398794134689028415320875707314544716203720161185770871473404411096531435154081702084416705956
86 -0.850752902431457298823912512595807658756807136518165796367155812375698406340280887535931655467739819577160717321613422274129
87 -0.844683515116932842864233055228158815441673359147894543224418543877064208334901761230784186611472926736926869618940421242677
88 -0.838836142727734006220370443819995846969367159975692895640891355730581754312031196998894986916915002766193418213993097830735
89 -0.833199932546204625499189778972949371018347103873887981137287537189241695442311759302002361103560247343448055783277128406806
90 -0.827764694901420679155084019080873889825454158448898091271978948191390602426686456540485765390694195376520103871272077967679
91 -0.822520854672562174372377359706489868130370746782995574387179044498840349536094361138819084623617045088077904504127491598176
92 -0.817459406912976070329746001928748028770485411912821240641898904449348801245425336129234928542018750560209308873893679616359
93 -0.812571876197129158690500642988099320037574895599609354247624984608415637754299281993202368466361367451599133707068496745488
94 -0.807850279335543727826255469865392307858632706690001341396167586944194719628162492383082429136064521645481631718447743522026
95 -0.803287091140605661125841692865944709969763083881100366475162781008301876846782806935959574084783493695720671083058069607438
96 -0.798875212959494662409656761688338389323185561032944513669725538454694940836090481203731660077260583171253917495389814900781
97 -0.794607943719977436063917936681179939435146496623062912426972183444074790034062271760498541228205144059581611070864275174234
98 -0.790478953260916198548910097038037753274991915027605885136196504103175936688103793062011642808473102148090038948804836519983
99 -0.786482257742499289465884114446043039048006232638186607651180416356183361707513865447304390225470209029497783655892308923754
100 -0.782612196951763230074988427984823333182833311481640459555504146809953098169909796404344525630966691878738487132986593563105
