4 -0.75717551364058719452634426371721949246084690418099719108230829892659300151601820724140094520835628647055079161339806790932
5 1.0236587929954325307685422467645093196105627741523095843610941978702653243891174334801183982203375861142167479324283977716
6 -0.12958423119254204551535045698408052853915189536363885871069899202543621955030741298054339224886001396782122995150689322635
7 3.0194987456078714929587460049024330604848222357143858901266603976131373719003003803009676550970383401348868880600671546883
8 0.3984893699855417594054626541805217304481164199135899812759821160106416107095269143357632761660940511455379970660180709545
9 -3.1281367505163119941448462406356863272423941664077885737127177001080192269092158229876894149184920535285305112179646334452
10 2.8559309500446867434738320974719048480517906665376076986711931754836064352534900340760958530924027877296049764530556022867
11 2.3245108213363811037085191813656611619269164057858697899019555125216127975027419749698419282417740185910207726582500874358
12 9.3151971339393600790071549462369311702668345102442768635262720867308897611975830627302859700367475632292075362023681182598
13 -0.82613315200663549511696158121789564204700479110208795971359922053658953107563535690944984254841868156218911410049218783014
14 -17.280069644288926726347731067058359282341436163200159914388076263215909910361339773725993884002336728506111205339611006142
15 -37.608381465005883861515853943495817946587241088010440961635850064590874281471450867653637123618438477978202063253352564146
16 -70.998471168688560541600832024528519644307216754770237910577981376349604389635859051061980980063635489478552618903381042526
17 -194.60176072149698101208542483887706419304866385314999747376593197737867274266521793967334899593657768232317264827521248021
18 287.49128435104660501866609023069179997237614369568780919457108389167960506790563926664299411686467625502586688816931301418
19 76.962721553838873059232163177703449585344759723900950727696697078411418282463381789123267935988373232778061775789768626627
20 41.509276865209383312132889504977490136523631745197153252843916728625631522392646569276817525727433098617240023136806552361
21 26.819360262880652978280776894534107443142805832221500564302503446146445629044919078164597114558983256929713889202735380284
22 18.846736898532874713757591862155060308516413986132461612095209451484587893022601167852429443592149109560674460582986268602
23 13.903715401495261195782801997056754802304657039262639981170513857936963930357441746293094506051397730435788678147931487459
24 10.584918671087115723095464733046499725737750762611198263499073763254694346218147095438544986483794451189635588881180872671
25 8.2342687796325646887691976214386582626945676406923976750387554986029970388573924392452932033858793731045543138688224823394
26 6.5035194535251888902928155140960714602582963855465602553366412366360044329978144043453457893619613381088562413701770304588
27 5.1907486850462716213179566947508541988184097416069959489964002390578793018583621511445879086199137422974220822473135241847
28 4.1710953291245350293675559893654013262821553570129969746360339949804025752976346914039095053398601190542762116194471885824
29 3.3634756177007871994898095637570429688308141614127429832588152436750613738093908876781969026881106623792199955325193047102
30 2.7131635653718532614090773955469540758148810271188984921760128176627170359423728913670809853211036563952402162895618779667
31 2.1820493727871268642744597747286136787471993764123828056883269153654022737426183631634208440044583181818502462086301092445
32 1.7428961519250975408480756114787263898498379952068930252263912917808144662003369016159496074594618260781357302687149187796
33 1.3758050427180614974975640178741996224167562313699254726375437155315167893354044699179852860532732767944970054609929464234
34 1.0659604282180283246943059610488814187599757584814921291052107364756355492061352283729016321943002149263367070882716232463
35 0.80214764800795429239780479241504578323653639246144927828454760201983751100749772600181507247064673905759033822921110617056
36 0.57575304834138092581269187142762080293560384538891060660776760238934564923741814679224531248655138670334356219118104672088
37 0.38007412565956621981949533064534785097067698547421618650343477153214988243034954439275316506398631777696899725594877714777
38 0.20983414687507560530365713969214730374165692248173076581554628061059811352700539514393343562587455826652749688459427246499
39 0.060834632883827436676186607751708508431907438921303088403210534424673083314464698257409463283389964797772609151424883767409
40 -0.070297360401808120394100801828476364528415640094163645094582162581154650567233105612628229788360359024902675852492646892546
41 -0.18629562153184159715901989273417871577643076696041994417340516412839119623973927580795241565743792122734317910556880550728
42 -0.28939399946035450545784439371842545591720986897001182636875961088227796880301107260293796183785105321638273211276672694457
43 -0.38143160600663713957912256206859069919588370586179504977544765470018487426579697603445300775970328968135580617388945608696
44 -0.46393316680955106674115066082652902509612629347219490296888905724297577231241979294121798575132968490831429309777237657016
45 -0.53817099696615909488760809230226100316967824444984446536275608588894944327635330362689684055171324080848744074349680780123
46 -0.60521323992829771032610815158147739238017463911434008716861631518307690374783007041483888406228241166986560561065271032195
47 -0.66596173259962396214507209638183897201309074646310259705840799223384719610695890061934347267859235144712173328997604657754
48 -0.72118196221407972306496014112033760564525030141533577923036254299784140953536460782224411062864010619126640967227492422105
49 -0.77152694152852648058225163051402851559282648847135848033623026251435339596677898464381066297026347544614237186050403902648
50 -0.81755636857477261333907158209309027760974840708335064722796961992488349441042366949168974849742382683683796598682944301478
51 -0.85975210216928606730060160330116278113873935931558840724005921072272067924441232268703284585130928979225309701400253070998
52 -0.89853073808538966041316928937237110923771456692768481631159565649904169919144313540422128024188759126666311271870181731782
53 -0.93425388806935524388806135155381056458947357341252907184214772589960449236934797732949065695499492506402738884654479110034
54 -0.9672366271465714322587177754697096240401392935049186173342075432056571886254304670256595560990567142393155474033691154154
55 -0.99775447150959018724460045171606848640882441331169339432515610403711606657428350639189074868982744323186418493618112444421
56 -1.0260491708624572499271870198098179091779373213478285816749882711655116149702534159921966359570818179620571883167759349085
57 -1.0523335390516565642538790026582524964977940851715735477496004382380371100724203250929229789244398819742665463585763547477
58 -1.0767955005234636688263896722497734051190527521579547677061148059268894772833500518235712064482427568035555611633819080638
59 -1.0996014942285041981990969197126728425711635211817899414392708039028851150917776953400142459155659223470870914543581089598
60 -1.1208993485513145317804616504605002016054179527901090586259766532876776624073966613169607811462053277417982942162226756219
61 -1.1408207188204195397617044183132092223130240393159520156940660477472680764272299061585572661730156239869016267623206868857
62 -1.1594831615637370295056016949627865055327194818301248763485609013810488371049561788578560315268001995758225230230179658702
63 -1.1769919058678157328769772566092112407250415738632786413496310744667304493684022906474015875688159269240913571791056107029
64 -1.1934413711830253660164628775642408374114536885068199155068302406519226511331248211600195520182806660207022531341507208838
65 -1.208916472083856997278617631305424269488520648551072319485387431237018546246246889293795263320323881360803687267551561277
66 -1.2234937433782674214259168485127460535117324685239608895050738415696125540568797144737000806067388376401444392585190211762
67 -1.2372423132029214655909684399983327751307800177155504993845790672108575926517598538089531725452356493120525209844460172108
68 -1.2502247470630958629480981231542854265412401018324073741814863386783411907083785444269586453063702631870976695855311659804
69 -1.2624977819590801024826802662818664828373183267830265972365935095380588111934913353889561257853666153058970872036760158739
70 -1.27411296661433177398657230676090565838791940834612008281103126450225148684260476758002029514574792764633035720818070407
71 -1.2851172212498378412218533236415048726085324488153232789965929467875309081658842839648744394812392973669191176132008990794
72 -1.2955533282275849726167086396666180895128086093319696043071893388268748240435851690154527149989213099181256001282641908388
73 -1.3054603631290804141396413983231218870546889587673624634585021066169751965429452224863741112344446025695221762055951462901
74 -1.3148740743748986369659569650741480950094759734577841966793127494219495806522323719498660720424590562651129687737076486915
75 -1.3238272182740822771812969034248212014302099270286582052115466645768674946876926829305979052978772581594162326001298485671
76 -1.3323498553743055900478992304690875604678593871361871145988581082180190083915893338049211455433465167559391423350943871353
77 -1.3404696131298046530702989719475240472011726600364545700155197031463734527511686507135729703137743405459547411076986581788
78 -1.3482119191856479758120827200947101890786831479667804619269475560760817858712611656322660780545265949779184982782124173186
79 -1.3556002089707443272662212370672960753684012802271501226555034297377267958444314257621849589291497229263295591410474330012
80 -1.3626561107791078762919019644135847190547865140272311385795934935405826474763303215010807778286658189809023067647814299398
81 -1.369399611083801857491148956181325728181955508233137893344753069207075145622511254054498266550858534908692057248442480505
82 -1.3758492024579081729773492877954027067594772287747085984303215526606401250971731574100460315617875984242732395375361860773
83 -1.382022016161311887394348646436413792892864358354692418816510770574260557267303922443394846681782897927521616553848850889
84 -1.3879339411823593046579471188442765725922345484532275150338608630945619974928400020988415073323529046970006972991100834157
85 -1.3935997312923447188961580989053882345156088015382907618418720879016054831836674178583778250151350165913549372039289681224
86 -1.3990331014723172626955074148305952278748144098145553468020381294030313900667691241174611960656954793855159871970218358277
87 -1.4042468149008850362904062141170897702113595794754211764708556222487504328965996936807439244793111648645215109705680566265
88 -1.4092527615443578155389640376364643539932698144441403725984726947884901588504672688978268076754803496574354551215495765649
89 -1.4140620292632169117755854338181024519275293996574279132216976816169758735834361364025784266603475484087590198860878433552
90 -1.4186849682385950217405834095506844950686779504106033416032522285894294704607009687727897014308525747746418532172910370577
91 -1.4231312494267175893396438255197049219616107918022875889367690425065163470622087961142390653589124168169484049456155213579
92 -1.4274099176660131958224401853855502053622014100582073478515404276727609949180944335767360121087080663410942306130649076794
93 -1.4315294399890780012541670184819682106921658425475100718627185985724148719741026593505209644049075314346355880898600840745
94 -1.4354977496283809651157270070492709036938330064054430341532330203820688356349781959666880513340559773588028676073604360458
95 -1.4393222861492500516551927798381679785384247820588450280850918976053860686987580862313111916549661309779058373135861976886
96 -1.4430100320952012564908509780868510256286245750969664909228491523215499747894810401022632008302808737576973240983416693678
97 -1.4465675464881373292674902429337518297728901908402345178708448025187744993188559813081697337259978265202066002503674819832
98 -1.4500009954885607503427993030210879331484085984658451260167017509294474599780734371255246032513039418014032395419477920481
99 -1.4533161804880383206493574439990585418989553051521274123707574439740379431181219950641009262206728958349759842750778795522
100 -1.4565185638771410185496546826295366073908868347889567458850317118608547455435501954144667458918738429919531150840549945433
