4 -0.743091115268550167522990610112677623912720964480290256143202140867129614105772519579917699735838715251161003621239087705
5 -0.208714787275347437633373153304269642902824740761914442627632459444686256662533284493224745930252681423419644990221997918
6 0.430902450054272207384506929579769278137114990974339032726304660115992133296647924752978243791716832659612625564745679391
7 0.129065098133498163054955544133142343052638443981256031082557291317353091185795784259604056162047479595540588786730313121
8 2.45573678998364132513074493702982285123559734032317816848889125274467051215313590263112682444910699622663640018759909282
9 -1.0084559600567524297855778881249665603829931773729400031389738772587667297788312978888284007745997567987976836366303017
10 3.00772699224056579899277825617524119150154016110855224198902712471003162374608692400922106745621618830252162469018151257
11 -2.91482648341054040259200338449291692856988447114938650468185157375260664254427752466676298092722514882966605056262478465
12 4.27628910060770292340036196198574447528293227209377846861947070753324112071013041998666539222510963548469017077839259557
13 -3.21083539545650102300292962215688605336911206489148245734877753512589659481508490474938562821150520739343818893839025458
14 -2.83552292064359074390574196887503878357067161757325367173241061693324009499982503010083386795761679519780533511637551041
15 9.08202450011038177821245870708973188783903723424722045007106292575934339996194203605157912561251792332992433496934916584
16 39.0927906054931495692299394245920909802348763305732735255212055797747215149559358884545360863221936502809489456252903829
17 158.940992833347123983739030650869137267894287912536426347269236939250492826293595453862141466056691518087665297736003871
18 -303.682623849034734575875387470000591106587044704905924322960053995561973214058979602275262473388510137157458619885677729
19 -98.3787791640866856718001742536405379920714834463766817480889128626118815448976189111835038535798782505878002175589118961
20 -61.7996577282702417136499803488044651814841248615468572144540234617034743783689936540379074968548742130938441497017173449
21 -45.4035937242390434593143414165234413167429126726633164701526452374333777286346147736808830084844060051319679757040855077
22 -35.7147874054325902686573090698678123495388276366542379850620559597970268615862011964514295552647703634605497959225533035
23 -29.1865697124859543096692569441854385058347215405892386009331939081479159713294742858866114592651448907271573452685658137
24 -24.4484736116814613459105255678430008674846034315585868984936615067818670573321453214873355988563539047861997885519944635
25 -20.8436709031834003998951519000467235381796105457120621555297624444924625067684484222648163926096866377381472014464001448
26 -18.0104977917674571260837303624427344057890933161206423260397917889896372230079090771120663235798863801008463669390661984
27 -15.7298708607600905462470369538786794918422280153645243159575996608003267555031226233114829928964705194246536018336228486
28 -13.8596885128983493203507886653560448163932090362960979172228064709601323887525389206643006907114723756053230222192580029
29 -12.303001771171560632528609002169280733612345888738064246334471378105957885498387492859806889385436499511435489943970836
30 -10.9910706654747872082685043639643300793079555174465068879649005820698972346279441054099835571821409272572141822906623982
31 -9.8736644285342274287430454820260978759418510698910405520902074972407272182447563081923126363256805446350799541084818282
32 -8.91317740887640336890315537445590988348989770819616468994034636555826643529838420079386136620564717859663085403533357818
33 -8.08088892279335993241682276247454953872553982643475016924648251924627229988994463662239058432046347834797750878811968
34 -7.35449346909308320252368364840693333870720685333849859050427687908963377873313803280394313630269836808804725807830185043
35 -6.71641764046649514308393709935063645642482860764513392356273075528093283284197130928854360607479320783840764746066020314
36 -6.15264253867306727574031152154161761862421334306105600589150506672301317141872859824703392319561274443526162117119368809
37 -5.65186128770376366250716113992978097272771362769068908012912339887431343048571535587838550647683477941873940563703274502
38 -5.20486465111341765594288988858490365379289879578396962040716608772771214026177817938069273531212207966177336673053280838
39 -4.80408549774968156253095316101605094651415467200443460128181765238141861135739381513691117913362032202145372776553958062
40 -4.44325609219345381091940846157259124259770201292705546578450398910257639766904531336848787806953475996075069497989228972
41 -4.11714691677408267647143137877078840445830579510421105296433001687439049306447068344306727513701166396933831087616876515
42 -3.82136531677941454441990683537351160323931393098156909115291892511226449845824999597647824012045268030912067840334692521
43 -3.55219864061115782558387765444838976020794263636499485425971939457106889334579066381211584641274244464258575204113588557
44 -3.30649088000964875448084352736480076476661268937866877977253816921150807210019479244858918788124105688836834050017353738
45 -3.0815448119217766477919265978159605863773006767023094448168503521531192328869683594085796678990727497709982196528225476
46 -2.87504374908147007056146050102431549440803288896799567361417953019358791293122030130537766549972233864704978752111083157
47 -2.68498850734353170829562977084871987420235646075423144328811523897059136339551688443338499051076669353541263743709744539
48 -2.50964628190567888491632935342278456570934969105942449382442855353931984140116752446385623588499481787531763938646159464
49 -2.34750891692416955679125985879279490707801230786091923281019140666892055019092269476758668432415521864192564227422727996
50 -2.19725863851514109008097747230510034040458617211654065992266495064782343118883841346924345452795174987592701043330554535
51 -2.05773975810465567244110227242327554718802848721662961964814451703286637938079313103135325917218471268537090469482200128
52 -1.92793518224718630756760493715950394777140229851627475517444011435864075760606140201011210298809728924243141523859214423
53 -1.80694681511121222412708188897504282399586810129705992444203257949713407475796844661691519781569861017133804302001235444
54 -1.69397913135287640337063924299197146794459637481766905105665818319938593986614941328756300942614729394155916427642899998
55 -1.58832534487410382490879409937687534971312592183687984002672834554422029427599843986780578242994959495493661068423021947
56 -1.48935571378320614684266489842898718623970528126724102938972593120430600972379834346348986803397182354540071027302368564
57 -1.39650761168138406155827546315821207696036634357708847661717372262379358427592688175429674201617521986487250072812808735
58 -1.30927706607507604635710999625050585005571791332108007888464787597912015644873116115746796950263691125567957161557892464
59 -1.22721152066343296987345642181090694533312446207097413741286329367808471696751455907533653373543131478783024271964630608
60 -1.14990362278785393351737271263935717976234069415322653649838997138696837471941401980088708785428602434414280702921664287
61 -1.07698587297157028361757315502643212973271283871210526611637471541903966974283276509839899278263058891902382454242390603
62 -1.00812600214230355315396071587382246195995988389216805247874988369456629043658907106785550763101621692506769122880412009
63 -0.943022965295936515627830657462490649558968587522983595227691352403645440914583512542608747558897323494284313574560830873
64 -0.881403459164867381339421932488315013229893951860812695436564227241003367033438571613345074135458195267203941946834382342
65 -0.823018886788295629179221154720746311689203347656246172351285017853316025026401359104744023928870675028665395969839270899
66 -0.767642704436474081568044367888808531972669940212565103178421598313261101873742088082471340546336437895307902858861687356
67 -0.715068096661729868770266690726801792021624220650937423566744731351561422033157497288244136144520940074803527300468891542
68 -0.665105933765948678318985891859257272523627860635793157510998063130794036860833495167704576066339465462168671760416329056
69 -0.617582973028465362583897622128959868691632123867740572275174805575182294885924319383028881256776346260682786029715449089
70 -0.57234027090183488582067284870004833689079698899477188714324072849715514260809070664050528844092158910455460416071805971
71 -0.529231778273404671493553899331656243217145278879717669730597785445220299873819919312446873769928095212307206363249395323
72 -0.488123094982879877441320222260315832401206324361660484750747311540854490625568791766375132066169911497389827150842359985
73 -0.448890363221298239514564221618450106461894639169926759139514346992252871023775999691259838437899468608606733864044612486
74 -0.411419282329327084827602223216060501249877191127284164782658576624217996529366751492305446499155264955700346114218852393
75 -0.375604229955501381574248880765668941744469931495809359829790889932221747525187494649287671018304006293753783543740435202
76 -0.341347476603768536625696256147813211837692796006907444412383478474108924078043465065247538323995615378574930295252364942
77 -0.308558482356577252261013691787548686562183702899986137738410905699636583107747277821231455514064389927972706346209874375
78 -0.277153266055743362249256544472047638226339424403530964235681398509673384153313101902991533624129573374924950948013128954
79 -0.247053838500473581937402404127104164190151251776481019252871279122331096622880092695158441319416094983005896108061479926
80 -0.218187692314971910066695620252214329785282063400904378880282929628186573494261020769680227254058739244522992825364466419
81 -0.190487342075800685189607775120505245576714264855968903618978658864504286290987928901861967815526228587339954082268191646
82 -0.163889909095574778607105166326321373296657113671130825296100324730910728216606755216005146048185486964468504449648174088
83 -0.138336745954610442798420308324353973304019540157280125462556293577409132121333163077426544069521838932298402471572954022
84 -0.113773096472535245932134461538444283838612089773361424225654280004035014082175317497295326911707441905096723143214883606
85 -0.0901477873315986646373114867234621467019912738092597750349765258504207966007636524367438214355101874356503163085136138533
86 -0.0674129480142780382004208739628106314930658209533668266338777484238118565618382888951108164765506338267343604354637615478
87 -0.0455237561096735520140018685775170639654762498228834708954902880702835109164842048588936542941033378714057951531042324055
88 -0.0244382053845102981321876929102855850986929218188039741383928757812267599190515392672286877348541408157521837433073905533
89 -0.00411689431241244451949730717469995410594051527049843499825979588496038614078872378199901751836167999532794614310198472101
90 0.0154771669844924200442200289418824067361608299332085956416065113884664348492051799603525098879025163458131562152880716128
91 0.0343787331995180094893068513835412011958272000223508723906289384946819909539353510454938834432720854935001849457226553211
92 0.0526204853286923519626284590723719588264268172235044948022604762076968715108808202976609402542029448917965091115609338133
93 0.0702331786232697606979402746629712414960157857555949836703856504931703900896589238739135087829028015895328469061285876383
94 0.087245778294561327642890866697350238425829642413954726999853944887253406879930226913840107866249857051180616382012888133
95 0.103685584121630115817877950399384725927980362724465247910513325124031600365425243098633390592101001947611597074083324436
96 0.119578344991806922900204095512254787850926120528191137642324142779627763900864692810091605668856411246141392844092324771
97 0.134948364297307717349848904845754688902606928244990409541586870076604071115747408947747047669319335183828623446135639477
98 0.149818597016725448710363334114296242207694855088183211346868910668388528729728178060332304863567275463309637012403523174
99 0.164210739226315163635254975768313660818391827767069253252701333877483589340008722952820911480489648696307549214642270052
100 0.178145310711483348224857129633558531804705005848605857209466546234414772217400556070944596425550850506417268381711514213
