4 -0.035522138341249613486750577273313961090114396174376931069190840994671738547442210618028969132344932656246491513872357731
5 0.49605835082353057358903910577025946615477157949968689911824837510517269516096238587937907802517138988079582426369914654
6 0.034997390674681382126499635730373347833261545653260647792109199883199641254507737928117663991464822416833455645935204343
7 -1.1335099303014424234147953624149110645387923602042950363723047353898097564979279467397699445703117094012457957879231816
8 -0.18244557350320938917332864441359109029901255380086519194478698199790233001868852748007884964018815267827686533926039476
9 2.3076340909269639621694922123318602853935985373241934627262249265939625339222484171508714094146436089022217936866029957
10 -0.44266517705222177397539266750582159005446127350120517853210251568811517524883036954118457402072821064276854066919226698
11 4.5006505509635707633783068880581271597876300344623400334985389243408901820811168613902965612580526290265585601456055944
12 -3.8594850019147284283566413490947671507068507021536041421268366562284943459915588508517460034192921010270743143439383494
13 5.6920866035375379004649432168178092920311603785301844531828443896220044734785787449105628396953361100025265902016640556
14 5.7891379399739177095920937742086483797232088212700794847302315240553195872875444763527619103624895612572037455203751705
15 -1.7655584753765273218029805851892105644612041839944785680884883121982612719944073406632489702923097881227177392754798983
16 -14.760032079562355326208261385328129323919889217465452026864280764441623035776092083000217644056873472649861950267392355
17 -49.787132278631656290818993221628302751042578946263853715014104130455479066147845003171018962443061568859135487515956415
18 64.370965001541162904182644554590515314772121128641188376522223230636085678853678832227072428909318829953452280827549039
19 9.8139889784011804375310500393956514881454757685396819477377401302401968222267946666323514054991460371285239525308048276
20 -1.0626674911934057073024598190834901937734689935441151179260086423135278008245923601350823506825669117394898853200423288
21 -6.2290166933136704418922060596585811804042580241994268029479210879083083517620239958658837680615765647451736169271583873
22 -9.2826822277336657354892685394486775062738376781060905676656163147113686612713457714477071715709981689874625213054251964
23 -11.251994179107473003556956133247718316506948121596440830739938952209140078619448205198272849440182891500329013634765873
24 -12.575479133743449938838973263242144913867614777629757944359399205162188698642693272653048144592112631000696135470519614
25 -13.483154775510196433267997666868697272973677170755331401716213528533964664373540808543818157200572936593434060034310282
26 -14.110690324732333273264819447293705490799250484960350571215894291795598551692996117417833193452785473851041762088080087
27 -14.543980147600128092496192070863233994033127453512066534586618884133503961459424287404265165512597089166882701438214392
28 -14.839943389960590491562625419922560127078108487239672094460681165008118116142372010609322663128904681428405569521402142
29 -15.037497862158224446165338608886822904048389450118841900971182118805185939197455454987329395804384531509860053659686458
30 -15.163865401492548185471926824994557453848190069662369389004773309424219111944391804998200592582453864970693004259927397
31 -15.238419375214090082053886056204356065772894024618957602294938864740446484129284660657169717415972016304053403339033503
32 -15.275136779756818603649731238261569774915947078960760118820432402537799569266222065234811436945697285464650631703482071
33 -15.284212650191466790891358464762027684261479491406712463137323561997345369036402630939298533603452089572667344108656037
34 -15.273150036642081953835522001403744477499918040958168162409876896137695820058180034945045758342702309980259031548472833
35 -15.247510884487152043834168185710843869030562394234939075725115688050924003061969022302719864407665984850720390254933151
36 -15.211441983250836627618898282212741621107089070177631848662217651724172155292624218696764451616473979603856356190674168
37 -15.168048580972279808985871545223064414650517032058990286598486407699821244004558483578175271194663658980274767719416155
38 -15.119663026362494116423297318711158410370779623547266857726119619637591871801906283479348432152907381729022270846629438
39 -15.068039997644829874350301701374547813286310553718845001708198065670228539248476893962575332506837670369409084376987413
40 -15.014499724243898276430865555543150112417333221202505612212224347825822561208720610584129947401535307327093881388564638
41 -14.960033944729958986598376943544264298368712909643331751553749036870766121695807718209521987187805312892457846534334416
42 -14.905384892202181785973223426833129439127686679199491189999061862030305550917449658460631965284003671633433552684465458
43 -14.851104576321491784372088071105883841492409013305173806981557511827723167877040961640046703598946584155830883770100139
44 -14.797599551650266932970658444865225957893352293255840289818278463435721728810933913550434606950393151046146359514826788
45 -14.745164913307404626055978106222599215985741003624624526663781223863306251475045897228813283083197198000885263101477908
46 -14.694010240610928013758206335035145353466143026791105215101698799115700824245152926532700533923363863738060456650451096
47 -14.644279483477688119803268925119277310455518515456876584645369212936665603801582953411454751338025665204112328087995401
48 -14.596066265147770322397187602915164212219996256602284807360428478832958339718277664978851914327762587013633662601360467
49 -14.549425697387238463673029578889567824217743361618159171651906753315598933596861027021991062828937708317942367477760999
50 -14.504383528869948578873272856982485232453548265707486762718359793619817874721798922110714843600016774090911510224716291
51 -14.460943244922901383617683806106272402504269561646491184624239287972017113843253688987072944237503679120211159831273408
52 -14.41909158690381835467576207712104673714505736757917657454367696987822204916675298162276495959561513377783444760475254
53 -14.378802847787538886378373633579046001267600688789301908770988689160404650973986843497724227476904383677587971860316276
54 -14.340042216820603542456183388370636255845111534520787946439712567917525836129457081524103607644004524929193111484076237
55 -14.302768382997671293648348647922967444141411436784264735914490517195179355714887884340605688651167820470396895743054127
56 -14.266935559290098363665770415715475565223209348421645301954455423709680140955702770004600121045575298541123626929922223
57 -14.232495053132503930786352688095537676633857102150857848136558684164101867558030115933726209150774837907381196891583392
58 -14.199396480798813921263731703687136471977059438368820386092632145939938158196399621695801713043653213022505697042835373
59 -14.167588701872661404395540245211287532564883290442267079121565817599183267213345472442782657374336071785228551316684116
60 -14.137020533477313184461823561970943952020693576772138510352578280369106573236862225059450809281351803150306536997416315
61 -14.107641291112307595313383497836035669469826631411970379120054456523204429446759729650430654513425683672233785488711967
62 -14.079401192973289900842180046335831151587126593107622919294475513702147936223089877896339595820408318851486495924381734
63 -14.052251656848563767529009203821319437998264403140811616414081767759825449283086044083211318722115610447139827472295384
64 -14.026145512590771260559549167953455938494331393629466899765570862818099893186564549729031415039276497237928552998441802
65 -14.001037148374289146492665158551753804227564594033374072409755150233698109329521448888720281651882760072216971413002494
66 -13.97688260517736001525850308460222978274203630572994364468855722550499222570634498797281911062057368030739324667633848
67 -13.953639630949190100309974808422370636808490668106003903750076824340011625877123487360167607550629102891075579537608733
68 -13.931267703563958518997244414971921243625832531056868977963459560699959249566572662241523260004952274774018213214714433
69 -13.9097280297925711727398797932263633554654354399224837942923853021679398591284246383635345594417433413575544121189182
70 -13.888983526035508242297756076044500720628014882683325716162471474754834564096670980150879697655483057690014459746339224
71 -13.868998785375556135992422496228360985341088995354775633921840518326495446426290197603656871310075203226102364999057615
72 -13.849740034564481009255601135287149855654262511300953133024391802415896098937802662165577524744486880557442816554328389
73 -13.831175083803295898954788275491390939305097638147368429732819848553157960561730474359285808585125553708267652367822055
74 -13.813273271572757858618065816333780192901650588706815754908031425442394032657525920822614034647829859936267423095471511
75 -13.796005406288383969454648492299121978413203434093843533350797820156208273777317736954761768538958815445684656980515342
76 -13.77934370616829276449779785510679070089489657526412188685847714233822206823567397109215503604613787311887029115269778
77 -13.763261738393285790144256363382998158618186923435190222059166042082870288332757218843901202491728130192976144038390689
78 -13.747734358391459185668453145112199323621946387290743859227658034858445479288334540902562182375008931427387642947638961
79 -13.732737649882067217348722774960212876003432672111938628656039254482402843587392376271203192475686295471445713748044407
80 -13.718248866155598716973738073883607081672058502080619165764671574198795470284375695049400664760976901869147292517924755
81 -13.704246372941272332653357629216552819289445877442679240567149436402321808695825704732381462440150669365486078892453152
82 -13.690709593113154179219546688453799094987167712804996347251821592383283952545375755022948985823339939872652299325867232
83 -13.677618953406830769072330457449621596636354908717844334406008358464554842847993825277870711538696814226296278416367689
84 -13.664955833255992935539568633403790042897368533247332064384456450382583944196286606942831026445823435115855305236758582
85 -13.652702515809150724506822980259161873546735498913485392399303533971104981165176024657726296360946735433147585783435967
86 -13.640842141148382503251577333232044928583035943654732712037998604667646847869102281519137700572060566130182237920872086
87 -13.62935866170240682528574658281674483049910060104515236207636727326036037760661723384154838197085136914874785091847983
88 -13.618236799823642324657713050398075125517792450102943324436905399193484697367955174859262774155061371485509429312988861
89 -13.607462007481905873010424400895373155859004559778265508245918562465770715193645446179146057492220800621283716742999265
90 -13.597020428014873273717764766524695471064598878926963482497653304246767242709452690089627445790384402904211015036357962
91 -13.586898859866484080577231672727086716834814029651373166619260049750873056285218848879071802619549563614708920711366527
92 -13.577084722238379473970128588094106715852591834980336201223398073677727554043870235080856419833601264372752300684553123
93 -13.567566022575626023199261170918984274542292802547442765847678911381186115667537455424959014944654022140075256098199505
94 -13.558331325805918431663517567611562162802300436272385771175116789632888634699125533334714231323412029177104186624537298
95 -13.549369725250782763676624616769232915096116492728079542636106026505041020070578072790379957128606442109168331370849375
96 -13.540670815127704611838790875742388876664807544237909424902881241105575454580794528556041362487881597303415625870947598
97 -13.532224664563331272760011312421182307491943660843160964126000468087953505295390454535844184469477218188444429376569978
98 -13.524021793039739664715627703559200644466792132315544780676443912024320738245375857866647142173817725731094310304243399
99 -13.516053147198058952820006330124358517167157579703738959906701194332484374665365350971985159302990084105287975239910463
100 -13.508310078926357764370371318043793983234234981934400123121934800856323970931042689969059852760230517248343881153560344
