4 -0.01311129145012962246003466153035434357372422927410807861700631387224839888765171498294338052897030135226269791205454
5 -1.281718767146525819105037833140733034625859187397513008440136975507745959219774140390670906028688503030279838149307
6 0.226358032915453281296982975432309033390736436666543349402058298890734179229154052683393487718360982202597806229716
7 0.9197409201417637511498841654018781699402746419216710014314641333412373105399740794544522574863556274176424439441791
8 5.229539298647084039005704989146331922773754460860827256484447704167700192158273903397155625669983143805343446245327
9 1.974474020435795729611285491310344503855172063390332436901404803135576935671028428982250443393927656350609181645353
10 1.704929435209049815311930078859054097884066288620398545084962294670452539934713380291692405759709424663079078985007
11 -5.928984626024138846505488036315145643444741531629973541549675636306917706830457858911330577650025168495568471646024
12 -7.205174039602147128626227929098207673385669084228883254389639909352828586816451890689327681877860551419977400304319
13 7.482576091941130470248439121925375286152802129161039097896299284058385862192647154131801501761138404022296547979311
14 -7.053848528609395414276791246071628042998170065119543096888023559474441356390234285757836116475179172048844373152096
15 -18.48174220705793463996069326571621742107738999042436697974498479619610935294979395921530104298245112936881654947752
16 -22.69819094305943643878608105446135508672595898272910501635480293546765856840694308643493052720435970242801459162302
17 -27.60059148832032820215955345159359576536539595283919874576984053558587154481335905671302973687571057209888024574652
18 4.755135553020635446322451479265254046480557352523036960950007518451967017443211171442088354904738886728312739455216
19 -3.456745211010079966069321366072787040038100937225870357287816612026716608328253610536425893234329741583290733403144
20 -1.862375301607170837782231068487688770138868230414296352417017713048966641947607789934140421081765807626316536738226
21 0.3085488562935176684121657963471572223292345574848924198013956590297202208293468831697838959567492263861026019430484
22 2.257619924568645685407750468717676784799788498777899617691359617325969407974147111593623158883065473318608788889046
23 3.858692460695209004637868269844373521797081051302379956677187955078268877823304976974187860937466855232169009450675
24 5.129660824812404283859137908681864410214042672466615435191934615630389160308746761873355496833657487096149798765446
25 6.122287624645689183656116113574595065961458733386712194777997961327249259860953945124722005278587207398879753122579
26 6.890749757049877754383556205115078678093643428836055234722746090058715688010051601891013384066402640718712502668473
27 7.482431449267525299147368248470306005301671097367605622230176714181617295450342346054473784184372312115199878956346
28 7.936077284408267044291771181505576832476268436038400411513892232853976132289386571652534267070322494903027686833827
29 8.282405682944581722659821031025336834484270636143185204391509921787895145266722483453820509980446886660684907390507
30 8.545410220975361734354228959406530533610186446588991777228489572196609774390114148573215052894405473488026689945654
31 8.74370266713684757157947000287030309164517946887257711205446409401082246068434239121148244581750526954142060046052
32 8.891684201896277078532872975173760073967155287209234411718578230260051601953351954448276862795697276812317558720817
33 9.000498632124514305559808563808776052643546298231216509635448628641753584016942856097872312562016430291216634128533
34 9.078782523702505394156071160642702942121824000889050233229525670990076282096219968708523037104712465629320342699791
35 9.133245384536313279788154258066527281549170177676504024546244329286070362136386519677546840749635055589625150339995
36 9.169114515301142115201762826716927885585427688288248675844086874779036440834724112798009812551131594983830489325222
37 9.190474819141905999003838115030011137160785069220899316400198326368186291605737589424855768384962196198852989977648
38 9.200528178080678354558975903469259506748064925643824408356553941785360333750508268601517216715838069305355044081348
39 9.201791656160365143983327180323468064488302251937982261854453856824243507708653755795001238423096630704093278502743
40 9.196249305719709438561860614505078969186399123569425792061469723989681630590796741424224403014821054891034139708315
41 9.185468792396937479412644307321002901646638341554754337675623718214740375189641677711788195663544436516365602883183
42 9.170691306543963449949932142953849603811049738128510818505818311040803678725697754932430605706376434875503477098337
43 9.152901141406602318593034969892082204362885470553253091761712718656533464240592168218960673560620727050674507366258
44 9.132879746391900855138782049655138629117493778212278126726929146935894411860408558319920458632599930621395533406089
45 9.111247884702817437737444623175152607376510533941832576694239691848273862041218863364744809035496713532733474274357
46 9.088498641530158387039659734615105887428113501757782750202194487807137399274504064180607444631898700577663855444005
47 9.0650233672515424953675763486425984570810122013716592936310280299842483345586526922141116239787142934126594931044
48 9.041132143370220963449005839291307438728159648551379071990144257041465839825472412208506994135888775747195495927561
49 9.017069985134947782348099770213953230867546001424998532274760343772860897776833951945087910081492525005777578209748
50 8.993029712624350999310281941230664865068664045077780020638629627030698806458456452027425541885527869503419992852818
51 8.969162208353188356978046942192178412891407696768565742902396146647956734034317034398981088759920381153920720682588
52 8.945584616966663873728446338910103752383589661588755806417076851855963999294527545393665630770041121763976629956209
53 8.922386918574769844968243090058550922077679642871821476427474102034294976769896052555215097287131513173546842018923
54 8.899637212258713312820497691288220673390877994254561947673437652611767778208824225779677942503950972581955253278821
55 8.877385973189532101574993306253279274363814286705873628625208331453228998065950838189271723794384633101885192224391
56 8.855669490353355685985738435024396058483751347129044748376230327920590186289693618736627159928190129027846627485476
57 8.834512648117553732277965658519502285027539190220538962510635190436781995635744767472964447717410081783557779121187
58 8.813931180816325266719495249752183208102013673400433320018677283906379160952109306584047291972834867553814185178349
59 8.793933502931438827910728573577126281265718007566817487856924534797333153027279920234194246378659713364640105174799
60 8.774522196586607328233965154320052508916221967620309151233242482814929886531417638017208901053171439104940170832494
61 8.755695221663025633284165903980507968778954240309255520664159563203823393753987410396374607920724676195417323362326
62 8.737446900886247704232730937045267342327768778668320306331632954660036507623323778370121368746739317372775714094836
63 8.719768721969597291827097294858931475639049556753504266025455780288430238337858922481163277715714887688386285151121
64 8.702649990740748168364481943011287875196294821951201870122680964336340709652580784700242262613958870969264256272108
65 8.686078362673299302683109425995708590610121738267210265951390582945700778160977870438536690765680089433775179262846
66 8.670040275043120074128037685818116350302402469846717320823458360843623714769378654914321365234791405379929784506668
67 8.654521297756844187575455878538690564935488050227841681142965274065762923841323586864124488689148215386858679439496
68 8.639506417543904070880639067897727485245607869637086279811952684087099845622263405315927628397530969719717820490777
69 8.624980267496852317634876112051717732190236438720231231572383501433458230343851666091687966425971397343147002636867
70 8.610927311756089749431183650109514911151563150884171683323584106456746606222257685129950916309238611992074456082154
71 8.597331993360951813928828752044189405233375583946825456642904850519019241709283019308441687752733745714921144809956
72 8.584178851847475583930503433257545501267162814843457788241823556452038742120428174632405492473314375559366774582261
73 8.571452615999077388253748854556891191745020771331743966243605811634369870820952718530203963536239860069879828442532
74 8.55913827619808716650801132842666445607814819889594096554239993436579428099077555557359788804346996576433426966538
75 8.547221140042324941038905035606068746677208011611788593485902335642723609221678294077229199193479212255017804502721
76 8.535686874248625612166157197159622918506586352004790015401387644258362159040464281487238975691465367005564531366341
77 8.524521535337904699912200912618912188027360848830007404346696308982907118240346936373808806531463208241055366870473
78 8.513711591162674905482217770266201050615287221358295188896631241846420196859277253983368243957209014747396510755991
79 8.503243934980661816449871076529609589016225855068715476253565642476777505395745634370926485532273734777742720292328
80 8.493105893483410483253519975681279271439438319621441214489366393657338287213091524495883937814053784928316516816368
81 8.483285229945243057746068936021211404241955265360612098930745929839140068658606170606079990528365179436671804070602
82 8.473770143456457188526812430337879284824072748076483576146185897827702187640255127539498427214526944185434472920086
83 8.464549265037783823290709974301314589858825822647760709006764269929798475518719928902384029045139394540934877842448
84 8.455611651294763009610477046564974877524170224097023879496674116500020309903034630772639269998564616858794573407717
85 8.446946776155868893507841707348441868949973493125064613387584878741682978567000467299544713685680105667013211165305
86 8.438544521142841674580149541274882537214569335313856319674800198438883870079452061825931212078103257756884028216034
87 8.430395164542416692379357328835998234957320284249882844124709601423805230529067465164056499212530513425872784790765
88 8.422489369782725661586881813424571114646129824787780558200830311251563932138432277040239909657480121864993386167048
89 8.414818173262813939350131989617003556706671557465503145809416469216370453461680540793060570825989435607471190026434
90 8.407372971838098598259432336367781415619897729771317550606851632219036226669640555152384625401867456828025404106908
91 8.400145510126637609061409932287735351577722067268561308284275200646200482039987351984775778577541135185574937867812
92 8.39312786776950955695092654290775146616559671334364022452160763570500162320238583973028029306429836637464098254921
93 8.386312446752353889342722757138156821032558262381941777250444158071436008622664706322708982881877225924195615124972
94 8.379691958873311848940484919185732107262538651841624176264260414047436357146294290047737095620285353950980210005956
95 8.373259413424504799408120540793435531974272412482641851230649805629886993362404944133917822941958228578213901825928
96 8.36700810513917926512877878560379923591343957389379623707340697194799929020696144813674477253651501627170520369809
97 8.360931602444228003882193089920759984416932173067569906057375468499226656977918209227230703142325102496072333213473
98 8.355023736047539388918251652393310530144589227894933419815198376176713012893888871923653566055527060567541524003798
99 8.349278587881178804588319023290439197767397496401521276816061403724636648149016844713493551957463200714305201642605
100 8.343690480414469294171815039433761242148927078272216644299584878183103215689117357619546524767319147247593393733045
