4 -1.5350905935177089528273805766875996914257914563808662835748260300162767869689445083867913176721807794271110480621
5 0.509205858120759271958349137322873353493689840974846957085390226678860743451077448536872493464547647799947232954965
6 1.51835538455029574327376804087700473136326244653009258602514481403599089850235686689236400636318745657842055359154
7 -2.0126184644619961931142102847405651526696797101278118080323297667172978542716611152319243059170613739754371328802
8 -1.26536365745478718702577172003963407938033747032988424995513371915257779346426822209621878136562935284840409725402
9 -0.569188668103180838825996622819931941856906846417609590853619246630075127735131542567190560064676290492800584977321
10 2.06372140325663842610410055784354184709165830714758468641032511551270868537203621671124442886318444078095571885156
11 4.48154063969962582376151067470093794142214093259609681712610639004827117069359001521086228945867421902526140265897
12 -0.98861351994328903442357737079534082281337246167741452483582491372031015631884338637329631203828450998885413067832
13 -14.603852725601387747234925833852497669810996109963536344425352271426450686739771979640778882740478197395748407013
14 3.44136794210039481420006488451928080887317821018956832689604623674675065939717352654694173883115824421058744690654
15 8.91480887895714297803406691135080868850994717874724446800543018816204837051008424518107280228882024308247986253497
16 -1.77417168489603964285168510401686544168834837791737941464516212822767804098525072207578838881485595220926992189983
17 -48.2556388606951120169593111542911540919141954657158546028860920493217201555999663879448930065692628303925476225607
18 111.175420585967647193278973917060877986791915485955771002693475865929524775493600955477629045416292319468662290202
19 34.6894258531343979711262317787729538778748326362620857195735056663988720277029674654654035297864541367570332649243
20 19.0279791277195046694744488593005314180397414420571643687083406088945488002766313762887091648968097403113228238526
21 11.4264962980444541210612632376872100367844127966622276431782146162532102010518677070640037184573318274001106885344
22 6.8975806080362284046955779709593412681689391548282690453952743412511884958883176763393189478855139993898803417179
23 3.98749817668394195556623212939499626874777909669004436474095841425905282314058719311028429729716341862497013596459
24 2.05536456916058025727561121153603769136241777869092936533094053626519772538401627149330630999723725570865553079483
25 0.754483759644047407751907526269580555407703585699800972586569760930972574792875162105245647253062617754382220055155
26 -0.123891931795189305918583451797045190610806211536785380526736879239172957854714271131278926912607119535554102527223
27 -0.713180769803091822030638678395353207758611317625363094095585969822218257958609651477498265670738957035799571765938
28 -1.10180117580447187327385140746794161178760564382953700219155896944940668900161942362745111122687126520633989473033
29 -1.34977776653663615658729314911950271458320242765972059724305918850575317864300572931321922427802252818031858768414
30 -1.49857254251171566254085455896305270209645314207035210503081341919677147053842336141081150800828398398636574220239
31 -1.57720808709754510438489526648123037111746673685614871589894163908471825266286260680047477916627035716353846906982
32 -1.60621507864317372447300843811805786092506321898072233937406891578623055825803172981699787033275906113616764741232
33 -1.60024126195776833304716020640686595140523570654080377959590928449270318209695381731825883007592501118109264081852
34 -1.56980893682921067467417734878283188128884416777928694972771381412971817716505188631788687974481981152823629507379
35 -1.52251722900726666247356568705802539620935534928863495614296510007633030052973244608488336607375601533434993264103
36 -1.4638752751789471921093518536846617411885837323694175707222073373826295166713628453603477921107736310939782653302
37 -1.39788615575417132010264032935186333721246600747630190027436312570077564610695897846278138086689653892456852424972
38 -1.32746023288306768027738736594382994877115597678041675031556271064120502199203517884999025884898347594034459312473
39 -1.25471035380331848223268373679451892175008254196985827142182144743817307047385297941422253263482753613889308249768
40 -1.18116438773836219452170188394676132534854459813864904938293973133452451106297610051139274008698328870257347319406
41 -1.10791936533312943087666078469101946646717918205092679851097393149762263447819511471818032506289230422025293250471
42 -1.03575400595934467400939936360683081120174838566813329562218807925224230766653042079756947707408101859414248018578
43 -0.965211356372905722022975825036721885633191442445030395087541892184882625017460698672601800495931579337484264439522
44 -0.896659802858497916658510344926529250444187806940930109047160527549086494728214308830691147970596872386033520463412
45 -0.830338328380936215563627642663899027220106959796688462519424000081545192083286922598464223359505072615473672605061
46 -0.766390219897076674367788933976185669292931579114220527789060940099099058002416189353523079023643854327182294883176
47 -0.704888259465002464407662595782250546397354469223244817500673086691783382930945270860558873158465991364716888367897
48 -0.645853602544483788422216301769644607571688442622034774383537218393508263503269111781148690793768236447764897595272
49 -0.58926995405603476290370412528354639981310392352377000988232525866690970490192866759289817119961512998311831106271
50 -0.535094226455837753235990087070892630412518933098971522017005010169869854259105963554521670444888595920356887865906
51 -0.483264555464316584650973599915563524308634091604383858685099180942879803303000048161190733700291333338790962518999
52 -0.433706324254091248143192932400133356906557227732900215546729160291292325532886038194497746510721223327717247654423
53 -0.386336682133404550805002351979346756853534506711320555019408964780959167708334167895903457706182152956018388763159
54 -0.341067922328522478375058475958776639092892785659792595478447959663041259292986653339421849646380268638836781129087
55 -0.297809993499422836433229567410972474236750175312388064788880522215566946133311561918792185777115913900694014815417
56 -0.256472352631623287747639727355433228264360065958035231684218617735638409440595333143092554050825218636866438921219
57 -0.216965316830231612735690047089843304604386333130100168041059223999337542236065163685579847379026266004154250408606
58 -0.179201033884184860564992361152446812690309341365642584745187293008710773576311473059854551156120605786636115055068
59 -0.143094163055297122467724581443570134126499076597642055199530004695756363954770557474443599978262217848974899808238
60 -0.108562336026241600526158881846794811214092591638659337612575542685127879639707119256501056343351518153911729373962
61 -0.0755264515837349848724702768891352379783039894007671393575635630003092098660802743647838301990709542937049250840909
62 -0.0439108451387008787816857869864610584003143929392275175781202782065272198517720373221488500884304987896418148143635
63 -0.0136433646436611202200063952338813771168668978289528689390726748517363501223075725544324685038719299611959377329989
64 0.0153446228502793874014073873884764406015284339024978208055023521231375298506631057377094110293985498570231326595399
65 0.0431182753804320064115462840727156549234339426034642009631588651454994314361308398636041737506678832056673526012942
66 0.0697393567213147456648818387765709571895094371306562544358328520429445807502953540602660230043768521573945708314624
67 0.0952663425580087476220473970504339770071501213811065292946607907843969036571264280035725060802492254285441118321832
68 0.119754543831989357291296423640696953617911130116939941190695435779185904051235527139338776767425778490343818361787
69 0.143256240907292297975972563785046088497133249220456818005952093306446557069205028598704834486796062474098926632603
70 0.165820823753052515591708428662044814973021926225452938927037340141025907769735623678131942733946594763679120962479
71 0.187494934537080902041387341002539150856128256405642050674697216082711723437253811494421912443851587573665687042316
72 0.208322609952790262376016571568665599699799973861356056580560868119512703159376249361073258936634896084280468687226
73 0.228345421319001666830196475602625024120075834019082126416575510529833178181811252518690827046544727702828965188751
74 0.247602611045750219525347415234678647985466072089069841923310990592871676133835797616939910217450242498611352670004
75 0.26613122448541406779032241404100661670765040857394995748269361234863444715840004975319922466877384317203535723009
76 0.283966236515454631235414085351199279294128885868513810882789294154301359843746006596374081312636677341377877246635
77 0.301140672448672947942921496976233560868411868681530198398352233685831978907668245661154503629955942434540566201075
78 0.317685723056219756256780909964221964322538565198215289058358633317513314058832702032837078994724960228190615956715
79 0.333630853630965237669761459606607556299164815125049529808588059366165699365881270694969773455768290880457480755509
80 0.349003907124650278678068310591262281302981932206545802221499723715291826034509754300749552809026280250981701442183
81 0.363831201469652953919693152695993960297417778288131398437141820573231288207255318606923952848462456569164913226275
82 0.378137621251593950497843726608346700017956547968810654599549379376449584156086947514151273319067069557467433950868
83 0.391946703937374762123371766578364816135520509684787270211029974607423984608766303763608096866970669397568723332421
84 0.405280720888513853878022386681227387391955752790373655279052635569795308571241363915969118754646010949404623352906
85 0.418160753404892329408521404093862630012621448189347690360394447708950144941046875332811266895392706859153551852963
86 0.43060676405165016434412570231638403453091317475809683287283592359259866135346425684221974735424190360986560616481
87 0.442637663523871919935968380784604610439657399156159242198224086743310036568573889081461177457312793915324388249163
88 0.454271373301340514979238009947473835517592195879712989797520508431112168487963934835658947612686141811012227382494
89 0.465524884340168495278563579075851204193659021168893873710595291513260282528647020558253302622301772194201856153629
90 0.476414312040432359428741095176844072618538032762777868529179069914657736752682515799981536262629565679172839445897
91 0.486954947719729771758956750913644871299191384218631397328779491979589886277413153633950316079682496558515523288994
92 0.497161306812386335060939345438125270486788533467510685285229313563158940975665627104435443120074023989861782660057
93 0.507047174003267637633077762610656775047593739126628708567668556018729495106659526784872240386821277717213087209325
94 0.51662564549411498896790742223019797559838584416323761041255774877653591733197967440434853968527366237749988457591
95 0.525909168589253941432931751563992259357605253970740020695219167457047063211658906771768072346804436628910606428485
96 0.53490957877659719792917123337355434076298052215059076275946257994011377527188483392064086294188370567407301547141
97 0.543638134469204345217336425317080507982202948980248509872947046165897367773742946705127568783315626500173990836864
98 0.55210554956235965052220394818744729079204389435473612715362711292929409030000752284949882253889913231620581635477
99 0.560322023951246886948692250873150704097186835690339244517754173127262126859332768589697488651165430833793983869791
100 0.568297272144875655977979549017085105580201480151291856214521043398725957991778415228788644697327426641183834023649
