4 -0.80590932516061829430972315320308721202173487157655641237315085108018719852074521913143372037507251326564008047946653838738583107661579831970790541252
5 -0.71092745060652826765022704464751157295785506672383225401350741803980523918882391990659936963024353110113850382026601800193501051431185903098706133525
6 -0.94667817447239284520508682974725788878734438401461470211179172288712844710548705949187861342714790204793594809760682564341831630720809921396286671125
7 -1.3735332774680739311535803672477660636440637158590550576109401719064595141408066066305920056586414556521366000225943256494922626145725307522561252671
8 -1.9535596928797433001046111482193476154293362253639070385507204214280330531716935172215022839527532665732699237066197058976927490009364087736359827841
9 -2.6505684966013916207095422097643451623886148335107790200222683789771800589193357045850806565120399596607567092620973906006974178861294633737564313874
10 -3.4911913568749844505505715614662497014014190353857387351435885255033432412869733970775016856879179716562015148515063199069038498584930614674660240867
11 -4.5519107799453992819372922645004092445248318462955567433918454649198728543261778299254703460056351735002586268096834046748242015696397982663612813071
12 -5.9672551220400867213045650591186509527915830370528489219214543845788403776647078456008155467605023791788475023022281698840968906324613811207091888627
13 -7.9831988945151806381005583814068322515262458478142286494973339194621977881215832452625098576383854378035198961433580931406265639034715582454212949179
14 -11.112032863450916775650873184401102572785007641983479931480639293660240490757780134434102504434942083845939486338902915659868250885745061038986076187
15 -16.646825793682487054073546181696570588620092478874122954927646179492213681096660057808987011044551297094725719247938087499293829034910284998081749678
16 -29.100504093542882406800794966179666926501195764598745727236362082530979607292644565863406705603283269025084729695351444576908672496268104429846086599
17 -82.907816095728165845688265164994403136834092580485938035584602464246298837184529907681386472828731762477549845987400473683882019654030252387812282628
18 134.5005636495659288405023616248144086507972934139900041354063856430985481378549062828711712104121816572987669812745256358889912371990442417603144602
19 40.671402841261313892537690970743557826102354789164955291337673024779631281584635491665670232802181891943346238521672117230974718859542892452026909209
20 25.151242307376969703060869721897988210085505724903575597142267195649672126261093253771310506110522344699583908461993230595111126941883591254930634835
21 18.781470247542822995542828043354776208583247240483459932204014658272486494301619794593917179867002491241276170177494988013454238432447742643967587309
22 15.318729860396079982952488497428046151235870644551617778659640251235136036990312142930062371414316922414312970598645394950837696143249135248054106972
23 13.146917005634185801131876279679112240766408696180169722706565070221373154941816673435258374825361866322191002267038878570920235470498591275031760199
24 11.660429195357921506588432985070453547420686438476560285148606445200677280872818874242245476244142653859482750280822598415152993723339736284471034489
25 10.581126752045911150733998815971892894005197481828650163953427024077683520152337994203237552235144020931445725097327892071529205540830367113470631981
26 9.7633530457881486987683969496773812873196858327382246019026566545534578758094059355147812567500815027029238037848337529690963898524907415246156378192
27 9.1234478962222441083462546662323420110064445835082164288979740622804560438017201212009571284708364765516751534164970836115220604596925666882311343189
28 8.6099366319278650967053852159432116755201448619885889072323977459763188534586517767747430659249812293906247851695807916379330340231408274215190293568
29 8.1894122507840997072050397764184415623164038291917248485455300774758513688446209018838765132212278949824144757822441099562856192166810627667845746989
30 7.8392497687339635289608851968480630690240169738999079220185144905682479235988082819576559230737463579882106370021155745185089872086963117171946076149
31 7.5435830742084537205951179248902963196393191444167167996004727545893617674902283636609208332634482004170615137462382951504435786309104510016723277854
32 7.290958134610416948140763032004034070021946475119242792540540665025685961114080386926004985914467038003916623601831806963662623396201092132207824797
33 7.0729005084132031983548263653049135438646123923876857649550568874962786570126137205634617289955329412428349103469985984624660145102868164788223077137
34 6.88300689417488534709277656442728594813138085453625082206357569852376625679242756143586115108010659579442240009160795415751979693599768214041575878
35 6.7163498986813629548853080268218866632070458024026997019249038703445417594825217612321258568048571621313173701037092670858977610124926241970390423635
36 6.5690768716913392144016254284891862604917516843651021200715142265754901594353934495315167378618216525619890995447539517511120499466586071205520908829
37 6.438132790764149371731601282813543148978996742690526406854692285377973395912704079805820475619399922845706586874790595972298537122274601173785867651
38 6.3210646365038014290402169044406201148265725351057419904920187904973048391647972057919264503905450134659897378747709479042961101744246634090077934446
39 6.2158806076770754110622583245926547841611221030270896950657213369592048584678919069686445136726021758458569324532251535301148261642918066849561075404
40 6.1209470426854758694593790215395223524385853487649982722545278606687881883196863616270545750380140731050233525903048390120991337488607836772209035342
41 6.0349117706009802107172830967995573692826956729192909107829160179226345837810103174919116513374479081397884324673859506214511917369710293502737306978
42 5.9566463115740860783196427688637218880653835198027963972367057000065066792239712884806458311637242886006202000524667407490734554447791835366838825731
43 5.8852017333350280979370976193905414653746864007614750473324206983845045244309353580156823427007460323513297451277307064028670481838954339615414213384
44 5.8197745438140104104179830269040647842039851996538974149625608359831457166719662238720773507509382950384668697350710650068446126451945197592688538329
45 5.7596800565231722402994022160638684549027207650262738725489053428471656373341120131831809471983328635924824436093251308201737215437871737901106297476
46 5.7043313871875686423529871706385876709216868491657659638816200447907632345440380537376735090640424017933163560221220314476827225363862811770949987892
47 5.6532227410387208750263043599007929988773720937496592721959676542842100207450471969767474505992466968607161552290244310525467247448513757107108928838
48 5.6059160028513581129180956666196096260776709530195423460274109039904703574932468404433210982214703926860858058742051581929569635839084904515373382101
49 5.5620298934191832692338387434790591003724805296551299582737593604523193466635035112237336717917581109501359520616853433530273178620333522334640441416
50 5.5212311379107741083667000257867477765731174065125315733095136213661993565321452039264209100660745596334530178302759344251692899649386434245149786101
51 5.4832272243359277342061410378344473713675644737367147255862154754542999171409141179334483764528441426863692956447647980813026822383291313541879104344
52 5.4477604284132754365307113925952163658834909922684328459519514042731270279337949412152771819362037353444539074427449403784457646968776848011109485666
53 5.414602854269163864112601039899408635843252181715736384689649077504625963121965823683654259822003959201574568198838707443831534299973223449561609126
54 5.3835522954598600149353125074997962360738390888942994120050015355734354748586804985381688001760989100829536909062628617061148138237227325660259477507
55 5.3544287626258307051435057934768643185335857235312730290048766844068225982970130254073094893567565936240442974422769427726192921374231469421777220862
56 5.3270715561062060418413610035836667536461171134624901108249414300930351730744871911127087688926650827853834894932387269998022768364219151173778358116
57 5.3013367865492390624202851014490275221753352605400608990026488109156304057271089355481599190850381842675288441789279655449338645855478703731051809453
58 5.2770952657597263525329766270948621389460023019611410386665925766358609451740105758662218253072378567398510844295934807342857496076900500351461493062
59 5.2542307050555503712169305796248430031992084016288284855093226092405067163587286192695323097262088989676771470716210279331189586735669280633677165167
60 5.2326381702467807113145618939131146972434768051591641825944579326855866431057818389825226717832649148132351167670230701575772988350773609607749797715
61 5.2122227517368506636497064405042823344863913844825177856168393748802623735907339585673894306174486832870912571808716439523555379496355098198901210128
62 5.1928984157289751072804755113747893050797204818818790814665256920859015058388561454457489175589034212681896785459148440737741163781122741975521776225
63 5.1745870085210869708540017936494211138289854069949228855078758504287198418427946111092522152296817361895691227242081238061315818835618563288606583778
64 5.1572173907087675341789154567279219300300096829149050458935071084292673628897747109760356292079190558198961642639279848131607953633738414608738169975
65 5.1407246820334113240886166760617563323758613842125973970760583093195191991767392726591647495690287420303208980933611046170861678208934249961475293326
66 5.1250496008019112668339957260193011385063251437555881147870844014288884894684938052334251654932563757273777882588233892660883325297797508126042959448
67 5.1101378844119590484807516033384902664273718026084916954360468060236852499275623388142086191324871410551128486947042413564161539382765122127190932338
68 5.0959397796589372512257149084144162881737086069849572969041816129970955064396971995098789710573463595674551402184905232069750777421594717079652343766
69 5.0824095932669737882973281450535452873971072085228349518828454339730686839231106319344486188433923360623125747449190159881691239790878370057762154228
70 5.0695052945496543605503781520376502219484549616938143295013859633059362831433022547818727609196835689324773270099715054874468924878677331404652121691
71 5.0571881633220155702707245466126719526195727338329077427302749866094013910104297054377187100681115606031954945023265662761186279792854855705133243552
72 5.0454224772001440013045575257446967388967849950736783428402472524211463575528807846026118078255776785833057324662957300596394451275603652078312829037
73 5.0341752332743518616100334357440008171795630518075121007740772991670639719221284422008800075960049665749085999367808533374335974503327356179768845699
74 5.0234158998557630365867076975184119759054274971940786970561675192083549453727891127529618580169046675053809577663194600339842603773287320338764954775
75 5.0131161945978904761317268876921179454735041203913938493402096301193002342749874012786590437977459965813472714612758486566418550026862121590399680872
76 5.0032498858036253392688845732510459310356729635880652397647187107940727840087022967520737823334899989732463494752411733122647793497923727808102331567
77 4.9937926141596417680943864139957373817173012440865378594833504922226096757227829682976837591152274225802517608323646994920021304683252061399235319102
78 4.9847217325073494971232531162446522842933422008474163742047917073744394602619969872105086510114416266219468969057090049133625363539558185729435484984
79 4.9760161615727070583522118289852472641752216110402138988462357677744653240259214695661136208214339636322436039101899034571511290466989066845620715127
80 4.9676562598450958265483915902935423770180511635839206796703008835296322368162667733455355039541211062020825774942621943453029228314721652850104480508
81 4.9596237060252022432210186689989990092159207538880050418456889885671329553182948605553608344965039866266669281880796932483963489469142257460912823893
82 4.9519013926593927565063527989981887604116941762050593585407820892738125882706707331826182090039902766554898388138383937249715479774171174351533757998
83 4.9444733297483258648293494170908304981863910653984169096266661292433342903736257805429464977512870441541958202292464278755572035816567424721204102488
84 4.9373245572646431016635922502023641024066706503899581486294388271620290899070783396541647037418875230616971515518680088490152588509976558685108841477
85 4.9304410656419587659760762361640181069368083525083024318690968965488122703782105617930837323084462854473298499777344667379311097625689090771201268227
86 4.9238097234079154904370601707124636158497721048946119144985830932189510215072780123433852951920386237770469248877783480022557900215298319907403666046
87 4.9174182112302198617694681818546620745224181259412178453418057824458522522529060203693388547470368734751713382356947142846604532893503475030599581245
88 4.9112549617283696273713163173838839079242811960339978936217500883195940870499620105056836123616175628334537820678184189554870517852940561869872545445
89 4.9053091044769656615441252442051831571665967071800864285368631315598554451936854083853131802159848206199351208034929684386645593004475327247046271898
90 4.8995704156905381408914331622448620332492134820922066509295793885064998582091906233605273367296298641682447203069664589657863882343893928906815857501
91 4.8940292721359569543782038515062117115340978175961059847194016262241607521711263825122812930267490676116257972973233976035539280610861628047433659274
92 4.8886766088678058665995974372646484613003503999594863631232848265376141718657619555103195167877836205444220378748361611535198215485822465319002142386
93 4.8835038804254874047914348394855573048929577162446126813335752901597902432793180142207392140220526941888946942858011978123437384356700660366888184025
94 4.8785030251690687715980187579844264173118910710277224747607336153087296278979379657801599120622689691454166488254095196538237753349865650334645962605
95 4.8736664324646454421952616001455836501153005019613767023421532348283575372564265170953306407043742326548498681016659906203511878551434777096955485292
96 4.868986912459861828271105255261054115127550665125617758022198557799749972967439951399724192444017728512835974016611169697047259293980959338311222677
97 4.8644576682166812133672766799900933611342309060377997490338690425077844546031515875356284870362752665995631655399820244198758165426708571434642082653
98 4.8600722699919660997878474210578814291568720338935740861962926404524332457023083697389402003744828195439360357548765850612866666545098589106226251405
99 4.855824631477283452558544098117359532420842752977166744633158752628385752366220720267884178430807372872319362578784946619387890270678367704703914076
100 4.8517089878279060745384056356408826538758210627351903967864256738380156113008826952555293340836305206309467877976933431419503882026338147964803626072
