4 0.5474899861320420283334676635950511481037414004274646471827441602913236613443001315681525840610257686247210216221
5 0.2400934395957853789791264945303149437049817013547252686612686627751863405820894686050394655748357954257252805713
6 1.293637358900567295597844572028260408198201629549920775035520197869357305181992720504726406026348237771382108116
7 0.7464241350344462166710654824536872952500981718108049859237348515765966701794326390218883184003001414835711758835
8 -2.563696805653010668238930831695031728282713334086518244329972675624195392929107825070299571585321231071540500582
9 -4.114688095191065512268246806908196863123962914844830723509047991881224591102049000979039329195579933829387376941
10 3.96359208485421603514817155449124038523406107317350458808351935981877100139854366518237946059245209835283398278
11 1.029691588321164807852804202235996164363906268282234655240657097867021026327633302310915500619787456832087459921
12 1.994027017080758737223255239580615991421300749959521766623075259238941394317245090841016391843742017606157058796
13 3.601019993184589924212105749121347289496488484593426327355641867921236644403910613747968311583575200833899164221
14 29.33653048753763267697747238389565410945574019976839383798391436162389398550407197794272997922483857135467540535
15 23.7789867415305261151982001369723574939114948935777260165871413536097604538956529289542063098823398385516533475
16 5.456444457332481260185429129746612048183836235041196378379247277057849400287703746348331708716913586087923364195
17 -21.07266047853348015037648116455664916176242787799158865687299483442323382565506645203940254226483386133806127661
18 22.19444095518120251522461918431635655918758473021285339473367766630431544261402824397114015305173316089727721231
19 -5.191317313230977940246452032412191137296480890858018190292449310157664657716802190847593149530950213508302635383
20 -11.05665228028185662148763664874165052416310761042472953365428532435369434034145034515809903224893534849293893226
21 -13.08498331141236977789178421747330391280778627938729840907264372186115588738043344796630746035561346237832572424
22 -13.50553571523176731778116350007990446350872873981244354224802127750170817047978516925275370875994969483272072253
23 -13.15660256271976978179737555852346159492274076732062666946053257809018622420399372137883690730307562457921245113
24 -12.44709163753617799220358038156870830734875287015179768296942909554440214864711921240665585450642514476377135914
25 -11.59156847724729018641182331834678916458628635832350805533243271225295555138773697462324231139460386659907128974
26 -10.70383718796168034734387627986077245530929985007980840125972522243190204283507085711409123700331278413878252986
27 -9.842783961755393907812629558494607812988787014073953817222023866714563525548010906050353527991923172114392623157
28 -9.036866177649124091520927820718599278769097230904221314417031161153828271845308726722482331264052657730222122824
29 -8.297702100056083997800759414261386833041418910268424086589690194754922658756036027216708867472380695624249369087
30 -7.627744428077724272288563047554483641283568452245289109541740350417076195098953518527511592849809113168272878162
31 -7.024641587138321973900757874078347490032794893882325874956931489607430693521074416716375207544212452476898469653
32 -6.483712686953380143909206107859841795028929989639700997559671507915835725678505655076348069787101075427749586209
33 -5.9993377744152039824131670506307301606286813004668277289050420316291934276282941358275203390383359451687113292
34 -5.565721492572132304904362171641871115747985337431662177129804211094000045210720770643362746609250200584747055859
35 -5.177294852104296972499832860704126383667455270555080242086010018146993310809194446444286893555333897619961387509
36 -4.828909213134682665087898174077681817284304539464293204607313561064343533667937837102767265807214851191597536315
37 -4.515912578373659746422881170247591471850979117794949796945663804149021697662216099986753718717745912116771355178
38 -4.234160938149653448945968451168951103169317648662597631114179895475067518048741503438583916680065595776887957997
39 -3.979995449761845667158978203046776183988788811966625825287992893662542611827760588641249002018374420509661165794
40 -3.750203268796464539471519968280838059390462263391577846163660695437974178050164868245300525817721119016867169172
41 -3.541972178857095216500771330840312761550697622404249791712444529166230257960866221111965610553852784370802371267
42 -3.352844631114786218667708297592284106463126086142586684668423397415439285872941942694394720382801777152181131331
43 -3.180674136971820391981538459047166687995649760202156097876811461903434923141420347050527765134150003725645545232
44 -3.023585403604814800087826491884074808799127285938420880709191753708572098816823569267989166916226007335098921561
45 -2.879938714403188905033995371178589236731573579323932877996201888950422326562208075155520260004807829798294118543
46 -2.748298565281474822702287547129995382342650115304460030074787645093906148391498569842390572591141120134593566349
47 -2.627406311656800160159194521792551706250386546087416218825391457746249732634880818666432807120377941922643812596
48 -2.516156462026453022274760799393627327109823883853998508532083427299452295621347730624176275481744175159894109124
49 -2.413576213848700611450549925164960437989145349544633953147504420350001441644436948809095057249771449260765283379
50 -2.31880783061964079125414269706030965914494566232260405096457021086770469883043723653219667431107181715335674749
51 -2.231093484709837113378234006046348254510633873886269166401333353843189749112852231337865619923117316190631438235
52 -2.149762226395986541009897492013450660834167018369160807926475454926528375354847154957008247740736473242838737692
53 -2.074218778560191640244843168003757650179781441309121928846968617611252550350177519990856949849815591206677921119
54 -2.003933894859723377777622264532516695768076081597988090743706808796147905267312577277872116003639388165257675491
55 -1.938436054808176372888627968005224790854068495066014170980735214785407210565465220434556487026610140776260941747
56 -1.877304301278316506063580540689901422544515119853317493711990921179922465542574034481119607444232797442354330204
57 -1.820162054196181704466781189151475288785853442967951504742102335095885956484096395936648979721824103992933694558
58 -1.766671758751467674099527712186940216163744511027045704776793769211238354506313745542614913000427885660018234588
59 -1.716530247583393640542372971518058745101519612811710807173115859562543653008885895401179233872051134391950837777
60 -1.66946471447174335505703565902198475607948854286522645168011755363795935429340642038662517480563305204892411658
61 -1.625229212444725816307361779691512764332079976548531863676090795267837800845159782117417615097829351579362714864
62 -1.583601602269852983596780573527206410039067529949495233459896753173080537743731413305219890192588576975079418954
63 -1.544380888352709559344036630414446977083740777243743690857968225884090087609878724222185654223044490750776375509
64 -1.507384888426763587511169237206105066380703585147011019223420855985015507340907038301463467703844125502105879453
65 -1.472448191333514651579734311907809924265790341595448188893338645701075918924727653238560881108456798750457628835
66 -1.439420363889094764854140682796375561863493564683765742285055846455980851296290593978294610268019691333315065297
67 -1.408164373501346217817155353018369089472025058911684896464904592528808996470615685686821317620812942652128008944
68 -1.37855519800209664191529039830040195778823522211136177106213459524382393068378544670305134533188821999518916655
69 -1.350478598229515027666350806450852962617100432984547573499083012774491983647098696696540870347017681066500019377
70 -1.323830032350237047743678562382947147587292454940043070192675245829351334066887725007427917417573188213623783157
71 -1.29851369384724305155918867839857678356921443062711762588052643115986688255632066380723289942799062520040016153
72 -1.274441657598593952162481618077122007601670626970876980028184354496698364482921156876969719227030649546497589058
73 -1.251533120602342294908454351796814323538008686673275520160097266393330481937193481276831034772840638599639443775
74 -1.229713725721519413170087811887120464299543221599107403863868153589677358312011626679704038011595170122665900632
75 -1.208914958378130401665569393332863679783845919709652531620373194089922920427235847061404294420712860771852247408
76 -1.189073607456936229779412119621104781338391686613279820821701022782828215409564370492280324454902511530988650505
77 -1.170131282822390303751777978964751705751865908639970681045363568114868928898637108006960657779831851458563442543
78 -1.152033982833958486024297230594657470526121429544467474879595345829251415766458405629628668584595916742477924841
79 -1.134731706090212321852072770002057638163361431417153226039577756269082944344852488163366509544691311416437543552
80 -1.118178102360798763263926893879896819912712905738525018417096477246098350617886489937455900109066117401574153187
81 -1.102330158294752321363877358116672442248771868061156853145920325848472072871698298824980008015667572918559897912
82 -1.087147914038078115355008459639203475130441221249092167325296452859419670988115279775483145719484951337620650872
83 -1.072594207365328779625875494613452973667253193069876241204709681927334152307463699536706205443545009472412238271
84 -1.058634442339393834842925780196707176202128837884827346656200647020713102533162896494721172451139402389735651474
85 -1.04523637986972017218716124685011032712425581833926614421529201309072087259520471783091499877193927627920290798
86 -1.032369947849171943502899826614817208991188115843112233908810531149603925831783630712347553644180628948216609961
87 -1.020007068820091718931965256338538567051230810974128403108407358316841306746738223088702313434217920171892287302
88 -1.008121503356279016931675848005474223635728667844295316718243596693939358292616972312211893522939645237552258072
89 -0.9966887075542015371600318822043420985274256545644502385992886630337146345061006264384769321231259867137936385075
90 -0.9856857032077721909161923562595008867464039514625887806643707526190054626204381776598690783340378084532674290353
91 -0.9750909593998662944829636503147005421919804416357825999627129019507436870532888021493836772885686244647336933661
92 -0.9648842843833403293974023116211110154995297079266199720681632231814199130247167651456964182447282238089311030389
93 -0.9550467267471583301288459261118781747095647075632120565989698084953027478510870320467237343828920035887425103215
94 -0.9455604849714966130821499103306853610129753156763751250199349813588762394973708003628660034744879420206280367912
95 -0.9364088245712465637968417222210914971755242706751800645595448805668107393865534459523456193084996163912889519147
96 -0.9275760021117783664518500143076526555395226058295610855636486375222024026250911789900720264165947806099308667045
97 -0.9190471954555579856351300532704072790061003731042872865906677723981545015605984691977530429274949374256748885313
98 -0.9108084396644309832098337356776653840355957855796767743683130936270553636489253181838486936215845261704134172791
99 -0.9028465680411454584662609764266889862572200927714719611508960689948872947015890755523235953058802003622774031731
100 -0.8951491578458906554768245094534405928485784681856562426628940616658115269656992663336171076363078739163938137516
