4 0.0853181218619188051814126721794611175001892528937733278471753460876732201394208902884071434656995691251252495561
5 0.205275386082524724943237842508872611289474527926304428694897743152205483767100803754175459929851879963256263987
6 0.270918354776249271086325840792467535397305114849854858047888088221907088346611468432514566518519529906864577901
7 2.34138761671226760166895919306964902508939735000585614424016604350011414485675683103343482280622543104203164927
8 -2.82971101911883172196183330827475052678659870068273040270440716189324931722798648116501022812397708242898033909
9 -1.9043995570903795974988316098576675370895461343112115789976331922933691372309660025686910009879101617506964762
10 -1.05286486723248509279546879319958055826870675522620670361082480461843258453463108684318512461055733977436975535
11 5.01106929645235725160295747895799298966749901116625654188567141423760063754992809049406382111016423368922132528
12 2.31297828642792356480439877185512355077811381572299664291846442958800698502646295720642055214042920979072818151
13 3.17947939910957334249869225852128361145490053936816621640757947717022007057734417778592034946815045841416755403
14 -11.4175954167130548875990965505891657717697180655380499074790869952305750828598171839067120521390169486984200299
15 15.2753858319275848510425192236719178673749988679354661418350726766455997820525667579491617033637122764782160407
16 58.7444615645430268012476345478862499870615389537052721225280566041356332149996416709291013297491067164340959832
17 165.182363626661713508950004625204640362116936249456211189384455080633500565048202145053222022719354145135170037
18 -201.052006944611770959982396012948471829049197754620604336699833904817860736991526089227298289608995315080939539
19 -38.9616707367646284949320081031782065606174373178098473337839715553110448778085592134663499863366053617032668069
20 -13.7191295896343367191741272493636194074668830714967332102385043587104480487650680219193117168358810970179851936
21 -5.31164922312542539953604481319124628987911493095461318095224498220828034142661713692703302524517276227258171034
22 -2.22453078708089083192076769506852591101279710421996478660613977809647598410418971616308140320750114249327681723
23 -1.28511153039422596995963184033915621469124944291647602144921353436127997242190304217494952259699179101646026639
24 -1.27969197986787525287765353719326083255043242052607880420375033531836783135217892485971819563309488247655782613
25 -1.67336855451047037288028720874905217859118431779062608662110339819446540728650764765088397542727746546517957808
26 -2.21539780100420602156102225930147755252824040442638537131055705459336421015890848066585256049456424678619221028
27 -2.78644855291015900356557000198439836159545648509684901041740977969321305297993520472025773659409025714228130824
28 -3.33126804262194617200790812309759760777656788944232360921217176010744977112249241928365211235704799833505108387
29 -3.82661824086465466554219524077934877784023825586785482895390925623717243043904385674331405614252730774263102128
30 -4.26527958530061648750943384039711648100901193166996731317861581003831351675444670241571190455142968169480195519
31 -4.64785264392632658613888810577629139834932383584178038097676380310168208018433397213100602856122536451122717977
32 -4.97850534995023853587877589728757222259941977116088243601312608650221765618255462604291607954957864725958797433
33 -5.26277180887162056797712245369371609091299965608951675586734209978502217021231193384063669172802493894126534944
34 -5.50643565157756442771620216496159629973854312314068407723708592163182186953931084083170322871331886798132874654
35 -5.71499081981518757111605136558910657235247157008151118850175688759555104924749564694068544781705787976767415479
36 -5.89340888813559922965068798838249583406882280539196113243714861641786582023069937148077503776357859854460318762
37 -6.04606652692342800442040521159202427848190937939604682739797122462952116831097257884064882214070778202776997882
38 -6.17675360557804619753999444585606716122799051943257229900508806214007671933157882992552548692399917769608507093
39 -6.28871887849032545294946460631897132844373342713810329237783702728699040989966860450117351490127593016165807079
40 -6.38473022806988997721499367559293846849650212972951078734755495982791562602248944158232708701482869327301318284
41 -6.46713749152541325530122076129739531972355597706774579321355391340895071022926413403318100177897569442960926743
42 -6.53793198311511720784489127679106665315679000760919944011608868365418145529549364082722777020879203804711993419
43 -6.59880014036261113223380199133021341256133294460190971069418466371251277393544731247818161248139586201724210234
44 -6.65117049182410894066224732042692658054298705409436811821799437671420407161281144547583693434541688141633304448
45 -6.69625404915549979335693071204195013392271852847970183008119305457693481931966954043167857056536467477224113415
46 -6.73507865292801196540133248003689233673710608214462537068434898392691753773796368068922287598852215379000789661
47 -6.7685179678286137170383838492635132005367036733203020839703445825353473468257558056239390676873078432643446781
48 -6.79731585166184951706973964064946638165028758376974053965021408321258516719155339488632149228498912910462578151
49 -6.8221067830495387935867429269520031099035033668089176588271121029113293492681689660602940476257449125450353187
50 -6.84343296317762527117163556392656944941785849411868654608584902922430222968704139783727141324136104451152111865
51 -6.86175862804480249935533994699068156515369845877315322983002735716678611962964898688849449773218316610701809312
52 -6.87748203011246336745624165730065161493368878290144505356612042518331617140215531037928940001623713717011956098
53 -6.89094547711298468697763996785990223468894285641307583157125927068524826715408359900695857686791648367520371196
54 -6.90244375302316148821895206991265052982107491823209818565503344161568213327291426505699677081282422705182461971
55 -6.91223119218464882645027191000434971775478811702917735859702515211353029335950333884770522079781461704460046756
56 -6.92052763176215189783449235558302225027146028316104086114541799111284934940578701844628621531457551166599030375
57 -6.92752342931773798208381379872516395079814773401375081274084552163327510001933845154126592989668482280360289007
58 -6.93338370027833165303057022569724921013380924293170906696214157080279407157409391523734960430393716905064230685
59 -6.93825190353354442543218863961070378655692388818653315418629024912569188327203524230956618906769213736269996049
60 -6.94225288145315038237069348288144608201943189975901417608370792919964913821108839014225555132670859162935045331
61 -6.94549544249303842411475338275791659629387765452399006683245353452332467505215338164096758765068518160837054026
62 -6.94807455960919539073073600389576232606286247240532786218226641310794659556139825382983988394499882065607629106
63 -6.95007324536730760619594371332962049596111751145818423679163386647643672494377788065061225006283766997154449247
64 -6.95156415445845378955163054098052179657152503941702506419345663694700249440001856232848490320979668542040406264
65 -6.95261095592586797624601349680976557169446089196648693447439386359399380701015995219811156228680814368288750576
66 -6.95326951045790895304625391668113774294598142543113766722681999276800985501741182570268640384208574703013203566
67 -6.95358888234854869232700927571621495968629927295862833906379605915452959865771248360750293673288072577606281991
68 -6.95361221095599428043149694878983764900499517194556662399958318453225801226251282576115261016793078625723532086
69 -6.95337746252812825009071187306937123664793658280668025210981692294276454852669924121291202917907435210737186698
70 -6.95291807996756245557137590877168404693804935957851010979888212280753238253164338459095864405459056296613030402
71 -6.95226354536240758881954299838099317951726887064759803828005809890106729996166527846296561619018441403263522801
72 -6.95143986781566742615613875596158210849528700160021934566466458289328375217698778876663875671983752534556230435
73 -6.95047000718803483451881918875004096786998732348367526806869696216514585061628385287802625047466688015595389882
74 -6.9493742427614350959549273104070355072528101238092467344125833422833753330089636549652301133165849803606288083
75 -6.94817049448105754192174265155447466412004717915166500341827035084915912690399493952402924567380021529540776912
76 -6.94687460329834155806543452974619126949046105243137744680397275278726398548166742182790637188911293134955632135
77 -6.94550057618060030858690663651194531881665227739959102613397621045730896695294618872280288925838681148657616582
78 -6.94406080054510151577355518190488304036528921023703716110681447628665087174136239525472793271790062238394663621
79 -6.94256623219203427823245134264479496951923891006869073784369091325148995053843413442406733394121787167153514754
80 -6.94102656023163370175366442630382856029982082834396275319185026841833778691790456335823961560439793383775714489
81 -6.93945035200902255996816894140416698041839742809317635355514536718985749385477689837416569948457461978795160675
82 -6.93784518061211139307685960235746138543498113959872503338133990418247920653516530348605845966538186589952588215
83 -6.93621773719156339382767615182143480013060387015586246037326159009265279826132827791846337288569767307836764997
84 -6.9345739300176948567769804940861626055715709979741390598330326548879781021031249317878770692560904762940206532
85 -6.93291897193915648756865793014244492414554144490637647318224436885238407010581323375050534271057331099274572704
86 -6.93125745768555550591360129847245497896427165681875106698432443613603397061699187080645054426625954090310013106
87 -6.92959343226515736738457200734788534672949047690192829569022850338571482924502184244336495545890242545939112155
88 -6.92793045154468208669227341742182192390914317462676519330518989718671201504388254402200516736008007977621539715
89 -6.92627163595697289555848649251172395470259251381897317211821283015199883807016492690194512937164987770518181801
90 -6.92461971816058410275030195701767503855157055205619097817407258952642034640080625158654082571515129837524342151
91 -6.92297708537025680347813599278121790931724005059779847426360906100268411869460375626102158293513741102598486532
92 -6.92134581698641216196048868707993734986540744444539391477077214133638168454185776997324833432840818876291719419
93 -6.91972771807314803453798054098006075366528108196701731503813665831746341268894111648777601500962542958221000865
94 -6.91812434916604112074621500573783838436592100559412735765933789181787241777112267147438538076499610764385678787
95 -6.91653705283185945704410164983728781330683917312109739952737780704220131788801241480038306454144526729644479319
96 -6.91496697735082405405487169194691931211708969879416651195449157155601820899328610167715061545392494995238180193
97 -6.91341509784725398581589329382886822627238862056440040973580272825606063122383213667923331438134228706848169031
98 -6.9118822351553727534072736560682307233616132077958422518008855795790269440945811687957039860256015508118081915
99 -6.91036907267296404393264710322541514609656799634260523273364537775568578546944637016272324024261949861997311856
100 -6.90887617142577300338704889146346991060356821894642577782438694560467449085325321559455166466395108965380608173
