4 0.6126532972891538099201038200505877578906655603530141249506610197581534518981409270816953801438454276970004563
5 0.1676734258462926141592249855180734018400391524012507052243356225177689233952286457179846792305869661609923978
6 -0.1680335516117193116669343508861763288150529260090611706842233675854333283452662207540692870928984107367931546
7 0.5138911119502021461131670359677016550865034034744720801212467083361433066203167430033969077250957323036838767
8 3.439181044242054934764193279068137902969145894896070553303061983647583893933575190363021036650638527928620675
9 -3.451873918908871872245050172312755821835276456044904472260226219867748767415740898604205658182016361199087666
10 1.852195801189027738396284810110841824234680327310612428005974279257834589242542844606799875080054285612480991
11 -8.582935500146751163949324223125758233788268172961672654487354671807220162906037746012626535630991370018246552
12 -12.63224804055966230965919135593791733330874510637199309894003802998404688054200538438421776638552011030843638
13 -4.142135264437964168491017317166075011347075599202888669185570859241304690581024920244343526242493010281518452
14 -9.505968116511833584635353320038171860731044066423407735210253666216104756478512779105901110995900552174362316
15 20.92554227857610889105496137537941687209980733549430567288545731898103381708841164486315370417175636157857785
16 31.51408527737165112009093656682327304065359335304854880769201751083494293788341546490449760818403241609337304
17 1.364165925922302060271945304635065850274345266048518645025806991540045304077557196555855397016688217145359034
18 110.7668725752849302637252751258739656817061803680774992340427575550418184130419661798826260611460945835197055
19 48.54941222460066707560157488757743440187797691015109946742793312681466141508694878623492747136568786187755127
20 30.19591067245425459621534226776288912431878611801173881092607903422024099691178434129795859000932381555614436
21 18.81169513680845368435390481720098154890762901604863235262351618698024469009528541247169157687968619135538249
22 10.95140701949711088005051488605899856193774756443735744872079959255590258542752732715942340303723484706365417
23 5.407257939197166065805773036478637184573193389034406233396762582301203331494798947772436837052336897522911947
24 1.48410064470580131959585216112928729462162081486177834750627028534202020990581425038892813544844614489769189
25 -1.286798510536139145046172853037060995797636267731530257678178824252182733110701292882954660671895045448862947
26 -3.234964793384811722267529565182669954113440228274668551096728958659277678459585125044801396908731124981465608
27 -4.594407383066928916496863749547299949012747942846860716284518352928949957489712754766076080916741552167100284
28 -5.531784321108507962085874445423930527988962734888346127452902767978973292988509849368736550865641463977333012
29 -6.166032413408675888892064962974968240164946151802858684684068202313694305111566343216913562314918482262597346
30 -6.582259522188739248239804657025087780072667518101467822937427291708058524645228303909455129974526291240720614
31 -6.841571778127518153677248155155283089976738713609674466866476974405676202114346624381196355795757334439052059
32 -6.988009213732681406685479294395006005387438751375577343092528387075953661813162138968964793233752705962765834
33 -7.053436812292807584121267724050313785778151547964894410664403504697070658508563169644041793371066365462654944
34 -7.060997636901372040282204000259815066109887941233200889123393688767461672914690322789896117720140434084883987
35 -7.027557425917498964202668449652135063836389774827213313029786715832907426003682847659043972851022288553840677
36 -6.965441914538149184726826695160895489057316273362276571027575416456155558716409086303029657478530526736541269
37 -6.883677228909007917414718996629449420124910644340937587652139200011595192086747256958706046833410284717855745
38 -6.788879990368722882303164832447209926724498302199908032367478098554553756087816385190025454653420488736449813
39 -6.685899440878275731254386181983494404012071791293927066340619515124531069711543679691111947388718814993588125
40 -6.578283156670218195638723755927848173211899821786833198056722025939628990352596002039329285898671198959146955
41 -6.468616599594231433958901407846799161645065223868402363794155543454407355261135201586347361174789213169196587
42 -6.358771948534621540767143058450912799897775429996020792408188145979644197747251433817112016729138713988154739
43 -6.250091336004913098184356769524193512192596351075348066608729477724626895409721733799457030670638557552684669
44 -6.143522396716127654653147958823420862442996530236140727442004791940019705446149067321795338127249414451217922
45 -6.039718960835904067117309424327825786497068733225089701948226031238735053281854849773227019994039890469581421
46 -5.939116139517281133847252874891831833766150704465257976161356578777051206640772101602392231711116793110840249
47 -5.841986503535026821719329150882351734173942971719853753612439422725774582997758071486607142537681495786072677
48 -5.748482236818209196642228754626906633509582586149939129306186435005133576839536363478011911390639079104855652
49 -5.65866684020527010346992721786960905906440748362011977673551212115300383344194649942040862587322754205438807
50 -5.572539017282885699737879479492630356458630274672983397977134625638277646903989903865767911814387061226308354
51 -5.490050689165100567570207023073272902484437503482213675927144901047449650139457114890429415048234397494743964
52 -5.411120585095097358997779516664029583234622331746350393792882138086570655058958077811139034807233647585501918
53 -5.335644488957155054230321444332710917044594505304777580444319016462648149562402128362421393534025001248702338
54 -5.263502951360802514466009137297280335587147070801668234850284054940969284407571735282679495977325122070706156
55 -5.19456707663104198699400959216845795588325479938995856006513946808826668528479284095307731193363844635517682
56 -5.128702844957659361528485169933083178088078555612611042541860453984920360724925056938967905368747390296264988
57 -5.065774318527214709791232208026976446513594304610719315296035792295981674037030230848185173245219003712436075
58 -5.005645996826832243775511576931800875482584821140011097237172706302132006827377012100794508710800102753529715
59 -4.948184523287933999996039001294887994187382807611025465728393789031090795921306016841138942955138196811713543
60 -4.89325989777259799019863265371495033495062602434057315176519343691471971016823772949275856960468517444068338
61 -4.840746313227290671422772172057474375406746902900972740460654095004887582823299289155729689210989903762535535
62 -4.790522707279801255371972648333947891854580269007013553277469476968071066225087329832414674415374341328128032
63 -4.742473098513379680696123176534388107686513666368795281533928023997625740226257955635786746034970596807625427
64 -4.696486761035471417828575348233641790555094867795169975598431027683867556164940733797179770445865730360713315
65 -4.652458278582886253982172663245765453184187735017324854343707234865699836720475690199980649150185236536853044
66 -4.610287509880766822270821302739004225235190134479138710546128715251364323033143924757690728299214199959427311
67 -4.569879489627920256491715299096124276549493824768690217224731805453641193698096069787889597199246664000006039
68 -4.531144283807556746227179972126717578465771016451445204087801720911308127895906119786318536381963407096164735
69 -4.493996813633953521645078459400493218551687721235549323153409464768164325769662851341954637029261564484102804
70 -4.458356659047538753064639229492735883641804419227536877475989486876928087978377763824001359002434549801571874
71 -4.424147850038143336531007403088876752554805951416652083174205592579494962953248787858264786859555080376289518
72 -4.391298652035933950041962826859929635447963910850900273308977751417685053909141985024145729852386803076426213
73 -4.359741350028915536848478099733402768022814804728838422950028384508734499152038997533677776711393970610555177
74 -4.329412034842364674297744211900538414189490249563851123766072553640507382601632943243854949460761244707579509
75 -4.300250394069860105457668169617236786250406267164030883804792641170982837585140615338120888407827354347661835
76 -4.272199509416276604721995930603294169040078242693001158392929617036692136706769003888928813033682422082335719
77 -4.245205661652484172049960235505967098096290938365107058972439713366387774766487344100465028530498991115230967
78 -4.219218143952408873918929233100709895683937547537243006779903555818815391266402671397320182872564701517013102
79 -4.194189084056611061836743684177179253931727144647194670306926029462980477817779312437597663890692878286308116
80 -4.170073275460012882123180536965381217137739770824266201352759665882550868212584011129858551545990554272530238
81 -4.146828017637182303447111671945808849892295407255692413381191826511144588557499625174597514256482258432806443
82 -4.124412965182817492466816010788987508112080783285543195296385983303154789211699989193699429670557229816232988
83 -4.102789985646931672747540101851975394059516159202727545511235186348903070829664929955504372590559558253368318
84 -4.081923025775215335957103325127514255553203444939446955933515836299591623672923385751024394588893544906810401
85 -4.061777985818484745762308110347515300835813261821183636485687825606768515463130030056725045468865768577537764
86 -4.042322601545786435128450184264548622813923195310574817206621356120679521104980053922734549228584614380735547
87 -4.023526333579519784679927668344856512577434063398687177675830907087013050515536295352236898061047327149158824
88 -4.005360263664654777482635193339212065968981477205240822227894305269517388624005188983979271878403949260487633
89 -3.987796997485249471213305659435762051903079549938265408119063519213709484895241965974798635921017219857754824
90 -3.970810573648051735890188158010556003389983970950318878273590433916294851961045673567479050919960028101394886
91 -3.954376378463476057871304085052937656049914448316130938785232833571161615290786679549900459656892333988384932
92 -3.938471066167494046791970498396958427750512308336561864194731555139940334097229572849621879821431849682744
93 -3.923072484243051249858336705455957877222238098106946251604995663486792333067733799688840831715242458626303595
94 -3.908159603515819567283051077751972351000405898616494554479509351651087199363555644637661576096294763994282722
95 -3.893712452715877447041861775299844391182069126889488240542212764222658589211581952008087500286386518181454136
96 -3.87971205721387377488837099006066221603236764732111416266921126943168564357228011914986197877662083082872901
97 -3.866140381657073572552090397008272944035694590984885341991732285369762174804921032936059407484360382463344097
98 -3.852980276247182482550066720706464128757706686311789144079420118488925583862329059963135464004303008524565275
99 -3.840215426417843681489251212214581335260423360989731994828471215468730427141847329159740614776129722205322866
100 -3.827830305685085381621506610800623057482844453011390831061668745019972098699125590953753702758229310933563422
