4 0.00468415166298538354136001276482835232904278821079009293986828854401138873952474370969875680062951860695978382
5 -0.503797055772749671245096018045436504588461891320660235736125057877742263723213091136204389377200437959369968
6 -0.894074390274971089858357451715137032548599722936556645113565286138413211303868276498349177911892832395397292
7 0.254288204581703318736332228523632456004607872384585567820010282848075753866207037541510905726737148016403979
8 -0.209410437711298558252985908788164489604037047111717636055607768187944981871763650345706659479041589245164228
9 8.69046492663773458634145683805316584326666257152013848797474449303227598332024495264446956945323367559051107
10 -4.59427833038356070318686307869934843931543108887640773662982186875743189952279197368940168588549007057134238
11 1.20352203315632435694828579800396179110266017395588652551582002862282785674119897524832943251954962976358383
12 -6.56441094020694038896467251056299689945084434435551012852132912380093589202532434308502068709956028958964654
13 -19.853781972838261800276721793700843087481299280935799033393139204652953528679937966570631202356012014972151
14 -14.4525182362572856150123165866343813199364053155705779678550180239967895247244525046630407664052873469491764
15 -42.1178665357656932122782303758777990788135428187831816092497877771863238212800611881366627393386550669021437
16 -40.0926524342241908307611706050243610690992819203859275717843210626399757742046339275820568646341813293226101
17 3.53230304250851963451336510275805590073726261949852449303940172223398600069306354589591094774027489038168833
18 -101.23375584315622682857472976958379245503503412565890317930979972549763976567130546646770253066437962648719
19 -33.2927291550276684711300781020514665632523685763152243546848632390641847023450655650425246187210600199503652
20 -13.4949375138473064848147119529519488437902364720034775241652593647288261869020552801774314727470861224220066
21 -2.54240775172085247884578423220724069169833438566901587288775435032038806209473323155581529148951017432047216
22 3.970048952501883707391550602009386779817488649744048529592607470848517040349565944013095401294632658070185
23 7.7969580179889303717304025127842666329842956708269676985573172423601395886490252489589596062257559406800674
24 9.93273828492211682044645345316919742297673898650240439786066518023771746888838416719506905299022823543885324
25 10.9981342332386676355908308239795468289923114213223448545833392096047788948379797862732114076340971955183413
26 11.3907740116210383720865008256858151210254698938539638583196754909706467395329576569556905553776745436073203
27 11.3670365643556681242031211979099084263061457845865566247097889663317007955996380425259073227163341820115194
28 11.0923362424027411222654201164922909727932029636020746302085463364259041413664835200190606610327488653284852
29 10.6731768674874292904428638872754266780458318013428017034414231262136899622679562328288668312792021444168808
30 10.1778115355875465605290755688222496901369704728495663869943005399011685218548800128581765954105781742564164
31 9.64961425406610442949097881564567279821974744850110705986992513712057346408801979410885623365040488506697317
32 9.11575959805375595178692360000083116734280533691629923245220197123771119911386311072309108527939545868510295
33 8.59287357743165348132152385427316819860473632526332657728064980269567025746190735985191817357805449784687251
34 8.09072422103801068684653981402941617789382452742550079268828848804129978493700196705520934280268139884678999
35 7.61463922969602311719092882384570698353269244712144155544370139964794395837241714138681016150894970550541969
36 7.16709378925348329947756861283846843196844926505549089668401247629508305839798949572568549531827453553839315
37 6.74875510031807171729617014289974968341154767238997942158099955885976709729316884801426395064658648992392206
38 6.35916971597930928583393494139464860141020953903606356188432424676720129402774972957112822683785551989448897
39 5.99721510764889912304451026307965893272177008080736688335388447671690626097765239623295116676724664941955613
40 5.6613950786403682310081833852776663831097576024519710248961445623076149874963371165756030447237418243548712
41 5.35003149592547983898255991155433254963377599980421517497455811828394007101465628334077232926557760573729059
42 5.06138708393586214882424515025006892006857147335868391957495031302110039721268373352411739452616690997677633
43 4.79374238671508876839945566916280529889573860214275060661529131670060234907207931890583353633558502812846442
44 4.54544232303351219900608333096956997560764160777569182770227516747880817974718691387573041939178430024515678
45 4.31492266194396520288325381284807708303265969767865283146135776333111529820237003217185132636121179751865758
46 4.10072334744939468927916459518586550541601312875549286470329740694599009672061844878630842940608905395608964
47 3.90149332448019439493711155964811777844494364954214611650036892779070879759850277173453495031245295994957887
48 3.71598998768591519614611571579305718553693447976170863547262210470595093199087666573527642524314932004690429
49 3.54307534201088823690005471001876604471491623465443920845712574299684646391018169800396709877747825678859573
50 3.38171026586222966124851304587673348418813456152409262707512023490726367618445296256446562006675864550967688
51 3.23094779494941218017580734436265526426555981346599970872669910863449822538225435628563100289647596860308841
52 3.08992602472204738412801699249115240607782946771781724364005108055243131241256164625607453272413870137971785
53 2.95786101278705575708462183265897700348934868511734679306886690108335223095831712306458540278556436024752448
54 2.83403991667743004381788063895572379456076579458411810041811594943969332741595931879387815265196232989327137
55 2.71781450444264846605996218299423145182520302423991693890406862943082327805942709153677419739780855796830646
56 2.60859511046451154213699133420392720323864762534022777816494106568664126777055421415947916341789157978103958
57 2.50584506624039910989436990353931244466540582370585388144354167818130207897312911551272219830531730299664697
58 2.40907560847393813920788251669622705745890610763587203685657488321875930438568579030795631014068151256047427
59 2.31784124976736861349071109431340396496103829268182953593100195228994301853961600730305679047580109780142282
60 2.23173558715113084157968441291139971914340750576600763179014242483432865111911022018997417559097854338148796
61 2.15038751829850590356469308823483212060952938177405712012541737698265814008828384067445612605922497479029066
62 2.07345783296609461325239038776193343154607260683895368135162868251380434755839704803740809082115359748432029
63 2.00063614688471215262616676950460333265023455681845323599054494285020294066156552977967440373324753156610048
64 1.93163814625608836530575406193341343292972921396006504602411807163935956081397206363214725934086906689767791
65 1.86620311268407709731695058598511197710708990719896793432423204156789289052906454572535185228212454414163085
66 1.804091700445847104717535049133599082219989632652685752274369690527046802606921373517843805671001226107745
67 1.74508394026399128189503852696140622703776708365019542366268161717250367896185892328642627643214492605967832
68 1.68897744602861492199021091182937674201161039379163128659136791403355065045517592844928459812882778903558182
69 1.63558580314721106496043252213585699854412877728910397047999136825174784183548077270923302561400449841938505
70 1.58473711931426549386262016576037847984914514205538399806326696209903210567312226455562096367874823315965031
71 1.53627272046166302627277656553925896437823038511771288903502249391932653902505896404977968165295788864498672
72 1.49004597646124285512110035509374222335016979343698259627198817242824188944368655237354084649551930213237479
73 1.44592124279922812574853424717937360946678027956978755492251037209141672418150313587397345496514867179340728
74 1.40377290593253322556523184751049458571768175107789645090447551007056338148637870128351968026609023565178804
75 1.36348452137706842312560146615986335157316099266523550946631351781360648898951526970644777309902435923223012
76 1.32494803477835455442544978140549484641727445099398931522266297593536266458951834343457089552462122447589543
77 1.28806307728634407411344588523783487237203472829276039491627649544768560770067664631011837591767703256889992
78 1.25273632751090243105679752363287483424645994148294442479536573089454614899839080729134269232965151220502437
79 1.21888093318327608943259829502548331495827430929956784535269902049237212053143918011911761919525043992779624
80 1.18641598640284671818009306230875972137212266527908897709893977366793813280783222014614585456252767373373944
81 1.15526604701760142577417428446753287440271526129150529216508242408841571389989015117971623171893261432993224
82 1.12536070928027937401529955279330977905044833487729341081666316717704447469277127110071178224814809198354295
83 1.0966342074484920475658014127211857516730781448203894639535247266693202316106058187448176227154541150750843
84 1.06902505646384310946492050205650110468168716849393240644481262810024328697539616810010037588663304756882637
85 1.04247572425899723538732422389067216681560080611982387524758764610156899795187888514297660976803228275519319
86 1.01693233260883899655698064816159915249313004143760524357944988707567671831845526850874031910320857184059748
87 0.992344383767725408538859104838389406676946038879701069493850673450761344518113151077988508235601503530019746
88 0.968664510424161988162252319349357296636821204018245478247153156015346749712003017866008311052831893030795549
89 0.945848246761264960319082890432484026102581941660246588277210395477197988235950540706454687577962833107500119
90 0.923853818639861789566673867085368605198593690347401046832298131933009274621951084521981716221936980451153001
91 0.902641951124339280839296480755538947611809886220359720832416409233733627334599140569006048404578532220845478
92 0.882175691752293624709152089970077122911964117141013929735012843207702052423393549101725616088529624242793671
93 0.862420248110244819684449824540860396415036047079620275295858997923892113279221980114150442617496171346878992
94 0.843342838421418299956652412744992580328745766747706573337598066934677905439744262639952429999205406927027735
95 0.824912553979869295231165578680881838631261875798972506983678664355229768797326269780740602374390717190953241
96 0.807100232379793032625682300101725540516486079539395729526995195592518118256075786988798328241678575180278715
97 0.789878340591280013318424410163188562790407285145032817625035438126301320330872546004644147582576574648283267
98 0.773220867025410148512565467023151348879257985985976183726793696327765569601394122254820955651652579969455732
99 0.757103221813640848019154966762153443428841892029315960641315592178836251751147274039982718599112676009008059
100 0.741502144599998537727911951320409953604683879020449158797606850693215829212797544718513702179558105772511361
