4 -0.52024864032581282954778473444263250641215421195812476243394513847370071985873742186543034314698687481168
5 -0.72016184324826238059038566258841393056678492723205257827686454227210580666945798915751080349589515062779
6 -0.76643852609305924176504581237947744407678682044054137474679608743494666522569969800979355205109976554445
7 -0.85757297127900848875961023478688804349753037732327106874556111647373914287785298286729025042925356515602
8 -2.8889535244993119067020245997688385683372154699253479665730469783717654256089293615448497385818582609659
9 1.3635885390962971863289698944686981555342080529618892994042174198279474604487077855792001261954761200028
10 3.2470518999457978997998472442364347762845180722959671148175420442050906943489855440128267551974916642255
11 -10.604359983046155511211041786619510693043654587272406394088102832307135140272032793722465834636147014849
12 5.1174894393920899317022094662458594196491787464783313413611039966549767114934915358775705070950241500514
13 15.039846318237406433119907663539826093922598398284644781244591246399869775354887716900658303496903534311
14 20.086519721789898376013581182532766696553244205587858287688300929550326364746674221529298714237235930759
15 -6.2845538273909096915316772219719542163929170553780239220905151877983152734654717763433397202073341325436
16 32.420083133674673858694591731076246524638017372108255528457288819629602704183283181041666349955368261921
17 116.40144672489334017954740406005704200682976087657804723529357247581498089648584751027447644896708576001
18 -125.83835784074577793619866262458431425687034478111280018914883309933610377443555368111276754334568778934
19 -23.007228361959698625800283136591340684876025263929455361013422010600186485858304277134013906044610582509
20 -13.34711361418122232997364363771991684706704119956710498264258938978576049633748017809735030158727229323
21 -14.117243518524026516063045297322135466605278720802893877771275471772890511355800901946037758324303571971
22 -16.738567234053676686566032283482661972311609413061238230958269706454659664282180361946530144538052824333
23 -19.088252030452657585787126178656053655494383315815718490222395607105893855804910970107159870977241608067
24 -20.669977734747855057501520446349790760163958789489652996320783456146668651242260988090741853503016820906
25 -21.492907043250294174122888283109407150697885954628669899136484236144377134492670553840257262152533825149
26 -21.708182499797104742584252123819027770712601117943222938414859291831088958515438706815810557651524711612
27 -21.482495871250371496890041723733308425358726209434652826598459525266117424196568814377124155509695901059
28 -20.957931439646467373731739823535406224846696571352807860981036356254478626521502488782894357370870789434
29 -20.243910199124681755965260426706150325283239385575510075032170465899820605802438124326384689332723074557
30 -19.420228160029407219523151409685955945820692585044060167372575828304285272211884901188036104620650610107
31 -18.543013422388678328262065868733481159784306475249446966049445070285708482165897180573489895347540500602
32 -17.650601591551158924656939716461061617051077163722713200231937256816296355690096668307946993762823650217
33 -16.76840868360795342444879579609894071935983358846269595539605077705883680519240436938612853405398654831
34 -15.91267847953114757080246956071017338683777671121786992424477644527636430829025021502144681226854046239
35 -15.093251466292712933590008106160103652286535738780401866874198817481415689616715114946281690690296046816
36 -14.315563317495159524631967614077267851891783892267532313396114688068436842153162605660242825713930372167
37 -13.582065809664783427726944589082949225337845026020096652212505689679301559299306959857564425932052387344
38 -12.893226529526704455567706260202176933032696038349410967012277384678387992680746036525672611048698692606
39 -12.248226403295986424247726801422858151909819802586245997960424902751118466375847229847416043708022596856
40 -11.645442656133086061484945014041258942660156528977940016807711380404677856767799692010664168572268860735
41 -11.082780436971286045095383102598019092295408542907896237544924202973957425554009033788616084632520798496
42 -10.557898222852547024033232120998540671078082775507878853205044234259721121875448111822205905959249223587
43 -10.068358962354961581269980980146630483828989499520200419693368349275339640591782051070470482116800693297
44 -9.6117295015838224447763108085455495951476580898234737513640297699903721776928870711810424429737044316585
45 -9.1856441517409407393150350891446967031888223557101613846525273233156397701795735560586704853366714582811
46 -8.7878435346529227640464005496347502406131503335844573915315241220243794381415624213727700835333148713789
47 -8.4161965146953721641772548812121913833172326393670070246506246312309621176362455088120831128469221691827
48 -8.0687106833326469544517454228067537747392453006917619667599383855688879968019036594106724588125177590839
49 -7.7435352147920517146800486516047342097563350888813842572720667589036412162005292406905976921379356451658
50 -7.43895875236443647001095071232415510518462418934646282904542054606644082624608070535514082966570829025
51 -7.1534041695539894158314716874804944631987189418897609190445076538894611474366484935867237887524730583886
52 -6.8854214769556657671930361180000771514604641629424186504171819232594838144435110003195889670334788325719
53 -6.6336797427924808718930119533464633765864802101358064583547427550802221235005585935854238299857765531285
54 -6.3969586122321740457247290198283138242593027389240107158914760151197501174195426393025150211143305889416
55 -6.1741398125622402704495536314103919365934838512408989853503828811327258125536967059634324536693672863035
56 -5.9641988931217181328718117054623509887016867611424476847947346985789528425141618305878899705757663858034
57 -5.766197352988620017905388864684531905987385170005910757817692088755601262322204551872782538008610198341
58 -5.5792752433796168162069816524976707344497965380726504967046788020020510153824811245494285361976854772149
59 -5.4026442867399082253675224026550400701084389428341165014937973534425324816071621595726359523329787960038
60 -5.2355815243541542537679175705098697953994342127871047467964893184449112118445262824944261693901798321426
61 -5.0774234845732942622482513561235257640018836415595225066228447529078380296326073263321142130374237954604
62 -4.9275608512897733773580004093438893087073163298697246067794350095369385104111347742069618498363485043171
63 -4.7854336048788275376548393016127448990339360923444238408865326296258278474718384175563733514377206702396
64 -4.6505266038774255775926041956108152288723484590905095107368204090438267820141445668470464772739332214976
65 -4.5223655740777253106066276775013606706228008235622842733641271472588591833267243221557210891123198178338
66 -4.4005134716795820796016742037014215182942703679638405978354059074013613039959676146531953812716051160388
67 -4.2845671881221768868287375998548743143313910759642603283666732419325183191413991658289208511848066513759
68 -4.1741545658106999603549431333244699954116850291508141778648402836356847179515395068911683340579275021726
69 -4.0689316959017685997911747098127489890806140356562594926841474673612497777628175910250059129515296837877
70 -3.9685804714271023253916830235461113473281238921255506941387924072540460530000078736626644606786161287482
71 -3.872806371195254733597274446793177305821520727212298993070165848178958040264036745430275873950337889106
72 -3.781336452034733751446714541894579670309410511535668034587306160749480623587107482736364039293708317905
73 -3.6939175289773328257640110800837244022987058355109336390948892442986756579268192096038851740774235409034
74 -3.6103145248974978674281891641836552748042090452860988132692474060564118739815364444316086644045901678719
75 -3.5303089729060180120283914585666288230378228621541042302016824937609625909694252475234366487960256432015
76 -3.4536976564379962506221733195432273535513515902385286915021325103979242725922543705929038548267759017561
77 -3.3802913734761959926289195684543720971070235209925187035591608956426620377928468815915038514851473246175
78 -3.3099138127159492809734523027044721727810114330701750763887736903699535099710973484881156266870616112083
79 -3.2424005307139150117815754295805745804870946080632044986694509583923902959410086419033243524019634559874
80 -3.1775980201786096669109690379973302276342901220303979856258765426754940226767213647751266522227816489988
81 -3.1153628605649960952529140282883137969679770248859877278997526573834044453344846282592370321934036301736
82 -3.0555609430378603149147851581753790731359804094502683627828097830115122019410975326392408187070784083631
83 -2.9980667626783959998643579290413809674791289002230742998648408697338069854076113844471158088316522439065
84 -2.9427627715341095248708439617688310212987977732963531922603735026368603256610110065645374975471615433316
85 -2.8895387867620799272040136057878570460469219438286144353057268439694103937787964169840341078484861303934
86 -2.8382914486973828462177015933880300931238360062664983828915247410175743928683610122981000297101652480589
87 -2.7889237241991162552969875446816986111267628079758427445253344821506852045161400841486591745486135393884
88 -2.7413444510923290201668862240813773155153702390544639130632007213495377295745959519951020221767276692704
89 -2.695467919941032735051829249534885949080141907237305307587346531911757290574427751696630288352896445125
90 -2.651213489760588708035121937309622526000314241787170892115437419693400926384439297214161348572513384427
91 -2.6085052346117941487701334418987971668976636740025270748468126520429302285215807026661964540854342393431
92 -2.5672716183181479098429083531965506216696125543979985990793361896005780533629420444299033264877236083189
93 -2.5274451948158166199598931316330232161993655755701810229709609532802797517476162098068457803252574968915
94 -2.4889623318861046283424150485475387181186585827521717978929814185705664806706414523066058800440045625954
95 -2.4517629562357507645596915374180895319602235052214093737648124143106931131022752725145206523430783434787
96 -2.4157903180838000979061052921980420270259315450503568906393685654775819874636948367066291846570003836189
97 -2.3809907735875058380178771997129597439967329133981141726842730420147848966369688588514326008131177037243
98 -2.3473135835958200751644672494298339343118794259883988388751397312463190603809295560604839244462524228888
99 -2.3147107273594138904448510742533897832538078102719207434865104804592353480042899808194008803825560859372
100 -2.2831367299525014963068981554786872889889180862677196959331970381271674313281870210524177467502937678121
