4 0.1246185350473497359322748302304134153384043469337325312806761097810111923089815379789012966732920289167
5 -0.6758230517109844909582597802906230242892616936144153992680725542297991040178391222989157357203139700269
6 -0.1583022697536295652686782769619976803643437863613887693173614214060105039758022394248494040278799061495
7 0.5843069353772250067725516186036982963033207704327843521571566827600182517633695101209722327074791144166
8 -0.1138403335640982804890355384785618545475795702359749475131411999449327603080062804338462114853598562547
9 -2.597241708793250890262525224440121071151053507921689823611416464672023905416957855882175373731088903302
10 -3.151554867485016976911501592915762732279888097159286790212486628270555424582381165270391830937008534606
11 4.370434500923689506198451071962092211543058957722496204198901821757940853789123601470246307956898665593
12 -12.83821296072907871260328117999095795428605835395270089611983405065572472822249904820193167577634604338
13 -6.280556764987912948438093092196600132725983112938734186004969173398102821831848650995466882013162205891
14 5.7856895441706946746307621853918787179083045781663833664519505292490180172550294839681629315710566327
15 41.65075156421748349332383540158794078881999774021947835004122345182873934755900203882825095470653251709
16 15.11470719315628104766366967709759509798699079863422500768448320519841517259645662038464087316234040885
17 28.66460690358110811872704866724880522164814686976090728955646144312582644981458901260793341551973069261
18 -122.82461066880014922055740493623116420107433274400048686212036250407476005114857611200194720833123526
19 -50.44696818317062293672190272106587570969426418284762713119475871828190704613603986125677323777789205002
20 -30.08257539414655992151932841102944524605444288818990864444920440669665005558191555611236419404820301593
21 -17.72860727432714395073378128967273119818004884467392701661858425423008583867374896220276810028980041602
22 -9.875860652217596988517505622159131326375227633432012993168557714197079289985589097752469309319442683118
23 -5.121278147348850662404636126397740607770103423429579013951130816584027023828483706555271204707113673281
24 -2.484984728120513209305746252179340327488983553708346817207220515722213980961861036410543529549033365856
25 -1.247664114430926292120050449257657988577543204905045940353378011914716095690181121458850370520178184074
26 -0.900473916711985021846539617702305798124833633021334392161695659808218164252403075797828310098164811635
27 -1.09656787021915031237205346744505591567435582573220780588176321100988707557351942368234984904678391961
28 -1.606285271646537637030455155851303882164201558484654563182757740006456218689034073794952030576071785513
29 -2.281164645622431191957743864137183795322006695360898117715898479477463619971262302422001726026002289763
30 -3.027433361675652158450932139670413008296203434729107982863207857173219466891197651431709703607543165727
31 -3.787438620610045606076108190221978260117367913820058059426188744677403928140973196010145095701220734199
32 -4.527028770511675372020798206953507445147286075907483380294849516584161071334055582112783027531793544089
33 -5.227138439657643381696905577297208200249325249779557257028346488573657099030218376806372624046851124877
34 -5.878246305628515787169594361232744928231693951631257713410200878492532021084043488661557846063133207817
35 -6.47675766383034534049500685526964646295099522802849061870520350050198069202829383063048711192373456818
36 -7.022661443466818675920723678600523469722385257150303020749054621126332055495797549410285845661981723989
37 -7.518024785296781664420882294135457852659719549018304949147668333337502113278912710400426144615906420626
38 -7.966035282234751013956563972027703622412372097233229265090116330276133104233349438511832287413306242983
39 -8.370399879264108815428174302993081604002134603869444517984938215159833324625054363417474607537126421877
40 -8.734975096436816249930000995854594404424305311309620377738264888878667408056547031079720752628441412734
41 -9.063546523630236713509923666262473897545541059554290980494469275014895276123871589538390112329854277384
42 -9.359703958854855011774412330475643964664406603637087927878098829533984611364787945697909130607437109059
43 -9.626777194595419695946022397924118447015392957124420317706851461258482726676930602407950975175849874661
44 -9.867809665240761495842561492636566429100407854109973841290602909228646715974346816965304826920015774876
45 -10.08555516834746729547205386612920233287083389758512042762316140093045590827897293207850201527172591976
46 -10.28248811470969840860418919652128978666456188468577836150099143469923045564847716038735750010285466937
47 -10.46082119639229673688472418560273297440958367439678499086821327297054616815145796704381483935340813921
48 -10.62252660913042910344745037367097111779902263005565161177955901618705307192546707700340230708006169708
49 -10.76935843259591823786047403556698692964234776455393402971781017092372802797361973666367929554080438411
50 -10.90287472587085119663752033979986706589667921091874599751251873456648664439985883311917849591589816716
51 -11.02445851151346309769728976267624117052891049443211041639000082143318366065317491135778736405480405906
52 -11.13533721543346005923948710233499916415035141480786143129608316432591234311096091547595652632080828776
53 -11.23660037769104531000668307112101593956616219976432569950507908579054338517716942344485663746601417542
54 -11.32921560170279884466215542656006524699616931761478388009606816185806360409849311957847872738020281654
55 -11.4140427995141404952780156985862425216433064556111501285798441236193625878665169206241230482500393986
56 -11.49184684082673885196829369971368788882721517807228206167541746260187147419505410587311163886731445048
57 -11.56330873791006362882352443733418156914772422707379480559354101735126945698541043519193529171115037027
58 -11.62903550697091978294582738432685922100769220617633081168529865334462217907250583659592732854398465339
59 -11.6895688452931968019462976081136939843086200912626509219434304299051468851940916945023576606247024965
60 -11.7453927565878198911600679050047422457463118654260828479640793612014384149203379693517297782389055034
61 -11.79694024714843914613150025581869460420955031643246110769826676778964055148358739137527609169284959292
62 -11.84459920426460687305750805503874139311249206993134203669867853021953682068776572011213896006533737903
63 -11.88871755693655277922425104097066377876034656570270838771531403340604712649803579749968734547453683698
64 -11.9296078078814248245593406906665370748905166560307408133067926303648026856521114722189656193656403671
65 -11.96755101546531390771801038764763505692058236685393149061326225804119403446434939066009730999000728737
66 -12.00280029470930722769697061223263024842131676649349442865579466726774920023382865316834875599093982784
67 -12.03558389796220787072836971047895172346955189891169650853630219391844056713933147755253798026802360763
68 -12.06610792820136995967070864987871541274079223224169987957217268957657844117735268578779115766121330446
69 -12.0945587311712795649005542289779578715701064649712011875923952735734209306245538995224285580581189211
70 -12.12110500663118339084636327927890027500171055091848561071807543902144837962206551657611006531061292389
71 -12.14589967378311553503041960252444633273679379360169493237707767106187789226527858009720523514622657462
72 -12.16908152141296164716778563278690108063208766742918427107776334094533657758222995216607747128232264075
73 -12.19077666932489720540650947805250722147306919807353041275159394210992066586307885539008149929240366973
74 -12.21109986421354695483268017240954825409612060333675344039711994756293670589401853745568251216981285057
75 -12.23015563013439095367716668384901606106636230220134462070478522741603920534367557622931948222439257655
76 -12.24803929114353689590993682553456898015678717399314063823246525734302655542204112684899227469174770852
77 -12.26483788143159751179969385614159533910744050041611001688501940469362181206077093411043727162087407314
78 -12.2806309563277182957819249742752680140397736489024453218552221146025325142236682860285131398425728147
79 -12.29549131585905366807866658135062622595647256915146737736259538839133703781454800129560653035403993313
80 -12.30948565108352158941369671811819482696385871701739493145662955174033406155511784554822785434694189069
81 -12.3226751221393454989097149560698583516235908985910547991514576432354523969766151658834731465593762858
82 -12.33511587584759875000963764056255353670324507542219983281683121443194499473079283624224856277617587666
83 -12.3468595097411042030424777419577534480969080904551154584052940859576401434566948988792586702691781647
84 -12.35795348855508973605513850892946410563030166582842701283564033995697240390232364203804535052412528047
85 -12.36844151848511197902755176461545917378396617420146154778870415496076682286297055057703279215805701345
86 -12.37836388388140441217915074273886265454303074816384062706013761071551530401870101167801367122197730513
87 -12.38775775049345243773167658550672730566744481608704726085003524350160396162873044773797705273840354383
88 -12.39665743889344398494321956203591245813739966242270069350415518596030382148150007747642530736167035951
89 -12.40509467128297383946920440136167163798462333871490414808368055758970059612211614161665018342673212481
90 -12.41309879451595756758964598129598961103406023454983895309429411440515178854137113827318483619314649814
91 -12.42069698184520222588805645644604025921627046651362541536783631259032995926232604069747710322945069663
92 -12.42791441561449862019066016222352651639712083299793679249975183868952217473448660132668475672532435078
93 -12.43477445286727067432892268181137459760040638852898662397063544616448921142592574350648443305226317343
94 -12.44129877562226882611366776652602286446712490302328084537018399073639007432126203667087926024657466569
95 -12.44750752737265612085799610755442827018581542136380424622951461654517501328506209315062127943863628158
96 -12.45341943719375617868099646752765696918191019328644881953007495692416274804955829778942959783734431699
97 -12.45905193269380630604011781811845960592520418643315855074224474773633005115200531738181337638511959073
98 -12.46442124290876621966599555539242247808752068394374798618856119718919608837178087450488210968662785498
99 -12.46954249212438432931078833420878187099973230366058975212170722861521066774190558162921571826205356
100 -12.47442978550441662635859268363434988154603229671621867058238433757044806367318492760253596465465186203
