4 -0.69264085908513018537141202429121822841498518421441758115353543550139557846332662460634479792345159638062918029804998507454599020801095029065745498
5 -0.65363615102959043729373362098859480863574389848342999953307227589009105324121084304046754080386778971249224124611132056412774598925838369188511177
6 -0.48328198177351983524151012378472019698921213770271109484518903326159402332938499125138595789990320034263519371492125108224289291776560980825641818
7 -0.096135834420682738090367970654377949614371065822179724855054390156607860911950847225913474360338955349248137602266452402734695007517191170249746146
8 0.36495780847806816451348456785696776683085211438715019695565078900546099736397800878147301928724443683505145668766006468450334791289234890845964138
9 0.81423333847510422743680271194901638635129666294236960668157453035067949351031792905791221526447113454550771556664688980872173433191398644860188985
10 1.2400247753894139499994411764728626035796922082939849367199403739037678271736113962769235010087749775590571989700474105495620904473020272034452681
11 1.6647746463747048656831131393252604534405556016827687493717409141371432284072484558349716688419058873284083815648314854507438155852346496128298287
12 2.1287343012928049731858301855088236941886561132802512274027253303137936853213942530655402402689483317714634336553538320753676035939682593046656699
13 2.6964540686475111596081068878372364827135246541757472480326035773322727400425844867679088466341336277773449634748556009619814207252452508865757363
14 3.4904540622337792353303094703952114257974615959720620344951014908424373866099451085615087454865341025555950732491665833720707465189205978288028389
15 4.8069317105802098568769009558507094517970897861379891115233908349206942126827345775953846100749199063785547176091043755596347322308985954873331642
16 7.6642119320523872124594020754618575084083037029783262645635688072654430802040523066181935195539745272069900302932167146736526408004925182089911083
17 19.80334811601103633518248535575163951526760781924193187775488639342346599785390572395874993362287649807048061288244361060935304227695882561834679
18 -29.011388565974307391095119379649371025180722800868702647758344406825684417105905835624325661670127410132841420987001931212074081851378919378038449
19 -7.893956952834912963264780558615926269075056468356810490608117906899561628653382651397050776131985668026646576667375270548822898442942030006792172
20 -4.3787986236031267313094694868454072441336037555808108482228071972336447012320712764781714858722022758289048097981579825478949897018815433392381313
21 -2.9240980696908718442563978383959073015673684143336791170747896408149051787175062729160380624201455779944334461774079123581161137654603875264259851
22 -2.1260905931487846907616739277933954326004033117018757886051396105467683622324534623596712678184053983735398600780208461052909364730393292020578608
23 -1.6209875611923317295184608658089354814221985814654479827089139628019526471903693890393911542695468850734881491678141836627592217919539218953091496
24 -1.2722059899940524823380641092620689360644386599875453423397663387345800502409203618637718180055621952337464109104438795110173492178982765275357659
25 -1.0168498471788395365894456907855801948784745363699729009881715112508423116922640041715771570393936264495350665659551702527350680690874650574906083
26 -0.82187223838603991403157798781130901438645189327239587251957372125801689736215856148182667907189012184841498463916539630674486198858455344986907233
27 -0.66821861320549746640445201278362115933659534021704429972154967812665733120332545471904930131650373869095264951932519410943492322886595361060379546
28 -0.54411460002565422192442022198192023745198116839475128224337839225753819333144454746989870153859188498983166778674850609047271320109990083326273002
29 -0.44188345060711019575526071018297366885258850312351458463060608202611872256690217124736962273269686020228287166698154742735324117616618290142219485
30 -0.35630111990977593567297376509860057881599115788374754186386777869973293358019210623921180349736361811379226108048980382890240125592521671169347606
31 -0.28368623460237066275569456501161559299919870638101939966168952063676411471802488691562705932683225035211344731255328947308303769748867874083169506
32 -0.22136808680832184325594158730809579934864441066511746959372103003084664002557747242865881561514265858778487547782289912172978725540795293360201722
33 -0.16736109133162935914747700197641164804035234609172811780878393416815422327921016645242123344751087243111807617930847203945063233319519701308159825
34 -0.12015777044720310639715688839017392614550697812697914529419133541430995045572749358075217027705647698397435445774247891627227367785039472135287953
35 -0.078592715347243734167439804258110951513886995790967405059316606151979084923340176854486515047317889373843422881573903192361888903922658826374424988
36 -0.041750615672193756065947846184824466303885731378307936128332754005258548761395415013484034171612097925155083086566974251526920473177009352213923724
37 -0.0089025224449350564914395083178922766942179045612318847086123010831501475642141554333041466543587287457974425177484787954136294111310100275231060144
38 0.020539296339306368593805078540365530330333608171594865577742615588818228477021113554937968291200945299456074976502089963132118094074011701750951941
39 0.047053955295025105031683544048522631462457305767183575359170388540843861306595801972254995333886166035395643048604268538927431163536083383781386056
40 0.071035902155877502853314396193701566668053216589755410973926382154832948190763425786981136400289043852080486720190405098121920416161003714380666543
41 0.092812788695775323556062925179763156665830638538670655847170235918829809017633280543124608582697330907902247111871792053153928568527413269351037846
42 0.11265899312123270656528034352134436349452918664638724402912904722415406494698743555767797593117686856608015697192290373262745480760555753118676944
43 0.13080598269172613280186253075370268268553008755363902701805576610600109218717657900526537121716357888831086176856499243899856331599204361412273073
44 0.14745034721523943309040323385682841231576264700014996630788499517390322162463634490846618104742888015227169015080236727340462217608605565636190526
45 0.16276009309406944704184783953924414480083113836644542050488670575318110802963034556229729876780712073308239318621465169041962012704383598988635054
46 0.1768796226346992708456149684271679704191241307411540896231560896367206268299961935775502341001664268848461966438711094141917771704452899547686127
47 0.18993370861575035540612789849260616927545696370596341879791640168221046458574824156594947033071475676166995204501942336166937844814052331297060355
48 0.20203069316354434796956775866778871354630546326259466392833333559126836429109291277978220184598640499243920422469328346761123673297286279641677847
49 0.21326508210287063773154076031721364942629022834264446482482727626794277682277025989709756464605751225338720089034681366463474587628040125526830703
50 0.22371966404477784098487938262110935410230988468854555794878008577313928393736321917294996393397917596441139264645394732629039340988374730564219004
51 0.23346725278341088304454954695784412972147873242871983679806945495509868456039555362814565661743144686374291195530698463380297097363069874443896673
52 0.24257212885658753118952458883655689820449896700666978053769990192307529136252968274202341116387274933609883052701918669161361803062866223889039837
53 0.25109123914034023137363054586379924926224505696428554752854608025418213113051183096101925585390151572157360170074094967112971101743125091263973438
54 0.2590752005303507281453993155386622921736831002432238768608394530502055617950215591354993354803807045081248105895693268091991700035092407156646666
55 0.26656914400577207465425870521272424546399488768152411565648685493266366095949667002259602991259358808606867429102957266925702366923566507337406018
56 0.2736134278817051024599510782841748129644525497893200125576600589196975319146109652186939628609899332663699481207021314778487449462129805957305691
57 0.28024424326378813073939336743203770880922280624517252314161746542464070957360818972873536317114352336316690807833299466133806789916172891485239137
58 0.28649413020501497978472518833016806599565758719734779829930253599746264853032625411353622087782992741399404768376208470250955981489014813068436577
59 0.2923924195242106693666665009840918539015282362151591845302190585012208273948066520662947590114759402870501641248948853881381566681953969454463016
60 0.29796561244987809990095704615552491723767438670478365759476103765780854564465132261628986149396182655153387032061840682477057683636199971989047095
61 0.30323770803204288377273975829036947900061013280925486874802050281521510204822264252752780688125234014273618352388737770409516059739496141728488923
62 0.30823048648985613460358267010937875042352513417961511703372128644494503600900509760365725304103774122986240458652795818886119636583816242746197643
63 0.31296375523656064091981527142362225055848967682953947428716131052199303187419782033932474025155729680894747557283019521846466891973139667965893643
64 0.31745556317143583347724426441251386425194266799209263894901152416957987141257444158486243435866958982003638004318567100491667821066254040363076388
65 0.32172238789314153928250517826253310040003879178673227380211303811355439932402783903651204178863519596437178385227683377916335853039381217727669378
66 0.32577929972605503503920847588603601921639864895626433461973481421567308868890028209123531246321120844279514023312152407664779122238764207213056755
67 0.32964010582613561467369477910955991429791998818078374665298113430380494093127197170095916231579904530612037524875546148410527831695937113404621869
68 0.3333174771184476475402888499411416755228853716227985369566403166004506371425269895987967838616600300253268851868778977194916843830462193559209781
69 0.33682306039337659062616900059637210861281970681197249369157319127977890714391062795189873741832012228834161156907774559344824803189323849189306086
70 0.34016757753588023167054175679314232651633867790168012833385388471502774288315377796187724893507463059991002032449154916474818459927232757633322093
71 0.34336091356838232351751148532367083230714677544208732792393619298117711209801301185250574680963219094313949996143467581713786937659271248577888435
72 0.34641219494238866673022842345971303724647695654192481976587179847866014708680856857688513804479918465134056516790339032660697815531774241822846139
73 0.3493298593079553650389484884168289072866293713660432622864617432287869438515609040356471967509904663985400043747743619176540143326603136580014163
74 0.35212171781680455748477692311227945765243196544491528888459726108847325937812785569381405376822214818109543720875769304846393375896377593688116286
75 0.35479501086852721640996370648037581458004867734284385766689355768606506842488779304779710271354349150687685296400770711173314373046809662950767964
76 0.35735645808535200150099776199507745266733407616405608167487846156460573375219686878201105999247466835005589423505831275996195542205462682989046724
77 0.35981230319565238215498744276848197963058406769100458368331028606195066500601644650390485571138013258632938503192695659412855549251797295824538033
78 0.36216835441664614972844443965941656977074425766716920615465580657991716406509835459474708794816303640504901529109399505981129718870658316208615888
79 0.36443002085009187308923617759184666021942903074433470572011576545734538917882066888511539866375726471203804390420218227510313309202722051487828492
80 0.36660234533912656738130625407240148778404373325060770124175068732686773092857674488257535165359763127280862681534455080399342235375620264840515253
81 0.36869003417799668369223358142258372782979507021844397160055191917928923479232512930467332947998646579487558312732105725663238490994384514732598763
82 0.3706974840178811573814301882473107672228205100025548188049515065092534605041447435313305037053101053801469323854199077412463778927699867430784335
83 0.37262880627010001792782617120791474166063596309217213850586410392032851362075938863395263586427127023695728126711183578797938544596751393987047875
84 0.37448784927175015273368138804970715156972118030231215238939758557985148728907700266885960692209190246987767760578636766685757285790193012975667463
85 0.37627821844737764622019034738456721808949709096989199465508249084369782148925497484921592530294294952825843826563026053665932635278155178388681458
86 0.37800329467298323796966607696651356937124199754450870724080767943010337463531825134626756951066438959592074275879584702452185285701449050106230913
87 0.37966625102487369240370272235004240425869499698241777859834603818456664548716993397938271715870762503104999056763178612456788827446321350914257115
88 0.38127006807511869098137104110555194619481289845164720034924659878886635476416341764126813641408355713565842842975742349996840344289125041425504615
89 0.38281754787722800826397770346173452714851114386947742879756772868549117724202547011472491861371153767844295835456935132614817580507739841230434393
90 0.38431132676976873155257523608300726117503762642445919294545478843614365206831376051997792554382804190407820027941803766878168084552780490210040696
91 0.3857538871116920461562030720363024014230559689747865273554127846987936409068595264197857812244913177028583992215982947080673498992383740075854612
92 0.38714756805087339360329964252671826108654421638007635057174893729724556705200876629027618210989925532618410659846298928776082821285442145749352099
93 0.38849457541656612878903251706735151730745401062836718053583564485524447725559084229244644423548688800580758293880617030944010677898726693542390186
94 0.3897969908169365237808497062800889713658368313681205291638452930294901747065308273938721650696100157025155084325202664567297245362730691699489343
95 0.39105678001442341033074376119728857788646399854714239177350844811081873072546308026267644431018371796666751845639983045856611398261360165497028766
96 0.39227580064420808921408815925608381968027821585435347589868250235590998960948976293389323520142337755050171184834475647454529422132737285143021734
97 0.39345580933446794789130818028529172381423135945371554578986916114957586629484319537230828937671083527232273215106295650040981379889608094334446031
98 0.39459846828121563914366737890358712542733474981887158912949460840595806577362622742071704718263010760973258763528008899501187096068759541285082317
99 0.39570535132530391355326073483691758071056779484218791144700032154272194726546187194558525677507283089297417142383285618429624284517609178013849113
100 0.39677794957452556613506816894290345518707531605942262718269556493635430087160232639246700195319446676515752673607211607340484933843352085928171299
