45 111 5.8508602443646792263944202525578312415695821231044267923778057765938280849227894425387864716508847497735949805068
46 111 5.846191139456031677477557194247427097612547460319833882294368465468422544712772501930126353139023398036854906058
47 101 5.841950266824166229509523319089146127247669813998073271504232319385651774048402354841799372646618912121
48 102 5.8380887146735929839853152499945832153359581216121692739775088283071415194477741256068312568522930326292
49 104 5.834564243517068216830031305977475083055047730771414424605480677831574764788298440773876070088089693976774
50 105 5.8313402305218662039722542896684045097213978462550017218879015203868583104790176319202216484952743298821769
51 106 5.82838480336980923921933031216605537572507770610726498751683587900264807420201254389749635909166024451466712
52 108 5.8256701256793558400017598045708082707374744587261418994216579125485698856781674954925837818814091570699072851
53 109 5.82317180440089112425546492656138333569909430317039594293951837990607921992436334194586617674145503586063955034
54 110 5.820868395954087664802446942800893530274415995588514050273479560236015995780413563568800874261073585862506116344
55 110 5.818740992747054774480866441864487199714709987133884961112133746967756190162010341713018750499782870107419568492
56 111 5.8167728754759556242423762789509524951685700936177363363911923781834365140876258073461496146171198238830487402631
57 113 5.814949219524644296017157907231377629960072552097545747508442574640617131282754938908357601548443929390057841164367
58 113 5.813256846068291750596385733484333077044853182853199871924180748493671839412220856941618861867783472780502493293899
59 115 5.81168401028262200875149355183123450545505188886701644268693403717029209666914785149624109613334088611886645715356898
60 102 5.81022022048324965005479099790466124281795655241887291646341340261250063811353222283775488838401516697
61 102 5.8088560831520777377609522580930065763114134679154009141238016645451975504569965587274598812349232623693
62 102 5.8075831697138021162622790650670043684366591067624551951433602467426667424300592256535282263335921441132
63 103 5.80639390165416484416514982213755289425728887584825177135097150020954154687801557728162597323324835302998
64 103 5.80528145116027587732825506589695826193448895254707911149857520455820495394905764824019228453410667040037
65 104 5.80423965494111887914084246481850002673149588277193398455770148892404159180793524067055674043278893741019
66 105 5.8032629392758494447945320627749808155791692617710188783026578758857348334429249667894188364979588580296327
67 106 5.80234625465632591675671118097456786175529883567229392548697054213589598115253597048614752123600612438053405
68 106 5.80148501865234514627630145461788774823778661531515801301668064908300170527920423222043701927774075691384952
69 107 5.800675065844230664934823661185973481406475759402301627813324671531456078576179607292986825427451588877027347
70 108 5.7999126038464184570918170583213073635421577491026667590282784730111314484312034371352535131370100016336670368
71 107 5.799194174594421773824276335892486822024531529339975363349959267829874592223016120136304708172292373252489057
72 110 5.798516620191565695361325401249276229311983931900348383330406040849133502080519111900074933349619062306535561938
73 109 5.79787705271561193230657660763100713955417699304909605708127475574248854869476532413227692748525518017087861928
74 110 5.79727282747243299180485870540443149928691712072007477613883127364751813969509156813825651399768796929748683915
75 110 5.796701519257148640512296784306564281854620000753890917113206845706100567327443087584902700186575309176734381968
76 111 5.7961609012449692441010468610625150671462621090851769327314875731895366423194128326183527744136768231596250165398
77 111 5.7956489261863276472975399067334505377879859598146193822246520334159851783909050771090916022468888983374824664986
78 112 5.79516370962530183998612030654216936162942688551157231853755608688661603145753885204321264865084729783358883035104
79 112 5.79470351489813094340921023037274221738506956620351554324730166432426444980082982114073328872187028218145644940292
80 113 5.7942667397008751666381469515070759265539549204063297834106397677624904389810124660527974614242384023069321835074
81 113 5.793851904042849227586220860859837410282767164521534477944035969552230032195128571032043527011423282269123560782019
82 114 5.793457639426100293759602820075439780948325350293117599574374733475407524529419355107726146335885097057305147348147
83 111 5.7930826791115144096464498232352228591166523044034507389436796184826923583805555140656068200357259862425775411313
84 115 5.79272584934962712873261922562997408354835761822945814162156808151488874740378821312099287063478200433325869569023925
85 115 5.79238606146930896182642403418113870232340818288250160194032778128095294728206866684311850732108193028668455363319608
86 113 5.792062304730549978014192780781291707144839036994579686960034881874225920156448360577031475280527885111565659288801
87 116 5.791753639858879381359856686504682209758366903778001581976080331907444430572086063299659729312852572876708297716179399
88 115 5.79145919318877698885211555983964630365783378489470236407078577870596906291032251186592375946256706084872845343879606
89 116 5.791178151351976953226074375048684133808163924566781084672547082337888629426840796599450354436337565428331348711012514
90 118 5.7909097564540098611931378857290849250759143306261400186778041925242553827292007474795240707553126388469873028602333056
91 117 5.7906533016888302559010642726705079689383481118401736683841773302532629548682416122707549893429513719732981613774460205
92 117 5.7904081273470625762846556217231813809880539945692677591666301592328176964792946089368382745614696639806835546200821483
93 101 5.790173617178380161124015820793555821665325742107557122396904442604617572035112535983086935370144621439
94 101 5.789949195072903846496965095915048730878411025153989116467213958735414820329900599916360410330083990099
95 101 5.789734322030349661218534914287492222863557969106690128720622155932699728939453625239269642673300485352
96 102 5.7895284933890385265609427208140096489056672826562418334930297951884174540570017543867173962408237696342
97 101 5.789331236289864246806688109107514243998994004301472147219210659547778968879328998798513695311643115272
98 102 5.7891421073529506855741564796399467501769218474567441804955258951748530195256711747121095248107485806417
99 102 5.7889606905470590438865155284556962778895255133627234075282856640879842206754830811471695769385570797541
100 103 5.78878659523386975080513233498269250865221341788868754854323167681174680205771763313658223560197825484395
101 103 5.78861945437109366223106662750100407274418115805864580166318654682023688166950666714791017487470052264106
102 103 5.78845892285999265125426761191260287584739436506558334725206856033095948431892820315174854386511835288167
103 103 5.78830467602433510234688867524320674729856849880490418610426402797401641789870096195153019789704906050273
104 104 5.788156408209098887761124462628907716923411341823433845529429944899395205195672671440282636478587471206508
105 104 5.788013831488381914319160820830212811790689567472785034008950761825379907870191898980346151354870122521011
106 104 5.787876674473004685058728148883369971484927094005591312294636153626101688990829244439265675798134852513771
107 105 5.7877446812092048504435260354578297294752257959896996286419878999469053044234458466896663042960833802874083
108 106 5.7876176101606429613277208879545205759062608803114679183280771931428284083142786963849303397480285284392709
109 105 5.7874952332666725600161644133299772423552050922531523820497610946810061936869408191754475866847118957940139
110 105 5.7873773350704859883341761231563961840211436414612045228999671960277326951198964650941583527364089140537471