4 0.9689042270853644863938121671372756426974381954270736387700334702276365000413187090759019667641900500707698781971717883057310912556183816954
5 0.3290087486483830397198439294581824167020785766556468944734025828572369719325626913357285913746494400263174469433558892700548660109141047721
6 1.353870071434327912145193860630809168420949152929556687258833734994446285929573722366427260785495314064162714940611379884246063210608839151
7 0.301075651889361406198731825155604718443712346643896329387494722948930182863638870812023809886754372634642476161604858419641296351834598452
8 -2.882194688316950491093597103718786636216649209179394337397050213295853235657805666146389562702283356763416025489150803901361708143566353219
9 -1.823316556922170846431955541028750389088033992453693409786815038779249527544861882309129966853905482520678942765247788667585514817458364627
10 -0.5562106128560409889367727602554965061646225564988823770423922048647182836949381281372022558318345456452482697074199487254553001552697477938
11 0.3228546058582009761859088652405406363073487285474348669432836508743728904564236284749533600757473672252675675080199649070831710873730288802
12 0.8770446001647689027374531054601418410605390246875126466430008200442444941241696908341337873441193280537383061841857864397964400637584247761
13 1.220977571339134656620089650067471876444494706834083478413990923372341222388585849837377163984221120385857909161444598662705693260552688545
14 1.435685200125435375392031022397631311385359534493655020013402650763928461925776197779063555319379823985733659797623613061227769562989023575
15 1.571169610333787756238094137328933376360980734954141124027462846568548474883185974633184745600389378420422733648890208495244568188802710177
16 1.657470689507788441657165505782185509729815822028783107599702964362743343758403161781071559924766731185903198136980546022351515418485184423
17 1.712722142498303843652602688596306366274280869033881287745046783009974026160700164212954123710747546636800774989246869462254250187754271781
18 1.748040150294362175568265879169076135989277304296929839167642236277854521356119417137963619119616287955458614278212588812272765729275552182
19 1.770366610582811829849287895839261546265696462638617827099755264007934927287391481395662532936347836348040749783985983118148768575910946428
20 1.784118510130629609010554107314341656522400285367776597102579900802743298276680991786874020005151656193906468847687358466366207562215659286
21 1.792156191927492529507349402154167988711741722764420372132656647041972124330032678181678768998012209813646703037564799359794926788438647
22 1.796361733739717533994149369089432822818897168721050942010940783309112950001932507811169165716867258420601877098776429079708614756572437591
23 1.79799108257898684522445987323546451475494887874326184684461739933921147244930075877638587983724230846373074006297514390960843876262539874
24 1.797892574137245687377417523843291918733904592280425831703129089929488036295205227811752792049751950895218035831895493520881827665282266087
25 1.796645042640275266072555553218101420424502276348214978521351736401707998717802096671417747715696811311880315642235014602166220869801716589
26 1.794646624211456908036460038198400171393092638191965446075151194856957887943089319636063624396400739244950042488169250926021093370233751276
27 1.792172774892301049119951638435287784339624192407953202402134736472393874084058386114018497379811406251382503723469803927584737467009277066
28 1.789414736132632544774725707783452505230547681574887392785239984975676697754746069413274758887810719750789162402585507161070535960146499318
29 1.786505381815953637361308938440817466241189763586413015355006602172994101735791098646672851069697386519771379493082592637091980035966595061
30 1.783536799785863590530102386861145251895494987559271513633895065807094470953789995168629757552428107858704781939677364541653269255283419154
31 1.780572384111846522084454704240762535312693752050221426852505798338433007791599436027240650233661568984236433980556382804264147088930319071
32 1.777655235177969613537954067531475551956823142459896362126619036761427308914906687943528750779720393237208329832955817406700366967792962514
33 1.77481404708037502276632848555239345013716002783601412553627948137267730872369391021788268589589789789573252578710047969730288598787965695
34 1.772067266519518579679626662349446176641788678482407074592184652695281106550353212996034880233122240503597451501705989306996820762440502691
35 1.769426050849547988204658735083328198122047870400411227634879371703748656351116533081291719589314675653788624723092696392267193168831269918
36 1.766896384317790978189618096032108593662044581316592718783482339429044196664818340417402611133583294628852283158744265373051824775977923957
37 1.764480599328401677618297808809462645705868657065803824896499792673159115074762054213815148275951369062382507028218076810579160901774393773
38 1.762178474062633991280422070426087971580176519637067881013476833620739635473393848145289518809527817460984038400603702277708334563684223502
39 1.759988026440927460793743765171620983556864350911532005572487591690945556910073638969516860214655191183568624008367443789645154285720113001
40 1.757906089144572777709410416145979492757519426556909312444356675280618694716448198007105149134222612686065330263315735418589540789653052147
41 1.755928725966754575354941681683636495126517363240187639006441460490953728390555966361091188367414555037114973085202546251337883884642398706
42 1.754051532668163180877422749837341312318616089489797788307194475086383361267869410162399498385466448469792787350819281380633399596938629563
43 1.752269853462802724030768019639587517331658177468157960918945492548495147012741467177818668810036205311225779589674561796709969618444055522
44 1.75057893570223445259779378015693781511209912259534108344693897341999888301654107221320783873354137985654174593814703947102301377980046303
45 1.74897403920662940209396932489038847286703738765542090809955521669163796947899943014883409542200850103140714617370276696886651886025675418
46 1.74745051228590539067455089229156410498542138733666970098441302350612093999536717535329449550439078515080609513286343768033595968016130019
47 1.746003843304349791916586299623620543705891266979818949084907387321399793627938539550800478306090571270668403681908030826937816224696893699
48 1.744629694319435572745832224914561740553370290848776161545481953793887127503563598358317238336602757347962042032019214483043857324855932794
49 1.743323921625680251576106769564400307416581471821840819442420669653000363139797421154511138219825394728468324667179814374257338981682376651
50 1.742082586784601224226030598919712002427293361894042826603214559653163390480185280326503954281794644697368112386477618849674102637873845899
51 1.740901960799087479668364658191097853367346063201345302985466396905381823343579336270353062724840905357188096027765431798670550409561996254
52 1.739778523406711850459336418938978531780469073883724890264444214610942137216954802473288944367415837850777770649471902558931210707617998864
53 1.738708958958128154522206228487947187737035754188842152751950238288118636602798629009658628763610631563714812302396164685702649625265317731
54 1.73769014996768583867536877215633367638370739585717983343290237822845942808725301417053041110510151004157150225675210000026561618092052409
55 1.736719169140190568135203581583358149126549531017759912118506444636602012238337617426861758890942010506341564544242786934709883131927078817
56 1.735793270465759844723907025367742166944766916323558489166866590209334816148105038619468661578583587388570531280472627837352732396242539217
57 1.734909879815876263077742631823641640180503657257830119100111356752188305717825855993927571394135882238204955593697311322992860322452973233
58 1.734066585354653575495309100735716846759958418848899729274715870991238266993864982322801006536847009546407277277914449748379915009701326268
59 1.733261127990075358857136276935044671543162079128267592022338705730582315538532856407042320010611477331130412801152406489814162446756759822
60 1.732491392023146079361119255096869236649697013970456150418603637861976157493779144342563404449644043733900171168620358959622188410268314713
61 1.731755396102978922297264387806502755934594098508626409549998488178881333203392454462264770334969383241228185033222258532049698695302275593
62 1.731051284558684892237490478684675240995457703566076546046203890119116417690768964074904178003247033119901436032828436132818927980705198489
63 1.730377319151401836357708963930595745473099705386246599740113587218409782447515582852505825777830443537968367377343591414580754889825297304
64 1.729731871269555485976216739651135404595464128107160757129700586374404077934450341125643269009073463265648784332756740880384710098856930198
65 1.729113414575696995791421063728828133139920567724878753975751528800693941595868959877842396724548777469816140230178123574701385526093033208
66 1.728520518102664039853446778346810860461349646728312231492595067604289506495257682906743819109945573609830803359409026606172031301070434692
67 1.727951839789341868742342221303973401845865903603123910706373880474868121807199560364599478721800685704718589178851556841907172223366412737
68 1.72740612044117930246116449615580720754825612304924474793903701291339503524210744769173409062053363477351378192790438797320657574724997411
69 1.726882178097251210084243892420385936075534198154260809496233963993792633369518796235815547003133839413577787932199609530232884274694207837
70 1.726378902783603900928440925847284401508539125786816611906055730559954584537354859277025881248639517970061076237864763759119854905242237364
71 1.725895251631531002194662684358195729039428560395239276046573047158021703281923172657291401336417518267569614945540212268203018242577008682
72 1.725430244339044896140379045482810171284793814436797237077413035318343331329339397082558984976337129751458469766030625975440251844974597509
73 1.7249829589539353759796244549600430612216451591216726599537215723524174876368092664894223840239778245513405135812471725942517436010875144
74 1.724552527957293487057166902689585165440777518900007158773395547909758707210444847417990466099834287407048940550429458155489085527029220578
75 1.72413813462711180999250671862056096499989110704439301298972101897933221028760830719463215047770522202125422704683438794985742002178633485
76 1.723739009662468000099830460240066284429149955134188417623542727826083878169000637457472368167759548199155057396314915294399589435770273631
77 1.723354428049792944818236955361209077054500859164667498534874047140879478766280211151679348293208551527297214632070652929709504797558684606
78 1.72298370615377155090423655409942962960689688354414672226652881961962439666883823760896710187499172019200448888557136017114999467643576695
79 1.722626199016488555624425321179266408769318122819160676902909606473627354892458506450297407252956223642247492279053275878656860765491855969
80 1.722281297849489042799985038985089155457394841799418978859194878264675138023294589030423642845207122025224213541034052942367022132363608992
81 1.721948427704455961648297533537527492254480162405183638184602347840769308101382863041832654532327516605596908434401604921296686055932746533
82 1.721627045309202816322389303358583830667211430598607184213260335875398207774138330705880175487473793393294167437981974646471245833305167113
83 1.72131663705663088298137006951311055086376843041478129194636788666298551766851576259216648452927216974065639220511977848109530634409580712
84 1.721016717135201989615411438541014558371838219545661719588446792789088068154788396755255698920820115446899855039806373493604817318653500304
85 1.720726825790327538427988521461613957326710319553392221643307327823202390765319178371152380509179990568988689151893180847457707824321574944
86 1.720446527706871232371525600843859193322909629180593386155949090799298129182112999451768680971480136608850927840859729370519188978873041891
87 1.720175410503707283546013486782527569287922942137548799818649170635183038280440736632766550841912418097217450795717059832735876980550040294
88 1.71991308333196899760186775674025127104259004841962705599275027464318909023465086362991909727815290997644575544194716394721620378570046494
89 1.719659175569266408501256432818723808933836353239067381908245417286714296731166049445835470719514344835575580860983798833989394775146027437
90 1.719413335602748337707987995387722566812669304367957379799237623566427004629145844868408555631944090635295124082187457916169101556313397211
91 1.719175229694436364966136590710411156696557165477500810070500056975094087951018512884520026200435969125354272125722100297802624665746123311
92 1.718944540922768341583121743057032536142665441255763046790723198987861649002258474853551244935515666591480754177876212447075496137921427292
93 1.718720968194759907830637966832876229902822437169160406929410721316483274963481733675995039848889152241799678954483260058323583393997044291
94 1.718504225323626627795094139095079797207054806238322413765530800832461914311485924972007551989800439310395074152482311057223102861251239021
95 1.718294040167109396231944788160836226936303373410711020481680019569648575095373036036271047855299301346682933369216739667931495257930355599
96 1.718090153822114175749566645206716595368610787334782526221482819756218627544018117572771829971109771169172413245686512650041055897651571075
97 1.71789231987161624699566976117729442939043623178680276635067591041863368146754965457437755264885565874886048944378056735149614522256424911
98 1.717700303680091230603822833647711438227033884803313791113805210891198276079180341599468102582812247120795583420175662790942877940821754775
99 1.717513881734022265687090021611652141921059706554435959436047835276750193060347189703790771265973473508795599198889373840945046420463738876
100 1.717332841024296869053460861194699789835637661303913058795101668186325001829175737387562197736044581412816777377763306116793788025794770597
