4 -0.0427716512880674608328932331128524152015318708908160778393519397559169084552429991361760857954879228854155697677353757689715125587632226492
5 -0.215789959786324973042519888381180401414402325718813923752370096184622008293840629371155535572182147066425012405024478135368121990965171131
6 -0.636728552386568842095777319009340802390104822073303029433132701152505662889782260374136374713382301381357635555361151718836828713790022133
7 0.905737663155152423350619933927777376252825189453341181237461288453280254775780782733560633216991123668089982791370569592344309731234106599
8 2.21463371603217841102254149854937838838513034521396766086391068914057829156418492279619685521371233174589358185736400030421865936684785346
9 -0.622339724034375740522202437055407570126831899990713129992711966219123026782524586844043143446161146944266490057359939395358584267683580859
10 -1.97752361651670766073227504018130619506324465662785975866849234395491910523956748474783020063008948365926520117706390768964033196117945373
11 -2.34654580320112468478675157130910997453051040976993244372237022395818282328570979081114310238125802310476553085300843384276368052295779404
12 -2.29760693889889806142374850391163149695067626517910275384764320733225169438840143928158408430501020873189691418971161056456655426458979467
13 -2.10163644017343431298477089273348361813513374986279315995705467602776523030536566048528028108035047978903085767369835706764178081182031736
14 -1.87064129456546221136874098774338416677537282652147944225757265059478351865056494285711047987804921436921071500842944722821191726659959625
15 -1.64758461702565813103104830856258475366006785524321083839180601452355542744347001973698952948383332076991866903163268539176611435084421589
16 -1.44688747554093444636583356798998428872053785298743415727136286173217328719256513430584741242073324586612979636969360362218858897518693373
17 -1.27150388287375877957839210958687352096108984272639113304495234616697259874071065737711118754535191848763180360864674543914165126167119256
18 -1.12003432368100110801562899920753847435387855109835492296062011327014792742622555119517984412984781828778929977653507331267034159202850906
19 -0.989671343054061943386516327191384430039879434012900035795537471282579798539418561617101390874562429585759686273155930802598079034286172288
20 -0.877391230112059061892520002985672110824825407620599099958329507898908763783367153929296216618071052028615640518321873764148691383936973261
21 -0.780403384301889573323812924066586106513084091355133440070217844991308395279384654108690100343541237774406297550508602481422680088509221716
22 -0.696287462892708511142215262864338012041586068510707828250521185017563899641064652517394220323652589404923993272514114094959429976959571199
23 -0.623003433804306701563876326898490344092663439689844802626812287303635448255310988704377061497100936297887531017743334467896370275522912581
24 -0.55885447246181017786627212486561768345621613938390002484671777102358901089516033212852349166160042032962704786728905771133089887850958779
25 -0.502436752105305855058080871472569961842588193691897684003550499179869890104101852684308864641996855610346754769464972657235021747307211645
26 -0.45258998050026988084823130539147774025770811018845807727132230330344424856999175939083853147270712537949180580943837844435618833631684768
27 -0.408353673887140160104004487721263054744420926524311928984825276952540325810675664345476872992415431705020746097686419723663142752015475118
28 -0.36893035798747628651128473991479853276413602057552282110799562180611387402672859548434825568273873933590096160356438482074539379653325444
29 -0.333655352452977182791696855229751496345213906591197064749494512765275070624041212896227128221227266439839366342658883075357478633457282869
30 -0.301972267652306687121507281663531290309872591585887828370782811037269367316770645368211044913995104924872982845105726855150046303355290328
31 -0.273413247107021317842004480107698657863404194387184976149675062799320846497230889738408196635835308344657589589898595027822455155475323853
32 -0.247583064608333091300865842645639314225422181222982849357391392114816130842407833561767551144365372604023083403306435131580922705590174992
33 -0.224146315759444754213509539590067426173953674580366942160424484698691250291555136118062773140332222246507483950122437393387792331379880317
34 -0.202817079689059367653160019722796334208255470132007046514483987822800689942746874052934163194956172284637836786042245234301987104727959486
35 -0.183350548776205145727545023090070129690545251217847394344202512100042456299545930790278532878234942853782984964258608938173695087492710768
36 -0.165536226859686269284384050951959732525636555000205240739672673711953351445332487666584410958057702254696900058029228120920480234327323639
37 -0.149192379789731649004894022121779513902144426965483554247174770176554358991741494353015662840041558787274102556692536527273535904423844563
38 -0.134161488670149242165686755359701436505747894215038938958453158224189361339517876873585151090469719800708806224111975029865677516476810949
39 -0.120306508618728296490115827906094538559513860119554418970924573068950870449440183463328521938777447896667220457498084493651830788707599061
40 -0.107507777078823816255210838967852650577658467585390951840969656370980864409996810755448864977922990501901044459781581048842106735199673765
41 -0.0956604480013957455138134111233331008311441316470402286739921954765665893860588566932643117247279872558824161071846054283707368057354402512
42 -0.0846723535143480334864512296181184218296814929248795846722802739460167286841276006328061785476546030562901242037106852311248755636658490273
43 -0.0744622145442780888201170165469372505061559971025278196801812183487606343466103840098743561838288495842482819535168074469552123399067523548
44 -0.064958137463726312044701685271525762869664868736143722043549496241241232295641138884481520468576083226512233982658062707797465722776729853
45 -0.0560963461458902229052176631284760828031342708576219128112289655531290284268433850049816195944801808490374003078788117753782954581327531867
46 -0.0478201085477994100794934122296553301258778664955694471303903407039330590017057878447157457143596075173442493791218091679039724168275027048
47 -0.0400788246760701744593856030470217041209017478848737991777490526972395224733140706095876287671143635116033542752025134324607655944094465179
48 -0.0328272489525756254995214911036876247992355995769251882576570366603699587003478058642666062834500312571034906439765518889545822553716074441
49 -0.0260248249281221652164513320836697767407179934724047146333881340778872338831705443469961440832587249218397843716776911858237464377978732725
50 -0.0196351142521750832178488290265390289966237996260508165062012476922530311156207096949566346608877792394510352974677360308547629216317036658
51 -0.0136253049992221657653590278314641983264813325841018002474012512693477710196222142209754854734149435907309004793071866885534218535514998104
52 -0.0079657870360729390278958728600445787906335009708763985190688332940611592266456465726938322240046761100740623757891098763423522831334851037
53 -0.00262978421327528884778509380334179666034495832572036398058871877773657989909789359932311137035565940064091049334634766120680720687570641954
54 0.00240696512479407507261294826487927670973267963641650951298077158943503683777773390101306926451101501759340872590942184858729336038416889493
55 0.00716648641611158191061832345448569656400986918914379417986887701750751663152708604468935584187750538807170059022737106775218299043814685947
56 0.0116688118982279439575957908640634227574013800271207541021620207550163011474898309953624668193293673445656152606905129718733335213556061024
57 0.0159321933734030671605265572990625766694750148050693832847196693386922948158408596143451648064555723463318666763344813210210991811962779012
58 0.0199732889446942056612475451349070356823072166480866378314894240466419076620039229641251409012327489831008738652174538070077220526172708919
59 0.0238073272957201702141010890008124835466427906212375156028059634643990666786484981075633777580925522930626292781630465517211932622808713358
60 0.0274482525455453187896746518506267448438338060780882351590499802796788194839349775268345546539649957264816836574707132915634635109372467534
61 0.0309088522581922737840351507637452469268720008253141360958509090899630638663467319869529481567825730429799382431295941752059229023679000125
62 0.0342008708078053721658140100127313728777260448524657671607523402047524729348217215366959952132630766549029176594858596667527770836694082857
63 0.0373351099825728189847753873235471079897489068088900467871594887097799353685642131100092308086057556641470185364443858292035451390136373025
64 0.0403215184427121414279042212477807418260985117708905696969401490937065311446155490803801693128962120273362740043870351460594184412913414975
65 0.0431692714216016381530852313412421513419594023101240252754300765751051211170876336235986064833357040033180488282032553003025729093233764421
66 0.0458868418675247700451219800402516134170722371901545706229823682762133921375198741987255345461491555510696143194731991031121544067347708879
67 0.0484820640607626660385587854735519066362262011362625233440198796525279069786046951867206985313200936398534874507187104405664314447100601708
68 0.0509621906022137739034305563956777818669691924187879242355826695182655985635970510608425440577169955353842923101994795198006433006070161952
69 0.0533339435514536084339699506123397744156612857460918144485935390774900728881794648689018490234933670204500464373054115300147062497061283455
70 0.0556035603909557581262142719694434316473721832552917726250543048994210025219261961444581433572808409337718681130469059473604046856019285154
71 0.0577768354064088889357367175490817065726668269392932148497137904182234248808998847474158370192252133525282366423233529756303495239904822326
72 0.0598591569984623208689076590383845009405278295510408273782597477066928570833294155178216764485950167619795500097986106530245679600208438934
73 0.0618555413769614842217543562724552420651462727891316593114641212839597809490234551739397398431346418215285539755560111827193758882907903052
74 0.0637706630332436585472195424009510213664451405130233445997467002642215574871036944712875357611543166928781501627679684057100149263255352708
75 0.0656088823380533969297377069953227193327256801486188318221203765370475831828299911175881288136243948474656688928782953410181987340096065993
76 0.0673742705710125205475685129809708692259799270706686666158603120912879429404207079952912871497515623353546073064219584631817075434594803263
77 0.0690706326514199783785574358787483603379618182088013265423195370960764306063914828388733919389832639856881353707520540564852722172848189054
78 0.0707015278086836756736492556038532153812099127511481525256232636367397159255347368915260929699339582616753005961244845438946845202720449286
79 0.0722702884032403765116929935519995634151925902349298291999481782401135358906151103740421377844403493950797269154022059142624848415427413848
80 0.0737800370848415621198025007588775295297038010859193927485106895832969731482596505789460579702675808098750319378516169816591728962690354534
81 0.0752337024540969075360397705371272204440937338123773999530860869487564604196281886777460416849294790106109752908862957795876754638314713094
82 0.076634033374767334963115417390147208606880809990657416920169491015516798964290282770888333220558303050707882905211231244057070234675078304
83 0.0779836120681401052904838158152818738031046031423788091464751623742123552066798120206659303676515694837332418877695253711060755279745645314
84 0.0792848661066027581138660876589329622143998588339061090014750256781658320934150751038417159573197201242527645541754110569893839972160894873
85 0.0805400794110067851222557867366630733062939742038555304375600280419560238172664361469117629062305480177689490663174313489656891876116861636
86 0.0817514023453574025530664426987777181319656270988423042964204616203743050315272301223102876450755872465532766825735413393460221666692505966
87 0.0829208609925947600710008094918874744953535954897097813012986185536527146409894536402778253461178031730777983449790046095165126949338198995
88 0.084050365686582342867346753690476564609386518781411784589355070567004305573771422965770741758839205082382268672026574217277669258217665029
89 0.0851417188677502073333361747943970451709600780500218079784784151130765283933298428822183238569930244656303851694510024837607397566357519676
90 0.08619662232303289888617295830987638443546705368946052014758756467610277376067486036532439077811989528529826731785321162544791176184663607
91 0.0872166838646894217302818925341499250148295931391091219926637970961964652767086684227562220246125470563139347413121086704961104023680993311
92 0.088203423497204280924453806036494071298749718159245447186757252132071980219447111220628206118561733172017986333474949121943387836456976913
93 0.089158279116665091018566539946704078013761063892590489840580572398981789443020648050315176001674514162731628111344885332714835395125965146
94 0.0900826117827244565457574474258276470715276468257302841769673997120869351182856628840226804840392502759069310698749302058331577314677501156
95 0.0909777105994215002820834920638270938799837240091292173776635077098997200813322808651114670111512450462596877406317678716142718016124505125
96 0.0918447972377088728568823170046188757031487911490555882129559528090666099309086501175794782236374460142899463505839476765177029479925607003
97 0.0926850301294582259565894664712292107801323928005670109944217168463791062273295430627673300149083986362447875296716847454422539880196117857
98 0.0934995083599605711833730147022545543890226454223754382914511059542820583030869168924922311684457538289341724328011484356176138483149239655
99 0.0942892752834622192878947580255577951703308381531087578584359417338570646662125427619049797714941329687258250842631733575970363471660864136
100 0.095055321884050935037141532211797032069456087801328044245029123786567077267395942087973103217244259231973851112112089424137803138985347741
