4 -1.042293529929758556892667164297553470357442462792532047220952795663373450634307284627972620815697773064093718087468989141249022310827677
5 0.05904222705553433478520057887572885008247262897907460580598067088744668243248314651577913955848759259590179285221733570993732113665460102
6 -0.5818746303089560800075805683323505491055821672412555353786794559207743288794327162533884819463672750027734051625671502510477157654648201
7 -0.8168100889746644591566284202650140133317776888493462205556183054671947019285931118470897145060055457335688494255002391527401764751746909
8 0.2217706151612493552293264265607677665258710933770803092245965515835044906398973954875140531694909565218376677349368052835654478159435296
9 -1.622877588096996005243707313204682486406273253501577858818011324847632378970496993955013690330078864918660405507783628526127383740237805
10 -0.1284132936256139571566216410574951192543209050624417282666612867236526388163506120568839298992304182118447020273594997691949751927077225
11 1.204150895290551550001584386025661301203041918657819713938829130265434135789650677105550670189838312101467728798068786481678065012175154
12 1.93474859100797820474940425057139314216240999145152579146886390379793882550150597231528452926391124817968942776714944194268260931459105
13 2.248982475118054854711876584541055445323896335344173344557318614874038163643263069243985828499615725754466300267865405978708070497017318
14 2.332154004242438100001853964376340028850450592711496786546525862860738122560741259730160290158190960835423197797885441477023424991993519
15 2.298304663730217789313240921586545157635817997645283479054650194393308889002228771092730113223310088801998151027208933752482190545435231
16 2.209981157403350274219699449786409743596604457125506617952400616482439228914666464098878246707595378599019545389866401506271960486033566
17 2.100032162525238436970269726194874719878541897789280646258864622649664480670124166645536859644060455494183556966984092399116845902054996
18 1.985228291997198835889372989985220708277270652929602562450602959103885564257372219289358085651665260807033799358137349187347663614840756
19 1.873809850810056585139291877063795936290614942043993310981459126391748264744471731344932619246582680637328851452874839124289889858766687
20 1.76952802690194121904921110812398066361985510447785131509522082835207653957894376171001358813297626315288406348715391282758264814766305
21 1.673792992823855601395130712112904724882852934598319293925055951451073531352082324479388423335242000210554050601137655619625326915192482
22 1.586817528261824440616499294538689240315887823252179351825908657926828519459236054619891289621468969213029970423797765011210298383388194
23 1.508227348859510058777920595401546590770943829671474743491382545364689511764088929861502546356891068489711426604534788426692367155895655
24 1.43738633289158664514664013624891853459107743511858514357825098498530127424897535813481127029129381652141603424395704682798293060052402
25 1.373568103206121551699913168994061961732283415810723571821267826993994269238175655049735998359770645856675503103349475559610222378642162
26 1.316044298509982802299318211393449050843675299442537083422202576096571652764156660299961228579153720823128149683578431972014476312122395
27 1.264127582444649606476441765652689554084129639102862416209704853412341651014005335731305149001180225750242008643060791656955046747103533
28 1.21719017925024961837190392768395426724374536102322101312813693170344549784400698037532904276738845603865084398199722308245195717119668
29 1.174669379738984211634233349669235467170103625048321176611757476156239169442198556022056057698009740152248216484202865860121611615687216
30 1.136066340443661048181273344713489696201851820897995063840299706992649999228983828458218442394465039693531085227030885524157065129744393
31 1.100941663617035090041778203411200621479313450773957047528160592579086346222083165800581520196935670162093998036276742030627018502851424
32 1.068909663635771895082540909202854063358544854823264746139057027682062680922224931994107591764618637429612626651736747102367253295933402
33 1.039632338406522131957731451957715846552159281520960500245329895745135866936768274582924483217054894442558663007683058974177815568320733
34 1.012813566988509583452486980364142584767174823382018353601453190477508371809073328865833059395307823684100801436256351214492325544649706
35 0.9881937773073548096622703697385185692473396339818571297513096386471596666021598010369483665134286757142976521406527606288399693067918419
36 0.9655451754174102645048860198856790452349982287773249640601454891685722577369150883020756025315495307747481950582546219855395201771520853
37 0.9446675463841867467412730311793913640394640849368835230039010521643766644313306385702708837473496642853082636224618596596702118867932062
38 0.925384595737104707722435474577608879022878704533268208991795004805374048874019705949182141808603983398887445694793224539795607585796978
39 0.9075407819260485141874785364045390367878935505683099654069288787203453550587145993547705767892361260243823625185613398530274256606867539
40 0.8909985841421788240389811994011535284323546219939266640324082095862003524561224056594357829369461853374267993090163113501544900545198478
41 0.8756361503955469054388795500839062442042735984707123698622245702689141987352450596472088891355757025543726759745622996818766652690933253
42 0.8613452745454579809649593083935734437125370781415911907445176295715816596765982914196914402541154662239536989054005265603619920378282711
43 0.8480296561764059105419101688393394818372892700426334944200723717064907504304953675419701267255404297277667872346150189841319961442892822
44 0.8356034027711687208270148191520868543919823457534959944293873172184095050483771304721346431334086925171562158619901484979520221835285795
45 0.8239897390116578283287711580916040998046016609277916955887838599057887389156986439269798538989050778936163174073049526026892345397082448
46 0.8131198929766503319636206039915519977458432143371655731987572905182893228052682070252361501835183190816903863873192780982772173424078221
47 0.8029321334011952363630018035908916078649417403536068921924135421118408176532109670122278595115205067028940893538398102161192840062798084
48 0.7933709359993270049519211499845627286426812710730542614057892694848414090347418183412717356775235953786617313458859071640645444679546594
49 0.7843862601584741984166212010443799162448743410426462637127238622356223903593399618379610338206544320068378011880075532716308278636007987
50 0.775932920140015602147658688497917482923227324760425510258006296466600133010164211039409933882270035960618053280539538152538423006067214
51 0.7679700373223858769079733364108912252259393821484360767713754106259040035250407277166497209569820403585871967218030591402584371370393516
52 0.7604605620574173864519295372574678825205136336194347245256508782537204293854229902449164028183748561311255816590789947595470340243464628
53 0.7533708554298603220524106384717461185335978972808644255247884632777405226048685503048440525067575938043598040707225520918790519303953415
54 0.7466703226614553527280949896926339445191935500432141880952730021705113787006927125232401209927876671572272540808913873290180697111513899
55 0.7403310911258607580581445602882105824864140464610849353293786489328549031140622043788586231926143164621269578078436248067171710353751891
56 0.7343277269747537680137231327224903576074705029250955525833574715892422581990664049118291319296761906895423675012051160250343398436379418
57 0.7286369852488694308848361893883732538571992374055745857513770807841423545546664629921110698856705163439098116661633613354406276402077192
58 0.7232375890862759270448963466528729377669953377329751953864330012283624790534296255908672312137685431508944090951961996499215641826359312
59 0.7181100342654213575698219398783300568744298547878681347556578134701698197307632588136454483431586457724568667348588735293412584346220723
60 0.7132364158505568984476834803714667558704134542220606451867471521067854599474722421736039801966731038815467753019875477962830683570037465
61 0.7086002741572308012480562547697519210598347355026230942497496576775605624595290102015344541096992715919616962831563844835963968249788899
62 0.7041864576383604736650650555317536493271410249354431864232497346726545062255769469248994136404456284710732626433915786462630737318038478
63 0.6999810006175478117109612912205401371820175440367679624141894728806409702417909394045809655136082800558896334183197334501537078076309043
64 0.6959710140746884199783933595575557757356469435253411722567288652849197429830432109828669697503825531693340898470140781509790535458869142
65 0.6921445879269694899757299678940133596112082002347471956826426038217496298384965040113072434858705728094653140133790671303656244301742103
66 0.68849070345227585634347783866809946534830709271029467496872024943102200302541351091115358906649111974861553809266206270623110519644117
67 0.6849991546770439921270269044639445678945894638638930731595792640796215223468743574219185803009534273417092535568383339996282412172073156
68 0.6816604777010955586965019797317075428758448207645679035811312185878151860866323230399372966751522680957922940213508069034668746560397002
69 0.6784658870616228615017625135236674274446848646876297700893462629968087547175671139963859122155860299030641194214901504716040594971121663
70 0.6754072183503827468821844276331155361898841212293620816438944312457620488531260520185125128231955991966246264463647907599994153818392083
71 0.6724768763948913621032665369806367330665477031963034069071082257610149007443569786808815733590658024029178587281756134897444642383931075
72 0.6696677883982017176579807395518778162279233063679563977190502518427717853964108361803183559476353108332154818923000664571012294063212161
73 0.6669733615045511342024269998464999075096993435654579911682876363122376891446182362719603097194666936430917181327908444160972607203328705
74 0.6643874443213636450336059430992416639303136741792960291613648980690218749777526490748288683914842291913865350970041009101324759920888478
75 0.6619042919831215520888118824459178529324783378756092629135651609616290618812629464929142249849618140214632215845391569314292836625775716
76 0.6595185343906181275662956320551996046893484870723091631623904693194093768683283147082530051207035473102202085284743601839257143231139739
77 0.6572251473010384752839978510300649854295899917781535020695715588985716216558309362355478420628764167284340253620369080135786895586452139
78 0.6550194259810139385453714634359366108047436549176695596717835050798832128389916913242203873947662309327848957754762350250489922734324737
79 0.6528969611669630147881681880215623720980988474665795615788551646056587647133956216214409872655607377124893255409132553593031143393214585
80 0.6508536171052726360332443932189389886743500077172291466820279960052122674103228186440337265199291139807950759663911865442794659759380193
81 0.6488855114697058388963769582347813765988179446113072511150582275554505322766658684058060743768379633728259082624900615960976065856101292
82 0.6469889969752900806591638310011383607665411012717048381732434607629473585192678002395951494538897096135676432569449083785274098362786535
83 0.6451606445272273879286697254944633140893843778627760435867052063190406634920944713241282248848074489535856031100901336030420654438145479
84 0.6433972277604028418945191760844833112764434562219158060413800932524239363770612999191869957688365472492054612610043578410505353922463973
85 0.6416957088401361473368380342134832777982482754700242287023443058757458486848460593067702977218518067724262385729677844633030235606551337
86 0.6400532254081681658547592333927248835481415840307871366688573379200281013247556197668080723112726750243823689271908375367053471231541273
87 0.638467078569713274009193628409364050690178491698746562441381162083161996001229122384733574358041175721464800004939563092019471038904615
88 0.6369347218279239002776869650899877997397969921817893145315590296818068902656246491798147509057616800825397341497923772339714622033806278
89 0.6354537508814659805079688238329222065431879855589694429818778136514328407885773908996844372967363438335541787815547524551198857130615671
90 0.6340218942092328475687402656037610086439628400463021605461264715725061897896341599115557101780362692114468915435649607421750318161219284
91 0.6326370043736517520516388788078831043914832504535466580497848591569519666648224738159747788908533302914891276207234965742355610921320662
92 0.631297049980667802267704648546936238870496621092325824098765215272307142595659455755848122527836979893933020512946129564480154702210827
93 0.6300001082404172212030933785989718863843822492597000738594659908727451900100039487912932295419838224822739193262127423151935519484144715
94 0.6287443580779064635547667705794698204770978800184770197236305582343656537865498678053572135442072392166428900050804499720067629658377349
95 0.6275280737477668945393477212936233729069035192163803012824702267990006514213535629694468551959235221688038598328323213893303968407264868
96 0.6263496189114186692865621623095057633168076623122234968052741740287002182954825351003766667068618787756489661669999130042905072656460004
97 0.6252074411388068635733825910279535131281954800934718486807718844749808099299776718633129140915955673834026854406544038577867264094753195
98 0.6241000668003159039878173548954923183282688202403233952363627524810023077181683677227404125072277842505986571856512103718983305190616363
99 0.6230260963175673009103836143501152453948159988724184052127507939888034293422872771699638777960253173975457425011428111239204543142853116
100 0.6219841997445979673741447810070045746016334073620862542323103836164573517009282154677016359034920187894761732569225781452306402509244108
