4 0.705915254831711315925978337358675304823811988382292745162170208932367889771521585484174175563662898525520167294160070051187823386553097
5 1.70923978447375399786175295221957305437468060351521534500521734658076351734262129108120134891578257512314657525919260906063348408365594
6 -0.556519174541290284403385265323581596924944038444756837123576137753824783686389008549745782576467302147325705866888067739445888152654369
7 0.6591732813930780552545342113873495382799469650091908446144351404877426943722938678048545318968972883968472918270063085529628623316466
8 -1.19445130138233081771174851198096085268238457221020998045866884560368850012392499799454747869212175103401969864544997947586093523082633
9 0.758512572331542855214747338412575317019376018288751949376971615791435995255494997565063569230742253080693391469399108065115014932266167
10 -0.974973088774769874759240713577028203897713671797507853666793385337100798987117567045297801721846454770618032121510209865158678592406735
11 -1.65735689652420302787164125771008166039385528103990796472523188681651816132890002943836674497415075159849054763112844590122754346824586
12 -1.55308415376557155345688622659212957614542161254203652472507465754252646056777614548914627088287927421551833767071965265844068147182731
13 -1.16054538049492700897658428337431817218791003241409096359661328668715067410991437407403274808910944150931464545384055044631081395513874
14 -0.719645913976162925312084294150503708788153264783246379682256101933191879762513365189355914207706001472930905374530485323651923532494999
15 -0.317791488998776654880982270965736875980346509860183417848451681571810728808363504885043921407406730860932491361661164201344417286402247
16 0.0223566169922184092410758340662629977191435808281346757341436201863464269948730118485827764856242117197638186453083234951329345028397386
17 0.301995765575981897570667321771628499782124144183101758737002661106166544707402900387095545053875000580323975390733453471643250001276812
18 0.529589719086710506265147421662407414642078959083486063598940163226376828793611867573148472369068216047736632615645887315100941221216261
19 0.714653596233956232249170186094636198731783996295012261354122210742723677374576594546304571236754663310888524423772928429944208468492496
20 0.865686026005162329561011093858299066145582264235389900298383355382927870828973182607230337439749878151597498549727380215106583283349004
21 0.989681621019410642413043648153475312522825583323686148842195791237750725086296399213011450333214128239565646170085562053896734478295281
22 1.09220048125435027490529209279338915653748771962061214263222612627510595517463646211419552096246727229435792122775119564742608887209653
23 1.17759832285827761927375951483349444954269325703172541568889929390320885134857147537680838373243278612399490735624980234388538176555788
24 1.24927159173355900212454710986618722966567227417158128051478567720653048213494987890422715541431732744089924648773828661212825391712329
25 1.30987055750295253497808097759080858558402122593044146284044345820174778368344093491870858903934956085216720855671090522652306109834628
26 1.36147078806886690656982878837382687863287458803981584670558286697961412102160978382597318056858810149784087001536851083272196115146379
27 1.40570638688076944473349287356861896043071496868763730436532774249741909540732277787659717425559327777219946849470858750136247122976842
28 1.44387185922838207831772775485509217625330321803406350902302231637231231710892152042728729933773470456825383763285253384651206607003044
29 1.47699948913848629122463743137027001417992597483373256735812520902190797011438516055222776885680427326530923031388714310624715129288641
30 1.50591804815193742326921607299788806521828715578805211346456878106140899594144155383794710501269182212932574818925992533187753919837034
31 1.53129742937229804535440952436750926352198721399145277370349310972431994662470459925881796896014894438257684877957719743934445613060062
32 1.55368271271124709475846284566189095693379813645433643981966672171251081234080460611133038922017100830470626489238097438955200769107454
33 1.57352029380411845944797332010201241067292162652661223219184984878847496639283594680513285005195688764208734212151611801033146450588889
34 1.59117803866808049960614026899160797857121460898166410046503771604742947148795744626577709034084571731283220387051055420236469060236637
35 1.60696092324125363203145434493825410261411137848743860530564550292103059680802799388167673014644127222977590001089814456525400902156033
36 1.62112324387948649050401320272677050229197367370860514977400853124198751159863082624878420255073992761269785839027791160877137511032963
37 1.633878209485260222352653008796635315052918295154722934775717414685058224193753750023065773966052983395684375502335515667651809518913
38 1.64540552281736837434139069637830863362821472449755051835322889791356191000974785848493911826759529610600724080549449315781859216359854
39 1.6558574084828671974487080969460618499303475643839629599457144094576051846384072794851661590683414595254865717435740128530548885737806
40 1.66536343393294893323270466086809190104365694018290309863694324646250480792582360481005375460909098779775314227495741059853778184927408
41 1.67403438706838571165162333815571715335229008377975788005132688982431297371767099486902591608766488832039525465753226476182825434255002
42 1.68196541223139269566730021090363948527827583016147528067900584202608166164403951561523360378526412492222977386737048652318428627222444
43 1.68923855990949573559391586283198282791684953871738990814665309114155771489173289263461697281267530052166710480165765216045475547073948
44 1.69592487039324135599159519253662611244613998545809706260092540265361116950930443143177708318180730656035032072231552645559459543944238
45 1.7020860849878164665429740100923419552145382349862522670622074789523278374840944745812885851637265537911435847672440325261461335127059
46 1.70777605803721832238198778479110173723515965237535738707607283197313938824915046928664818331927899579186555726366927392512510560571703
47 1.71304192740434502826345928301891979337636123909911167864382397658562814985091928205422370341467390479550619475801188435988580594260379
48 1.71792508899893226834486516797631577291168498740628509950775578862084326563002182075217085610052628357059455419415039927616613630213015
49 1.72246201159528872288686864476826429551992328995146880040185039853838013744913105050372421401107503314000854112187680493659902811041484
50 1.72668492089030560896134682493694531503802239658627926581662405065750836174587381593260269956772865327104022291035593446259779642172167
51 1.73062237603740887662115198752543332547478333847503532227080356439834078538408939698537809296257912255596467240629480991264328870149354
52 1.73429975739108876380628158535061702748219062146958299059727921932304158449210302957826237761475334143842003272399010733025664410962617
53 1.73773968063467679727529292306489517676623612489929771568897084133554844235455801172903564567354950089050490818387930744965151207853219
54 1.74096234963216126633400056200048221858382118891366398596738287121926971113923340370002780133174748227902058014296599085161813207323085
55 1.74398585808326890625661109907184739510924174355116737821621073184067051292019505209501444643376454099111618083129670394163785063586863
56 1.74682644824705653478088302221101906115043856438079596586594891640740594708714977721327174721691615570541983237317162699030039733330876
57 1.7494987335381175329162611142210311570750742081691491267745294109303546393978250753346004826972109917010047472026431096383243402958739
58 1.75201589061775489908015719943278348719376694064127089219524419343628046958989023696023141214396707318630539005855835388388590515656851
59 1.75438982564288495464320811838305127697414620460515617268462748030992933875638224831961646766377981286315119232026911632706210638650813
60 1.75663131855324618574505369991102973888220638314941301582096364605246131769221741983172699461208310416265387846805362044944142201035221
61 1.75875014863752085178722202774511161551786413810930504511835986716943801135874050559937813499955579904890739816046610658499975343281393
62 1.76075520409347878075202556043171098878441904207961575211757401252187586527828542686792508263268351072506025946294430973123246545426855
63 1.76265457786423545509629135237984712334014650599972426844771290747448188591601065249622837100841234946430134376897553601219510688653321
64 1.76445565167469161984672043543611488954527301560423445163061225984825297664230621867207969988566155725418206199697687162580807760585471
65 1.76616516989522580373364547744338386228380030707482899992479136969627880811196105466175847235908995828380881090962565292041612111965863
66 1.76778930461255367593755123997371707827292818770948307890278498430595358154576116276456284941546521019118164375860625176355540557000142
67 1.76933371308134790025991109091049805740768032119259086950932719736284562724119869170252762021344952049364810222354456064072811828805564
68 1.77080358855746339950719214358944735623665517866456649317039139012249663203613883984432430319930799880950946144314253799679480161922259
69 1.77220370536855067417257661738218557124896928272450106165715141674055687093574562424409493237400803715900916052723010897823359306143491
70 1.77353845895568133909929213824946187552756857925995561368309353138136230835311227689149732711192547073372925219712126596777977687355296
71 1.77481190151645585498550802580477411801606752986575599323851409492258905771195494820530478144318652313983092840412075880877882042039219
72 1.77602777379272407165406627389860234546540615702039445105031411998635918963824640788117446140055038868955966864985139919191076896720114
73 1.77718953347190790395115608988058054948912187666741347878963600508329105745784814156985184536278386715452945483577818202826847993966876
74 1.77830038060781889537138517212822850316153519823919768540344527682740000411017551552328022119803210775415953198271915758302123638950016
75 1.77936328041303443914797058107823694281054249861449842933899353113107760076943708143286531775711606141802706378126471256844135329013322
76 1.78038098372886416944386558041806073372410113647915588303100966009532121086284864767863248442401282320144209933869771244951626402620816
77 1.78135604543948179294898789188571636579072924997242508327974373172140562267366207092407359434691006886436437465523915884194509973423572
78 1.78229084106290155998356168477634716298816421269651764158311838690448015925592312582716281223014665203350600301620670301454632855750201
79 1.78318758172229509916476985865174386993676625159552794276314388209958147327461581842493307292004192205588957032089230712567610015972086
80 1.78404832767596447385679544727009457124739391013671369034378325963386951653244835639246073302421053826793355018962027377874935578229747
81 1.78487500056251652484383744276642043983780941597497807308875968794246274356053946773261758820459250470573902653886370921114350202889703
82 1.78566939449892206860505015579102924561825972471095372577272774320189255798817299469463169883081747543013017102335671717015760988384475
83 1.78643318615277021560082307583100726017247048530763543125869235138855838549423871646347169458702627611916314545613123361462288881735825
84 1.78716794389578731310983982525158462759512564897623057509581621458559721009893673183319529453121441121554157595766151160697088175861821
85 1.78787513613328076797935097144454440349058601269566749420629394874760993913640213654117082876764825012005666104831641615195286753842934
86 1.78855613889333489687976543052676267939319089027762416395075137197545925871946659359258656882072691879899579884519358774891162367120953
87 1.78921224275011188955891493860173678512276160730670132460915320001086340754114182974811709329806782532835108118319434928058379688651154
88 1.78984465914731100953185259581590701532150324460123955664088341988297493902461645824926220510508704156214325492114424073452913880486108
89 1.79045452618055541973217253538137321425830990485378818285962039979118398394323873594175656536232229554096407143572107067915700047978193
90 1.79104291389107346836841907319420929742016825682140657777905514763737535935319097026695616286299116842098655092425014669158162415057164
91 1.79161082911740417185993279770835946714593557072715743174408710360620413597924041147115565017478795407083329108523712148503635549303065
92 1.79215921994688561566800676247937719987616746874838164814642756070356664960010369409141925884966389338630006579336440168296035973396049
93 1.79268897980429457644945709271002080806211331263606200039918933621404924442200870259511095409322955046186518385065276482512749732353164
94 1.79320095121112217992534193996089917199373321066283795167080250046969948470476883727506834908271640495028348144410947285940944837335927
95 1.79369592924553024582828313945566603278666847340685231288663048645772539323972309420547157339093814638804813463124625421564423750462248
96 1.79417466472998112855867478651948377366367482438868200537337703745519191434683261834462069331131209404918612247233725961396610991583532
97 1.79463786717082268789416209111502846492726397955670427999772229647557194076187717534595980125833646187936587112574737232553014877165087
98 1.79508620747169816849419762845542441688372473428377943029292722625739328593992661420237026578637120329322550133850596785113164774333315
99 1.79552032044050229052420086673639482277551153923212625902158977604228921819382616895334588529467784699322589338497692222141330164549103
100 1.79594080710768846966287121532434259355045717582726202390273642709046155263292300823268099898457571326617234135884327444986667403723703
