4 -0.32496283908463723016927607115275931011212041898560991780745707382746628660373191253672871052918755545792567626201698332005042602485268
5 -0.34233176453903279275959930745172247686366030271657745629883100956661792025205788026385664589283786426107301610537150444886375916186919
6 -0.28231253645979349761347677229723621935364108955603488622120368942628336889713476799969362389775345313653054624313954717879936577842013
7 -1.3108879605214097942427608343309487833188368142328413905482927811196072257426814978908906009920104137365421187417209397994647625114321
8 0.87166401261005724128385300863073061911373070888137944305407082470936096258067023763837259252794698021273233881964717757405547732910087
9 -1.6456335334213484229253319804380943391251128066978305864528159585091780917066995858326629453124913820509073294501854034833522735729468
10 0.3538055077675575913049320372274524615674308652473050699057932122838229640354710256271593193296074726285402900838330101012922386380394
11 0.50380173268268253550855760607799837369562118805594196208200671170387072446463967611948343213784957797715292813358791944899076964661986
12 -0.035601188351531114251356754874227152298302530522393441479032863680450486283024743465239109481164521754703376893169177837665994671238098
13 -0.59934767537350928131204407889521869924866291868964370502836268102708242394634466247277457551791011008412396074902364016308106470325244
14 -1.0205766381685436423861241113974832099893801606173214333342035727813786332701892620417929083506901004543086732588161987131425049912954
15 -1.2986325440941966948657679558994196420916511436165998198763622399670705020658691336488147534640646076186244685415784392563125006524768
16 -1.4688413470413752459710100074439153380622710057015885220775727377225363980575898755856368880107873567873115137039763834970345697606121
17 -1.5652484412634985594327481003609651394917802441217400490312929103706974051418777445118316091151829123072177619600113862387598357276477
18 -1.613265909235555703673279821310589837835043959052853854013808427114117191961025797413208587124755690152819847338917442438424083534071
19 -1.6303244113497480959110082673939216956134700868946227658926912329220011146748701683400089794770363804191328751938316299038320910048447
20 -1.6279774613231837193275823592018173048481559474836525364866763471028676495778442031571958892804907591087428034530049688735417295206253
21 -1.613771047620921757337201270565341750084085230622684835526571998559041053366062348375211204494288148649768473355930143873303991843208
22 -1.5926001741596441632983956193432806560459811547799879737916205881496822796106403100057771132222373255490301327583577040312854537017491
23 -1.5676260451547152787253929495676352139382712974247182630366172462474988852536411522830703464671374707281075540384083256112104784284433
24 -1.5408791374430648555794886834850841774958912329691488132777294786775762147722668015405725362529802735023529783180938438735785246483794
25 -1.5136518494227254159336835278758463831458565825607891255327292399214789274795121884144044570538905812949139392703829122570914018218011
26 -1.4867538065765852742713333813797913822471439199852898155060976982525794155198073281904968592156575244512414956384091553181287826753099
27 -1.4606783264395775981829847573840687017034820674551825815814482868949828121025766056713574553701140520449139767738497769585098628967758
28 -1.4357114580370866472769920879796425630660034673922213459857340723611845298639612402755090487814594392415624915378982400090651575500968
29 -1.4120037720318612883199230343019143148463419966348308749904410634408816689112959838845134178044993764084357043313657525408644173917408
30 -1.3896178537815456318507688450086347914719586864022244682832488841182177997203076950683385883071095490868928809863999154227626214167001
31 -1.3685598451302712132747137524821883810232796401907347853300504936712473842341075727757490110286065785910841052143671235138508215790327
32 -1.3488004445957463957510934259661181441079077373350335845681773935561440693279008314039381232524348270628626600370946222027443667613182
33 -1.3302888970300530045931760387300632413333831964072648963238720346948097213748647584727734626654716730272390648537819703718358925651121
34 -1.3129622946740260690894148770727426836056846754498750564983071700829642023710072387801285681165537328777777566021221942160619427473885
35 -1.2967517276561778618250639317222983612195306102805100175338599392017750075537885783466029076395148320207849851575489486782230675470434
36 -1.281586309909555814608364262095022235964025284458482396827018312406993992909538758319737396269244901322221670377331730464953364306233
37 -1.2673957693408930850658149169735746400323329157213469956790831266371822370578946203934440666265838820039624367628287128069366489822938
38 -1.2541120674212229441482282590488685294494048840170277963219337393394701722367274263305747202255191993800630426133807377880868112732658
39 -1.2416703638942868672324582793469938025331524059908050574569776031095633315578944738201487472818085266242644757351512841492065215403301
40 -1.230009541720623554096977336609850720177161706965825886424196125721027658375690706659374392401847162104978712962805170692636268617979
41 -1.2190724392686310118839881481835901650403318625588442099508289369372925218332487911115776298518868272217054644728899416772134795614442
42 -1.2088058903825419949061611005468302898019296695095200428993040156845841216054578084972024683912910713359646886473396944057963738391341
43 -1.199160641213134099403638105757149564900516164138448058033695391164562241569753266093594019615332275041050708760413355825645325530091
44 -1.1900911908792544249110070837532858093859653784107108129622699630028470467563465667116499301705770288615785149587383332365933916359605
45 -1.1815555879828519072538144967946921102702080565108870726723083632152351817851482009164236877252223492471447745274526562756703205530287
46 -1.1735152046006847318062297514253020615387639065110496848459156534260071836252843117217643255093943099065175384639228819885689264630053
47 -1.1659345021790112658622779459667425759354841765700016083454003134090669384371514147962832225075835333501433652861237839611162792411527
48 -1.1587807987778699072547184732481254495928284163873453485953946471424453233129925648728335384523098432474962380429306015037826317443151
49 -1.1520240436721810312363443143264129384521137818413213274545974513607264463018830065674815897147059585956402809031546399407900031511274
50 -1.1456366029505994597868790808821656785994405111007592346283755199395386511518497514381731363265944169905762179357453615733251944150171
51 -1.1395930581356950766409012628875707220902290341703775498402573446611411739849384026326045142135868010942230344362983146808211328520405
52 -1.1338700187548814270963728153634366332199658719235655747315735736625967566107276513283528504082255168960643936288737587207981674595414
53 -1.1284459490627258699423179642997866033529251942781770203637638105847192894523480411942030306088588069244315226621170329988633009700667
54 -1.1233010086412034911700990630164202199195440754379146636552298119372949459655586353603318634907163266430633091176772097719419591732749
55 -1.1184169063073358098263779351257301097658376402432764779665695443111579418842009567347290390751381264398025084492133037290781238091315
56 -1.113776766582751646622983443174493625326503373698284393652656347090558906916366134699109289127908017461186970633470871519926899101165
57 -1.109365007888474901026293970497919607364013240481359206593560703150308841298188754856790411390651671246120165250402230240000111013018
58 -1.1051672315935462502852588365953210646460788801987828751906769054958766208392906222313762887681168287514368045169694350996606467134816
59 -1.1011701210488508808887351781242117180547851755221516576336457588064492546003951064877300335617173733035357741138225142716328643947713
60 -1.0973613497643903621118981403514177707096711472672324588965051553785508259265181118887429782078258295652623668095661966040062904610302
61 -1.0937294979298900763049038867164546630099416373776472949098511752666763886295992856333144230137387368428526727804700587452930108775429
62 -1.0902639765286321004428692329328227366259306181469447225746055052159006435120231020198773799018637527519467644187255048543063408391195
63 -1.086954958348340748603055134857268224751261687005630917099719797561407060052212911475339916434723838315836827861957887297080372432074
64 -1.0837933152478588917686061676628949385914973652843221726157679651902400666203349258949439003018077038727216876691716936763836994503312
65 -1.0807705610922896225757263388938346051742906079885288958340951301630150307648432569054531320837959414443092941436964041946164870776007
66 -1.0778787998210065124075354286406177651131065856524544921271657345696429069980894448498362024985210613571068530270885611793615099249875
67 -1.0751106781617221424248345238876848851500046140310101044902206196225674574146775383590339358006055158768945170169560652219219660126236
68 -1.0724593425492591256821264776374019157628036724101505507084431478058180701783816900354034558443175975253251099097099593767299826915678
69 -1.0699183998496359184932301486651997606833185137326158450065079061416770015309953338466233636196381247598544560060009750877109381372035
70 -1.0674818815285639227942138344782566058827075873083954236726939891582714748989020507435103015927057382835809612507197872372073874667519
71 -1.0651442109385572443640227814065973924931539758201593248335436984611590039858675604390946362220790739652619496845138906848486189325877
72 -1.062900173430749676688425868983041394103030382932721905790317814952184759267462042136543497039511437529135742499942874066384188292187
73 -1.060744889026398776132063093634045490825043748024757390517392152651960471112998660030227063548505200893493460694514221246110981238649
74 -1.0586737874091554269623273082070677062272296224411335673844625344193933309496336391565461018782600612037379141674215612613162488333672
75 -1.0566825850227149478802578344586549095337677445061822668850302283479167515984692863567336324838807178375869985604707996500210893925821
76 -1.0547672640796648062198197643760814735830955304711443387747811193430696119373447625490587067964829674016643668051069835085501135168802
77 -1.0529240533064176343443481718555836926979720649808998895006627971780543059894020734288150976667486558233545190049218932927789492936414
78 -1.0511494102662675350393746079400496499750088810446871389717170838375515460017786229209467156858005548078224860852357055061351270671927
79 -1.049440005118019737711391455383931927065557069883045446990743939260165835834515028205072711725531498095736197237194630157835706637656
80 -1.0477927056814910031266626573024729512698326174110165419891146151863632324308474687160343168877131219337268486423800192079593706277023
81 -1.0462045636936185851191120814262783093883329331899150376529700045893799799042451321582325783161994132206168620699292468350264619246481
82 -1.0446728021500926170565522705018186285024768799349316722763588982652816913101912618031139404993248477354026489248471401298007924794963
83 -1.0431948036374705367350333883540135175228188715853972005177774567490632928298513095282348995137852230213299093604479637384205308047504
84 -1.0417680995697599627934185243896305956512863438308942621881687843780061552987415730555575966357114619502931502751445091690255464622779
85 -1.0403903602515739293328641065439626022478963487307318100088707275646249062318307818952466782145947369555062798970233180568453469984783
86 -1.0390593856972644551309198621451620437951785417159450785589150078504115185227119324726639141030031996694902552818217237246183958048896
87 -1.0377730971420121466224835310216088795003172087948980144763815072829481731400497300796165170335990828810383552307914991720071173654407
88 -1.0365295291867670974490178466359837463381090226801640883533380635364881535311079452218998058418585949069861923595940938136647265659054
89 -1.0353268225242679137841944974547487661859334624242934784054144040081206668968349288138513895995508266573296787087344971404978128823725
90 -1.0341632171981722029636665812036055572489340984045966687009695246485170460294370482308332096726209756152597666623507575314824893074241
91 -1.0330370463516677689123818322678689416842325495543812304038006550540197279769137642074715679879478369539742982727163931662967929855488
92 -1.0319467304258477093012003716750743152234182404528614845623551548560606932272014807618830053261103140452448749452239861169610104867369
93 -1.0308907717716680595655744450339314002225575065781686237692763057847895760151489841937254071237074936654027789751684764077373061866774
94 -1.0298677496425023909287263778984580916791794675485762194790438042786096255909264899469290105076915665785043679695544908104810182655234
95 -1.0288763155371985151933166688594598699923631101472493310532309687189451763315959104421144554310273313191713187384976070567295275034655
96 -1.027915188866159156725087672210072448886013836374673956573316770657725388339973890054321885643405899490277993339463724516886115938618
97 -1.0269831529153388078000903397104054387387406693149830476146386556543393771133534680453765055888321120671703142123636043697904511148573
98 -1.0260790510851977393538455095182009270425200807768078054479235931952325404606802231680316097165451510866728614966413479744178401928695
99 -1.0252017833836034329256105532563140729596271500729031714551457940252580139540536866480065948713589341719624260607456544703657857616224
100 -1.0243503031534393397297111096063480726882745749989876813656332725194344411635994662195600251491570457047869953643704022998479838521457
