4 -0.7071067811865475244008443621048490392848359376884740365883398689953662392310535194251937671638207863675069231154561485124624180279253686063220607485504
5 -1.180506358697994586513529781814582213651783922349658197929894700730583330757331888101819512401604965668831638946131825043763368153352802808768808395929
6 -1.669557523623870853210155795970744790774832115334270511370728413261474351059167025649237347729401906441977117600664203218337664457963100664825600779679
7 -1.97881308018648286212065805489410777508071735389892663449622283898511969156010624062420159759331173873054542040702538369416102897513224406161439529505
8 -2.148329692161737263964306196444552416732493165032348336971758690601593248283931019413571665836548396162324249462198324882470067437409833529857954485201
9 -2.238952894032546880488635457087306366723879380412572471178529787076212705586953573795105813759346801031302938561590480161946299583131377523408203352308
10 -2.28737051304457310461451458461168042187390042841594105343494700244585941620336768908485244849929924115701010240338246529471849081852915359119910743345
11 -2.313080611654543870589126583196967833790991820113263380774884765319266772500113554311530221062869775977819729826686594029214751586242554816858692972812
12 -2.32634879076307209184007215902994832507865386678440390446133533450200033428823821039441685428415294789298706998413936873850450366199186182737291205223
13 -2.332682327646106631494860015516758086931074115957541006775051691853121369043346450085452778932464085761021728182251860386460307772507454948556596400791
14 -2.33510949756445378065958335671370354146843897506712377360014423362930977255209471461793870709767866567662901684878579077495074342139874906473768080637
15 -2.335334998023700949434378405704937546228490650073893705599612432490091854360325882761871167376495824458235680075506224603029891863093058361241397993708
16 -2.334337551643452289775291192846041001745953373594718675196281543646130295677238830193806635440665609624753213140633332367926991148701967319112793059782
17 -2.332687415731729318900009879042957806235977811274088654056685610324196620997501702061113473171509615525993402154053753394998047712702734604999315345202
18 -2.330719779329969220357314712697318353087293381507366656613720917713823157961511946983889672717193704422159779269860149758534678571656317898721408623262
19 -2.328631938304266077651113379477384602830463675613275207628655470925216020525078816008552651595946499047570379877789277707480058012229560542415207898172
20 -2.32653904275926596151524393302548493647800819583946406040217953787535559459577497694473799970076719496124763639157319610904017329110019812734612482275
21 -2.32450674532141909144639298036355494964160478937343890835360955447854578606274708968495858700765664463328917133805761638566305244215905269885222239185
22 -2.322570665541470457987547156974256337189155608475344811063416243969491181943143969393747279198970756028326553566111521277785114648787173645184154945009
23 -2.32074816966021376457743158672667337704358440612214629543118429143983658780411970239973161688964180598231293176974633061290710161395811217549597193911
24 -2.319045586537474517003704766875232866003562126331313030027353958308190226456475614339314229697160032498955009607568723076553559524358171144870357595109
25 -2.317462668199177371497327742093294986523431608475565194740382937999686370961972025934770967365296447793504312905498368569182042627238203341115550794991
26 -2.31599536298094917056354778561248126180753278484393549538379392385341400603799465481005305047017080005417917245751205676288131276045342674040664504232
27 -2.314637542772026210549445018940598725118288998796470974383384584396936646080696430713763528182942291949412569466366683666233992723663430118363430886218
28 -2.313382075580760396460768478635949084083789517614649249151026512041779645526742582129095815256069154570183750072889560913309568116727755544835319272509
29 -2.312221485227374988330107421075395634576800754158714827717330348843852507359034687826106022698902044660535077149602067845656515996209615743780423738378
30 -2.311148349375052151799770154955974713849441648111519401544699165627541351933305695626173515685474805551980951575855843171743199028663720943443637684361
31 -2.31015553140520457455967450652449798191889989298416511593765577284862993507495214538492253319515908591207748897592531611675519984889455176539553056734
32 -2.30923630695682987068938591445119674214163387625455660386149631603003600804191070446545921512356394890184155713807727000067270199139105113358305496095
33 -2.308384424108879301273667728238402241668779973776507000950522815463263684481411428477479673950547694207704062504785482568039283521589688028174576273269
34 -2.307594122295988465726247727222005836639345804866594246270204540636545089460450353922634624550145571837619104804110117416431793922478575880393351885201
35 -2.306860126141194231312174381844801480319162842567618310274252626085512973755770589022114840549030973907015268295753206502538599509517394492875216679661
36 -2.306177624636954755793900403266471547597066509564842454628036926152180114755147538784094203725084039313285087951184584466809379586331895666950899978479
37 -2.305542242369966465349028802235294042849792124736215798852557435575445479252493474615911468917967598263746992951437407137288105340661967804357147404679
38 -2.304950007049437757827018235662825736890663811695535757622719937042674857531599905670427199167304649800913651198373656417330795984040193189018647469322
39 -2.304397316006892230067222072326301802668415083257958550029510934424734861231944159389075294250604683505663588132865943234686979385376181910234545265922
40 -2.303880903295665733114290023191699098089063617518012754311047957192116529877858467591823052226166859141735775427148836024528578180783033369310361559618
41 -2.30339780834064750830614704414153909559836685433385990760859322662876185116750918486933127244057922327059048499773891983352192712011535130214657372081
42 -2.302945346649995128600808537787546050074615600434151211946666851388354827660813490859787156911661469281993452274991623196448834648150297511078252948521
43 -2.302521082819465788397837441589808121795925397586864444221713256046640485721366463644413711542658676320603292250489310766490900046210128123729712512961
44 -2.302122805883154232890555552342538961450407932160082101424512075010387809578502041191945555337668220221553002598214674087905768544138220460402679846342
45 -2.301748506956342677271896251354844603808539869858768332152391013995262762546554117964966788854905733876498515384878450364680404834215511360825514861308
46 -2.301396359053256252008105802640540344564854604312792977342886720941405810851536626925283684029805746810041141623660769317790703821181094847357197496211
47 -2.301064698929048822520356169449795551885472024572891999044819228449320383320808273112562778767656462111421160660046208499463974075220886290382405301859
48 -2.300752010780823245223469869145288213458876434660087211412454739805082157131930778513858297522416068293623337080830156049367195565616850676561355001332
49 -2.300456911639920981449946138242224673830665677766893225245567117920080328996768716404521062970458330237824256803661391331794456493733337232043420427548
50 -2.300178138292448523489921143874826680516051024003952178226515193440232086085235760103204283146274501082055926509499797720657724643023842490518229645242
51 -2.299914535573969116006831189704027541226542474616074260964312935217137076109183246816772131505481021319275409911107713953720395740671803348414605961091
52 -2.299665045895465372894251434474343395256370374123845553639378810233286358268401199327653773833138121601547181116629464221936582095982760283683364371698
53 -2.299428699869772567589702661766006662696740470285682154016957010369027100865515612800206312126666922513460836532941272750911239609566617925491390685808
54 -2.299204607919873394830936398607276263498850697338353346930632815761405953004154691077441040449314470492121505889897156557334252362383220656226718599768
55 -2.298991952762232706256334955343679739430834789233207731675237928473720877762191561213969264795061685556546909675847396225907983546698129114611616087828
56 -2.29878998266944745378553665178603326798491978075224903579096802771762039202639382597577953071006880485441997186876899441242093264520888932315086411314
57 -2.298598005426744789206396911115180289475831817965503751702107994520448496032365934200929566286282873524706751212397145805008540826491677287042151208982
58 -2.29841538290622220598113649611989923857601689278567275173359448626952955500463180985668581600419278377083662176701600643241450270689245900374004326005
59 -2.298241526191187006405086245243885491758602969049094171527822259746306582328198679392636412300052560146206209587676918327512141380547224174565376692342
60 -2.29807589119055211577800608329084813493757386304862233730777750557926902895505866182233333503268575749221745419442459964200698121083459106126599878242
61 -2.297917974690034982021443896217445099681042691175542011234803952552143537644567595892936315127093681050370803502268799666791639467065385168349442939268
62 -2.297767310792949580851879348309965059659234032196066447892447768362220848729286006055002713649464715218916596840320476012001250061197095509315209211641
63 -2.297623467708745583811807834216116451594475677280389671666997208036731018027390496905747432620726372256464128561343758984444472399625730908567902013801
64 -2.297486044852200332352956904435617120196521526848627336453604028759882580489158381806403094803016210972038394089489054280966489435593011287043951215928
65 -2.29735467022037236974166722591038930361359680949548509460018989452013171594678264768752769698083438811840557898996062581432313636287455118264602114364
66 -2.297228998018139701844262252213034526230547220975516393035468413481151001552917582159385320173787635796920352329024151680627133395763102918118460661212
67 -2.297108706506426618850459693367895012714723014184240169094619113279728175121196516937286425778895975115809980470115738771716505144419876223257251357651
68 -2.296993496050119665841113470777967475712419053992702669211999048280828055919914167733439645404605985188577105063953644812010675877494671490523713235338
69 -2.29688308734523103854888204114637075213987618252527228012692448626306449040194420309713517429941377507396584426878784988529730797802236240875114746734
70 -2.296777219807126357076426944535868101993366506276321037553762408505080601677917372213240318488229988645156656308063932407904988940422353016881699354351
71 -2.296675650103629035862034053562136990630401493418409411399159848452580825302140302528542251390271829338808846572216070626820348555271792458562148779362
72 -2.296578150818576843144424934559684685941726538887088588969099428087602468303268697897386155160025580612884392828562236986040560150700212792704722546559
73 -2.296484509232965553648227601862902196761415328416303391562075630951733601904773327341079005503974100535601195000553747835112563880384710104267899294422
74 -2.296394526212194355470258131132674416173557180742147083946679606445574765346230801930684935261098816656150821161021808444964706641319086522612696497959
75 -2.29630801518914943298164556579282585846503761524945071952664982584278301255370773944141101046938380303611710155933602659583943603857347887456238473134
76 -2.29622480123394484874648874899159572977421395829019885797101270852550011008930860055137282044022183310914049154767421143717579898033281455028379437808
77 -2.296144720202100111366568730975384025819730615407253260127100973101818381613198416116459300235768827721659691598284774982504828690412744876621185091352
78 -2.296067617953786226765501013073316951296226887351917926392420875334194083748735277198179228535233576579567419674980766933808522900108165909087208585568
79 -2.295993349637529380399879386995324298015125700720849101809530858667053063431342822040993489662752701864062295553896613311445319979183806247416272444792
80 -2.295921779032434908386130133847110755988169629632614097064409681182655166245487272822596907162791671563023601728374108235395297304878202109514519413481
81 -2.29585277794359373068731150343852595036178484979220631401593908333209622044769204754346526884627435686078243151353510897647390773420979581697158854408
82 -2.295786225645867577855068028482491724611977720527634806152078083358546874234434066178258108743630809107370868109045558044658495580910599770387328808908
83 -2.295722008371725728000272161750306674961810716982901319757914881060580041436469755033410607890542966861813216566339041320196212123458735202806202119691
84 -2.295660018839231243518212405516332710186341089626449407218864925900822348810497085201231507060957879382200823280395273855213465461353993857522105863621
85 -2.295600155816654711337414550760333930583996692644922595493964455989909839533174798197213915516606180405814435009211133735889567226326376115052501322442
86 -2.295542323720533393792734162001312286028224193747165824042481222493362008618769949771554452736269938508283329881805346570644585220642621355806389466191
87 -2.295486432244298019634689013759843543055372359045983602352727889632119936140920044904487975186207294818371799909704479072573835429555963811140719947208
88 -2.295432396014862175552342668751744512475118763318277182602344872084148497757137605630275429895792892297304283982823631685456598732877600013360573470131
89 -2.295380134274813913929110418581417058639257172031115227218574541044093453504943587617534670974063770258341187801013522494556329861374513513711380479972
90 -2.29532957058806887372534389389136834533695595044687690218350486871129832425714535893346047028895750618310467340622393817450532990699345369967103685995
91 -2.295280632567041656275382397408267522039936272097067909557659205476929427691940893376445941658149077437740544043133832538900567622884564892789410725451
92 -2.29523325161956982549147045952398224192598900864971064825757496594458343297733466529618910230419299348709673619644231571541538037555585361361472522182
93 -2.295187362713984851769115764334932199587592826617437688824381050262593990825885190533681564777446696627881490879404865800152805003935798276733780238222
94 -2.295142904160868484312588738847129866939461897249626150174080539856490325488376064474200177294787603385708521530784410348780793075228107471555947553131
95 -2.29509981741016309514421261039075542563225045743327195105157843189754782602069430434550846507254572714301837782112520352792219279581973315310016116338
96 -2.295058046862421977188517404322880999038246133432697834382899811062222033222295718965891079572194578954883774096552434410143030861495892100420386290628
97 -2.295017539693091718682683409175895765782949523584313595853904182166328064351398281826011385739597742459007124483338214841097828765403954868808548741348
98 -2.294978245688814789482964165214032775537900744761003564005818088361129046084108530085306476469231362716945684705364678353520268960354043441829123393082
99 -2.294940117094827404324711212313074396570672586568010987399028795088913324567007928432181536539888099491916336419098895507748694597287213938149694400939
100 -2.294903108472606501707024775743678148038382375582372378482040758856268650854240458801412640318320953571479169691848287653769818259139263026072172762942
