4 0.5209747758299487868362318724161397599916700955245967156946660812881542128734359223018478792145596496454997822602221117306974503740474
5 -1.134361793853369953816825378660286930359703418995245189684061225898156936981040722236588830747728006291983816799481127147831645008234
6 1.97125192459018035412472317084877228515196711238809186532332629684454227672179670629243661748604686120696858717439302835690313148946
7 0.394418982573236262911055359604829832289296850229689807137632629861722464076454820538215654828174755309981219903379541064161990543329
8 -1.055142125080109317798266872760946597532576110841612667409265987605063694937817424781118675854941102568273222871585080551813847333494
9 1.575587434049467597760700265741761056999092895501763140371457948990653614537897752296171896577138420597246491008074414539838473568652
10 -1.19119179181707500392749037609533812369727324664116699761466522373912735983488244506919295306744725795645652397493984526364597723662
11 -0.9873328064192410206979716476707794300728459136278021795035226840723329362078262778787951081697232222172068910071900671330642060286664
12 -0.2876693377532855063122475972275944853876883780960078396467188159013041004606170246272145213340392192044389564456180765816468675635547
13 0.1789861909114408330982338640132255977241866913012387889544023290025769956091012909762373134221116031725033576857437766079381111888396
14 0.3879008687875324974124773460202966644116929789048449746437080805489398734696827433215884445556405483501840810127276853058372093513492
15 0.4322121586545853196449827092927531552572145620161081617809318783826290341595098267333591542233451596520086933499645971719295436858102
16 0.388507960565456668888353776151399163080305015015309937495254003924739533468764669392391752115857861804519896225411340698261765849375
17 0.3037375533442343515082802056983035941800590306917996930732964477389045612867205599227600607242580062110953733468231204410754739021129
18 0.2038217639742827508501292849740163193276946280938338490797266396163129128780362998911188680839421991364590244947074778110802031328158
19 0.1021974694937295932804925524204904076541771912551470101403669002081537950639241979658189090015860263973626686594986737348547294453779
20 0.005370417434732526366350381776504645368658677154516142176710419445995130239818877155952594129972344252021883787738931062366550444248608
21 -0.0838689229715263054890505749016215562746144653875430692835079093527888538563427217359545739682915993452213429014081385705876822903957
22 -0.1646636399302738498082989790421165267558997221595260767064360320674961515313109644356795980999774910380186080183449415968500144089744
23 -0.2371232824256904598060670942669400790121024438429528049129987971309899801616482801999100230301107928720002920799010545872620614975593
24 -0.3018060339608467251115107814986213169907763660967020212003659192841924693605117476007553176557840397844443346602597400336232773581862
25 -0.3594457958388625466599961172253742355634428857052552127499033984823890894223405813585625008685219997648825333323654214706770144881736
26 -0.4108120673892692938544299207030319705487057805225885196716798657791643432086231762395935994483388176492810200456707164857259595753673
27 -0.4566414722262147961101512835636792075868659672974668099250186349404400170615142698793282661304593611259447565395651190626310047510659
28 -0.49760759003156085955320316700838478285755452879045381598320622378509313666669536229504744455044586739352056397884384113307242443057
29 -0.5343109037621969615912315115105262675409940807940573611040141410751718093714347125957165538773836544441591506558454263487878614371935
30 -0.5672789483902116509846894167197105485936880706829708872534530940919466046210512420532993079036577510534413648336838805092184872255687
31 -0.5969712864950143463685499255861534976770650235341715241996823682192923246072900234023205045603542515195998130562578510179522614045851
32 -0.6237864337991347107717063227033178976493730727655573541838984434672871748898025900203220766193658256091633290965628238611911092282364
33 -0.6480692335024040466260183984519135517028936627599130217135221870559788250338030514327073130353823620604674574538889196094534495090202
34 -0.6701179337577906092958379183050755559035455722531989527267165540066969509446219397620828342244565965156679029328668540616203061588272
35 -0.6901906336935237910261969734230197770389018990060280878881122322997873038421862397972661462027398189317955741036236419234755806790744
36 -0.7085109828024125369198468646319197381571542693704294803117612677438748573787570335357748595490100539279977892092716260665820893323962
37 -0.7252731314631598324236194494034535701956971332863350501284754373099315987462914830809592451518052744886444838117857478311220989315486
38 -0.740645984546386741397880913225782871326489843939917366713800064051749653928931349610077511349568524132472453832027982838970083804144
39 -0.754776832292970994789265761046021690885530301240743140779812408238852183104360170248546578529773565987731910465263275024932241083095
40 -0.7677944379821253751293096954812071023878301285894558140960342952185381208041151286368169708291540481248568419413239748994787973596676
41 -0.7798116587383632768517993799136541197873038163123676314450420097049895004633875981356419886522848242650725964044083259627092701163202
42 -0.7909276688040693868569305773299032704384469909494911325312147464921633551379763168277786919689868455974870705186741118727221811383995
43 -0.8012298462390395970063257354428663164792210859340743266545243694179815194063633004383032795256916270920024240284636522195048377610461
44 -0.8107953756068386324276932829321782891449095817725533764569660892787414807502201814098718512413870350165315482158360284737965464617166
45 -0.8196926114026514769622828142032024504235281407006398005951825003921143219822494255270661746273398414464104273517343228117162055710585
46 -0.8279822400297923045692241240697355049083817095829345468015887801522151890693847882813020852783772690074364746045690501918893563868096
47 -0.8357182721051177005889442356892123393042541869546157663773926143464985110844866842527887835485192025817787959592771142691423450875187
48 -0.8429488917296796375586148923836512229764045066119835730208998417139998025938392288795442652565108046997488894132488938658872587811944
49 -0.8497171850166152476036365928446798742746955596390937307784617369871986789348357786272984224836671419398704170546418660071855251726865
50 -0.856061766524083563708023367877853613117517306886391620740017111594568921488995413454350929255522709832128306415702845443224224648128
51 -0.8620173191972668577688918269607071221258897914218806432886344406051121643500652643658092745951123415831228301417023708890126660235126
52 -0.8676150608875783834731020694325784535661720543020268053961481623700875896672599194441269289715802307935155299371415112342614006207264
53 -0.8728831484072116675853768566145260129372100153789291141004588510574495556978227891788199957014527040530610684444269619610711962539695
54 -0.877847028322158143141463044867811819090758642385605732249478406237049185603000132479932023812826819755996720860560537192736538961569
55 -0.8825297422266382159687629755946820674132031975557587049965416342624434500674258086873294352154947700104937926272444297022520353077656
56 -0.8869521930260263510364998115195453144009829078040525958366360264042065208370939366196598485584464483579301270310451289951359676367186
57 -0.8911333777417253821848310000172456725184940626752409497106129442921832469651767983701606193836114059333544204434748733454634397263553
58 -0.8950905915051801958060644432537921925812728708818311211655901529020497960028396877779180650048940451924948295623557135697122931298469
59 -0.8988396067004973215262497874381362695400243711399557253545189074809802046586150644834959540460081554621232207688395553558074511159445
60 -0.9023948306221878756197160633729540655388633096424627883550927634386135806899494734066053160975247715199741901928169466139729925653041
61 -0.9057694445167943078396075037472710687810396111930038763433461905975530860161035795737163238826036084819564639781223996756084892852664
62 -0.908975526458465046776042021580285291981121338463014135231585943437664159650232035435816836668220165954210298191197470769553150898048
63 -0.9120241601556121997029468812327914398586160999878544070206237994407382388819742810089889624142802829479419495264446136390336301563366
64 -0.9149255314876632183671462576225295960828576574443017166921608973423413678853797257262882527103030367104341208366219526200840865420569
65 -0.9176890143185473056564600368436428968930961465052294909474370816894170819294226552347064646952469503813130782770229575146485535717652
66 -0.9203232469194594065986128013238352347520339285960978412161976530992931035353322628956444506558383531829302475794341171330903059479799
67 -0.922836200151424399347279189189138465641460337634302484545056900492553334188749132986031779940165744276197970263556322952720104861068
68 -0.9252352384031044287670245224130663788475054269103925260379258634572109397709201205749252601000411122095510091274990630820420954237564
69 -0.9275271741468853795079478018942143600747180503351404060954752780021909461918000844983331118809403457485650644292611792549202491676877
70 -0.9297183168629920808468195449226438530691417839486248433090368242917428839812149362918878768666127418337123929294950821636245131421095
71 -0.9318145169842537715728711231985117869072452504790754912491705106713740071709982162381272265974765075745319224900442520921935573020521
72 -0.9338212054306965969256775221174221984749436797447106357963137088776731433056972495009340236505029602837561469691781629777209547799526
73 -0.935743429231306378603511406390964989913097520177866775225504526235381369376234128700144699747339131011788889391322641792428420162676
74 -0.9375858836683443947956007430742609787085194836480412920863240900543086959479929560171926054680600963407953408232002717190010359342687
75 -0.9393529413260503953395096310692232894528622693897761225569798922909096990925270233787974172976663899082159884365648373642286201223658
76 -0.9410486783792000337601736396940421112230228543186754651335539748302651169603766961928528389578816796892883701363532128993683210091773
77 -0.9426768984167598760165549715940032479482072126168689825416366623995671323779799610297306969794528392056780925842382014345589605091038
78 -0.9442411540609240568741436174949071934507489092328059801172043696877352892653498853448496481547034678156400585255244711380888101984348
79 -0.9457447666113785478987179904015514070570509446117300369416986797309928560247062317283057481693947859684616134972675424362615403974199
80 -0.9471908439180903459362726898114229554974948965303170244237714497263165526538406335978857524925476534594268949981769051397333300260776
81 -0.948582296662722559596532967137231598299085444455689580093863254186994681232618140631377211915920450833486115325458608979358380166458
82 -0.9499218532084746596113038928192407115179505137306338692648129122241017499798206089695523334512033144997346353926226568883973763404355
83 -0.9512120731603493126886696228292826346738489519596494852599330137486054386894163839337156152959624323422159332112046186125525731770344
84 -0.9524553597622190249470483102968846134838992510658042298290314640738850380411140924500628346069931386912004656206100386717759648313417
85 -0.9536539712433209085398815207265460953170272464717203697875028328853952866850054356289059087678800145784145387201054477701498316312117
86 -0.9548100312147004363166561827049622331267238281612665249924755705250572084170908471231654229548635635528472844654663225182784106566224
87 -0.9559255382054436872813183314351512100750392178246435198610202066157634158850643051364552361683464165382592016671908917746590546482583
88 -0.9570023744191002341079055083527252712199314204739384780625679697081324920943653358528765398667438705557820531531934659630346473151018
89 -0.9580423137823483798232654463006956949322666191717174340774796729728640548755430458625844244200385451020541631753960876892220047071323
90 -0.9590470293505551321947041967020549982077800947685947737022404396778866304124295690675666393639706126110854679604310400481153681594973
91 -0.960018100128317565005487793706624997829957248098715514183529117447734453782120316556446945060689145843100217333371223719765280615433
92 -0.960957017357238131482740651722001755728734700625728390086598913684534045414869382747242723399843477733357031237725443490258183008346
93 -0.9618651903179955494195183422120266269771644494311593785987635340197074478847271462643423517225753331201054917197164135311004086854587
94 -0.9627439516891480765618816804666955910642519843849683438001432028281713790198451570449969367734314048622392490821171214643455271756697
95 -0.9635945625009802666771103083739827710062608002011988141592154516187382103692389841213877435103702248617374684390377480784894484922036
96 -0.9644182167190191250600524043881095824728511077161191059478964241065496223648939949631021271344222680502019062657182176997664325848375
97 -0.9652160454885498400707128851822962368186661667149024962319490602077222825756183986647834111162824885383643173757941934470970890428055
98 -0.9659891210685102194676768899245341637646047662606754575482246296781148029599284974331309946584337614859552384516474377117413905616081
99 -0.9667384604804974090251314817156106874509320634030441207070084573290023411286044078097483988183247737041482813629348327538561028970558
100 -0.967465028896246022682875617523631114239825670494458691714430934110916083221009740725908189134637394106172858494232830744116480076602
