4 -0.35465892134356076281994232283431977460199207409889720107296360028341212429591951546732009642177091170357300134185663857836580563825
5 -0.76064139391466425086472750529947833320128194642834188243029043652930414606680418659246230456531037325705729120649343263885349740346
6 -1.7156287286794067815719106992681622920911008787220565904648605615184664212860163890562517239007942839791565965070261887752335509508
7 2.2513255308069589887105144910369378306726623355516662629167420108991448874902872798390521354842075025650193155404943626096448642514
8 1.1789618759414743815950891474709397785650681891816970515701358057233372967347519228822398257707290681804860996680839360540882333747
9 1.0500322605506092640942677726423613965315667738249140881620517222973857532628157681578293579356809010765657921391732387265418421856
10 -2.3291622053083241543314716941030532782859449433319016836749464005175814993446712413915801068462761005125840967668756789325384574
11 -0.034190889136236600179679634292594997965481300624917591922433382248783230778437984515111452828502414174550619578134768203536360296722
12 1.1426054252131615242126712393463597936272350968081485339094819518304168439420284204964149793984860594309830687586540896612659504024
13 1.3031102334009712162823585470811502183564354476095098779483876966617879994730819750615718619312152939768191603012024035767270202994
14 1.0708137511391051146799234010112551848611932618195038469749153999786972010366382179745245241878000663308500561051340101971970112899
15 0.75577114940492220781652133634341783931332188535986429804571096947726877237468798295153714792122651688315493888724706271946296649955
16 0.46881171929546620006907734421683791569184394302002208211495199747620909122251572810395563085272207055491227192790370098606014691192
17 0.23743298759788812069574095134475610920105000644419784933885111968435845409337139692366944127598694812550465061834352609486341184742
18 0.059999721862862599349390843538051068654499930636348085901396000964394934094078094156009520387583714571986076567295829939508425897989
19 -0.073073221886735292067235225162766806387976260634009098857095824702997966044018743150422333903695953987568090163044869670329140772047
20 -0.17192520923995712954246592933899167682409943099253613275686519867315501112734808623476708835539529842632845801211353837355697949185
21 -0.24509384155985836840045737644205424046102574458563052393308183247283012749866457498981162368443864319664056650941955160533651316246
22 -0.29920187707061791745355488484458128511340430135727462829828401383118004911412991130949971492610217539291291636648086417701859894998
23 -0.33920903265408115454782844211630832029190228007263598613913302514429900510469483283328101698861005754683488797880792982877607308359
24 -0.36877416985557250901502014614093601253731732114917392972063076436303399924778520127996884154174880799214437893010628621006651097481
25 -0.39058284668022484088678517578151173425340406265679436877118986602295619466848749269095357664602018059617467655450872751197135260117
26 -0.40660664915437788536311904331699709565100623074140659406941605352645672244347497165717094521053108608965039344395252754134889272775
27 -0.41829747389820138646000174592300900000701777057995915707724885931359035488286198688800422131931802502882660254945457015799319218036
28 -0.42672945894393980146109303808389552247634181687198238172463758341149286668928043633639892363212263471167063032993515483306602550918
29 -0.43270154674027036451785351524387986904504684650123252718427119230547994023566106284859497111443830266580811378355665205467208196376
30 -0.43681135379145097048854365225653469291007867172242570443410261387263291899903379474884523415503783377035157607157183797118646520276
31 -0.43950842505792823770059863442222487256655647979249699830725943276517721078146189055769744312808424322914166817930892362724426982889
32 -0.44113275816589347650743036951873463035023550773625786474030663917507584007566828708340388866515905070690701958901384235934352917733
33 -0.44194280770542150582858341051286725868401797855101653608677963532565857402945639660211524618693414055383780232516000157556682013481
34 -0.44213595813514949254631317461212992470172811324416607971500017763079403832667972168258290802719224165040017018272966255644409782941
35 -0.44186358216177574859830879016091867302650753973739367663359981362311997719101339355967807204865765476115168371624553811793521553457
36 -0.44124218603766554125660191223772334140325803342147205801502001557138727997017266543931557318851045367622912106997582738072314182988
37 -0.44036171034563682778043774496270563259178345942509342937089652934659801424678920053037730968134773809689278039450951853809988263857
38 -0.43929175032772837637037449357240056715365621390799312385575031116775463520184286426495585035626499619010368098601622700217890891399
39 -0.43808624505709678715918973231201699616062112770905659836571532623422830396167521425271380314091804428075174750512434202258963747605
40 -0.4367870326821288721738023630668775765034619149934609101880821256130682434372539494270814809413913192072226916465759106461063979011
41 -0.43542656075523778055827472998993582347108253732029473158058707503405650201379656455140275419175101435720880302428513469117224155594
42 -0.43402996322265009704747880419104676714209056351937083550646319069511874594762722933255353835200389952252941684765925004233514478004
43 -0.43261665991599852912842020441702817955150367116375561298656837884434226455456087192033167944624074459037710505922246708154532524962
44 -0.43120159402896156221545978001773320726477984851434177562819172496689084120632190682116116045255455850691873930669487195754168844634
45 -0.42979619366258764146687143357124286287042054158483141893349825974568978788771694998876380762203664226227861120691703979106615766115
46 -0.42840912197699702013842928665195398053876884624991022054930468901925251454150215491758781836925335956098715900806272526623721261619
47 -0.42704686460320789229713428698685966534248116249097985555841915281299616905892025873502508522799553056198857450071300135287631141078
48 -0.42571419119099864810261668299831024679302500700024363015772648576799899854539955463484074360151230507917057911497515741135022087866
49 -0.42441451918615451793949406731173306960313064694757695342889765527796844765613842026757018894417544793860455253788217811309676784664
50 -0.42315020134548021270577804983645521239725716598720576789767921643399049357451285537366783781778574532084620975664186677729373052609
51 -0.42192275353448847366762510994313613707711847773819967435047716743095127799591247071637652964894648405466111201608784084839680050359
52 -0.42073303559224032600652693758114453271236998892985049809733275503283341066249634652360418275669815856174094017182591844933725842854
53 -0.41958139518475227314079593408030839884976604281933267029269998942558489918965979422343846182522612758395772290445996831720937764923
54 -0.41846778237819116831130168470623647879269247415554958374876816712276939088664866844270682723486366532213309223476514437909800259541
55 -0.41739184097995999989223291225140208571498270198452290038529560250962298265277607045558709445569383981410425028701241444906795833247
56 -0.4163529813966653129737336028231133434465180756484130798693597099692585391524196453018476362223601836269313990189222752789385265736
57 -0.4153504387510208323097716603560919370570886449941913049917464931733458146850597820166559761230380001886075530002645748303386553625
58 -0.41438331921612517371425214931916143639971247234712334604977597876293497282488929185562808858994232368767582062240662494433158367603
59 -0.41345063691337418291406123499704051907224290196864660480763355776380278043372371035928820912709017446240741541455390962834409577883
60 -0.41255134324025924292548291816414275612963538043193634356275896977545215745760018360595212842608129112200662611813616405582044514679
61 -0.41168435011660113597413886266207392371938612719518190283228096502278748731801093968298599220525622864349423745468517173655798189793
62 -0.41084854833957052406462868332778087946910941247341966942468792535457783259364367901236272824060025153945980697389773546652049060705
63 -0.41004282200166221627359883138011923716934367041567364551388801707761278881816766128415049065576618901897749500570299975199199914913
64 -0.40926605973815450682332816006678400253683361752999928865134636711602099713724531693703519125603830254137463924706469140953093738147
65 -0.4085171634210866854824981990510704882296252936831406815730296089339952291282001488225124420947904136248897748560967498931598633978
66 -0.40779505479734919643428478275364270384160347412020283288863468531874088361272390443042070003908226077098099507778812122424291490152
67 -0.40709868047281049779027482440014722674296438746133760613265399425919490234528796689782634144655446051646542757090939032247398585084
68 -0.40642701556758539618183324936862611467592068720950651676025226561745134207189749428679361090411690786611013711364487663254531117511
69 -0.40577906630572548044802016372590186567847974583988118737074637884958543220626199219953327913369415729279624744474913172037812564347
70 -0.40515387175274941413921032181696751243866283319293734731225350797458210238870986488914159502711762279491196347756235108970691914729
71 -0.40455050487413477322651818378203903374076926107549742389013442541410325247887701127261560405122320988249417602197887022674814560001
72 -0.40396807305526821175538236716774728997952397676085680714259707127013554946107851921718504861868487718482974800162243953258122953462
73 -0.40340571819689193654763065558305605549542980284823451570025085302704825868560991410446712924438526321920455861101912292149098710444
74 -0.40286261647859343599647234112618884566476006518070836931862137721040429175840600540162461835690600363610715487721320110989348550175
75 -0.4023379778654054450740120000088825162610901192788515278282983894881706119071326052450795312573591184531038723988707617225098074044
76 -0.40183104541834848316057854757855546923184324174531528864144273275225107415338334110155950122294518193958139110270486395948229923936
77 -0.40134109445814452276159502013527292020614208554249176579666966992044223997467917065722772956190479737443404751646023155988642076072
78 -0.4008674316218632190008353783132350739805394675726757242294840796666224427083281809544923044951156168262440870191370482218466986451
79 -0.40040939384453323535413264899925219929116023222418721233298354932700431345770242176778562900397469528544524482376904339131825112612
80 -0.39996634729143865333357156838379317936061614695712370991899681662008050974533046591828832067683592009286893252676720193605578875416
81 -0.39953768626166365394590285913818075172797787856963945789753800331157829484942485656771624976114405693675328114633774832056029465376
82 -0.39912283207923620861285556808900574031944350381412713443970599524235671640584617601425004027741985812167056399551715682102755777041
83 -0.39872123198478160747533237804002415198397735260349757805735123854292343682887777652180711416865761157281956900938847750901251540928
84 -0.39833235803778939996942499676706255377641455028640851840003021421058513031173261888037320819018910665206007665007101844989479119407
85 -0.39795570603730864393470815027096283950654918237373710496331371123661022165267330311539966265178809675181371473867506634533486424855
86 -0.39759079446702306772588095170993285094967579113811899072515367001803733402341306985865615299880375853416759278610099680902256188001
87 -0.39723716346914361201684725327924250102642448954224652944583664233260253648026419570376779730261708163519618193368207295749688051598
88 -0.39689437385032838511979864983930376006081497147525907123175878786295945540832205669298899807976420719312646599227388726909874930427
89 -0.3965620061218481147101350990278173026160807795486454296665576197888535836345335226249773701530217244536226675055310368812971269912
90 -0.39623965957541664574939138430106656110014714095955106435623145183706193657034226027626328242357936094430217912010768996536322224963
91 -0.39592695139546633966008541966813848138379503538932585964570487266569901740108478195399444594701272030361167907883529507095419023741
92 -0.39562351580813891996290287453589562930514130092434616407863305045480165787515962879328852339177370785364805963315727245913471995892
93 -0.39532900326685995260861636673791919256572453680739029345618976062164710640926168721450298281985551934330740603355383525495320063676
94 -0.39504307967405043488106171823845207269903484978727076020959838752646503420260136556902495963845417234603031050075145104833636369024
95 -0.39476542563828597253279714888495099599813425006461849699257829006021788374065905495007455203535501373750919157093927973522225428731
96 -0.3944957357660296161364264545897082656342068244366514995526778165031464219719785515335190325429478064209839392974311809852942388663
97 -0.39423371798692776671248159069363799706477336361171618591641467642687290363828926746958573890081392179570697834180610032109263174454
98 -0.39397909291156070400228882146771331565359904274519271445247067263457149687744527995762747014041188546875154737870636632833514026948
99 -0.39373159322047285849594074980372783285456034648468420296426186763501301635683556765571384396487323386759973741808933613086627841347
100 -0.39349096308326685269504537077913824640125576232144904509250037080560428305904193514406467386447535968034290032552861301429091795304
