4 0.0145132384865264603755938571417140192654195605141342345771176085598188220558239335724301793534996819694468487233152234476644603953
5 -0.672638846270495091665288054120787062863184927989553038563924262519687537864149795088518589665800634252883785752610619455093743535
6 0.759011722236537276013721541038894954447926265684310434783561223722988400623383846134753903827365120662605393535416556035434413519
7 -2.07395544443701845451018717291611589216140856603613184499878269090247530007155580138135768685782466887255746347463689567614747264
8 0.0605398667796771575930566496657258239100719303159643866718746195770105013990834216253094370701626127075962749865001506147218126081
9 0.852552782626023058841921090831727217680212324043800574513247995251590916082981149088520244077319135130316198507917496051996884668
10 -0.145402757301306681310519360496707337511182396189054415627603652725604797609452493100570227661335054952816422798076351596973603006
11 3.21858351357185755010338213700568550899663397574175530402046540017004293269886997509917980922674542458818025153559032691655545102
12 2.33696269695534762002441273299985334840079419716366195665614160767060753021944069716758429987830749838149094263874751728872917964
13 0.791471332588348395068161002933376321648699704405977546371534726195852251219943481126830348046438630189664207410462343058529036813
14 -0.279216333876147238217254019145536001869261423893969936849523987122674012792987191864583173294838914058581704046923926452554405392
15 -0.844019258800652184888272878535775734633165588968962301897767412602050358988990006213232913594811160798948024707173148243271378609
16 -1.07481818191257095348565966429782108091563910947672875310817659859103147828248788720089149704131398168469695354047772553996276198
17 -1.11646167652847568523399907407839830190906148150549503475768538529957171141533571833756075811949451658969148337225846709251404173
18 -1.06048114436108436047647594204412571908920708488548586571747342639234602420445637998072166308563710677901715920161287231837964254
19 -0.959228869471023670445966426183526704457220384269643083571042805536898850917995781512797906717136509079939202131605052698515897494
20 -0.841154269582961541895319509221033506484054651092084700486562709558858500861917337119376920113238773956599563246881152679098521713
21 -0.721082828058935569582915897382962849317137907968032411717327601140211935782536071676438308017708399424796208183947278993025582704
22 -0.606315773177083998925298425398841201360270309826197075977386090373724033861416830750607351719054694932200755430422643713925881113
23 -0.500082064773997139573588685222675300883774102489482770074082834632874351513964855104804695378455479088949065478086070548625930887
24 -0.403453383379602285831862342371990379871803537024381014736881107331142222470676637714334601775132831967801167148024639508447741516
25 -0.316396098792279664063782234819942223422703247402230596464922709511843130484765412047836881331601135612977550320833771406653353252
26 -0.238344610269778744732797536381673047450757848584564573132257453580236819588743796802552278295864472993211041251579955504853850961
27 -0.16851025319689160410707215514462836597988603846012061830689461929840849858490723937633240630969204430740582212216881330112939068
28 -0.106044284997013700562253976555091020338186694117147293989869699547317667524405491671835109613836282380025231485418084717927933616
29 -0.050120521824529359597989578737082747667891133962174709831776691122901694268329000222222606026863677089311383855211000704367856712
30 2.59991866457712530425594195761021657173431057423049466199099287955924668105217129443439328121442735801862017700874548947906400333e-05
31 0.0450841004502667812741046015626034396689039573308761811228527139122820093617522859098044368868715756410385647468798665198249190507
32 0.0856640255970265643122653627874961842815481220216627018799189950967745130315744063369243316589463437097927459960683822507779245933
33 0.122301231773041495099295428950636233881817785288521301846211559486235770290673374988966844403947941519565282753554833350334234826
34 0.155462973975674944972067179252077590235690808157560287898115437307224959016191181380722694526841916755231423888413220445909352547
35 0.185555824460607814243213414435660380261110473117209426097492574797363823686661756990311062728274359124444477025757289913928704932
36 0.212933159091190474820164691246173595844105772345219946627861238330914606329802310302571285563675103544022756984941934054605717892
37 0.237902139156326786196000837300094651076521023850542032683633606805452972010030456020423585171872695697414010726624765484554372339
38 0.260729991097783157350973893903633503009425201666570388810707253563823457247162485525065163609851266742522382798358545792408677847
39 0.281649533940962133893868957552193493144890020882107434365087226763564378788610971930235412726242380960923225609224681703334090927
40 0.300863979918130021303415344591293072522512204837488297397090873457389250232452213601497661363215336991243945159219541172262351713
41 0.318551069270426497063062916661480321725327808335567765351468236141704538726189013465812787564614685354993167237243189883117790974
42 0.334866613566205656498969509493756261990032786536377710166563085504075033424918995962646461794225257956784940884518691949266432801
43 0.349947523415484342869689954340581102831808228366129922840586648330776679110593106066376913158033393133901060422654708185263110838
44 0.363914392074263255224828537173368553722367733949291715942460347836395376707029210920553973468770064490998072384310384083817237386
45 0.376873699419668225596206878060279020546170859075239553742165125421351202287758747319683813239983750443886712581587397267246914312
46 0.38891969294700359276590489931579736346076442213245128815841591177296906719993035665953998336308031130685989710723558794882744032
47 0.400135994743980148060843674234466353988988092986595998559582925175570387604573592100788944212727396557198599414042835393832192984
48 0.410596976297146998203198102828930737897538900336734197516868568626017284593995068026266533215181195547333275514722599455379960945
49 0.420368936668370509184502200572279897845250508693832468739780225853221703729796424621858972430382175939192852793175984871971618011
50 0.429511114083642665765750444443545990016639924094620663468981459368329927683952963569180549536874991801350614742401911119408275782
51 0.438076556264577825318431214181988821372477129944820689564866571706005207869990134149038477312767517054565054244384615709812212574
52 0.446112870831303524709001903107839235554786034669022524384099353211749780517539310773075578642907547909037325381681735913062635693
53 0.453662873728250811661945114060872172598043530830507332768739483165831662429422208488483517421250889880202267471475331772951088127
54 0.46076515078561320959868498558551644568116964424217211706830158782115425454861854049100393009123794874924564058269953696281711227
55 0.46745454514893316077485049677785358054540453561479616278492969777081183325066088492567644721387443731583579534496203332259819188
56 0.47376258131593576181563104321485525212384785839761286881435521139699958262699686073185969684934659509169726659930423611886754497
57 0.479717834851195046563291110497973772432936866892499111963626740869789266104649211627151202652907534474232493864982632601333579601
58 0.485346255452303953020639073530797812303545928892597543075885107819466408146339825113033906305576680803204429910316424608480795288
59 0.490671449870935938580152287612051189893454172468664375692128671229800172952893515985915571796112122302715960220780881829715863633
60 0.49571493021076568690975707533522403863380841385570347690826735086037543345260537128228286949838283461384528200678383423360591456
61 0.500496332300114832284036667583098241590539020096501483614807777727083982244904816393067920529638594756480585488850190567329188509
62 0.505033608144149954195569918367548934741229513135649428554907011123374369361762611496438005898957138153320565312558127138384951278
63 0.509343195877674943824732367588368179922898747505923408574134837685818488169818213672377973370054085931340639297698328092206136468
64 0.5134401701469332404014558866568415940870615417016270236221465107032434008944333186011107291863185230036595098520558518691059793
65 0.517338375432360527657727851814117537549678081484267682093577419859837640723832161887251548478501674998730134133413296631086810986
66 0.521050544471457997131067979547289474037593183850853276734318191402994563884248617060599075420440794502081723266310821876224440899
67 0.524588403641560379308637771008742964528515629754575170717839921611620803248035374357486979249519671024508694364252506025242757383
68 0.527962766907671567870706807703689494770063090266104139730118821506319273414482359796107121303142585170619254754364687167621420894
69 0.531183619723599194718102462746112708559027167537541677766413477231242320403852800937611542098920661622828469741269967081026477458
70 0.534260194089397460286900009653785569721674617843724955574832352520873808052807309940589277657587496904527059620964942116028962321
71 0.537201035809671407582871662412060089733688427150242335361077144338259302168941103020689958929374081669361577659675962015770280337
72 0.540014064861468659552964648303797195501617591242936615306989636383105924149466715872674770547724668456930387389324660096919222358
73 0.542706629663825558570367836137659407853914858397147517651838755968153707967619804013997950363507412333674111723138240076454765336
74 0.545285555940643389937513058836889726154808210175042291919758440210767956842969723021337895853122488095952991998196384432292455813
75 0.547757190782012121266052518253433130856703118804777340051545084737621464890762269389953205618667536750881586530493538650943446809
76 0.550127442434326057336829212938664662609773919731298333765041488966749790459830130107616240524578286480465827308155261345916264258
77 0.552401816284822539846753790736727685293224015352709110548457588587069082717634636839947994053157793923402352547784086288032033366
78 0.554585447450064755597548762140387192589229435598630745130846360045192869138789193663438085305954338559827148881775408383555350147
79 0.556683130329151001947844180529269247517183713274495814014666024649591900003451476798178554620755193531836671492194127605619073311
80 0.558699345440021643606526141768222654427021751088816742803076406060749800165503742247442174234215364293822291562242346951190101028
81 0.560638283820265469855257944028391704880094022860924582325786319548435592472648509210936753437452593894255868013010696567526269774
82 0.562503869241545732542379779945051012508048130965268152807348969532196687762359258285565496445227959472127990591442276581531059825
83 0.564299778458530845277316069801676902557193598185060777479750548099075476565454289376203943555452966644155825828254578323451278225
84 0.566029459688477614934062354879380161139067284587580645940522063447368865089401331558086740429452302623057193515112587940729997082
85 0.567696149495907439194854246077939186759858749823728620306930792039527570954395022494268474628046047341185936128811620632740259545
86 0.569302888237736819643185217539988929623695338073572713338173554153033563121484773916770364686626924912618376837484934706811113547
87 0.5708525342074284513823147228505969219065807975438132527933653518512680369377883510983426246834067107339304097377491372298693571
88 0.572347776601922067678119604225751861556096728496973998212723197470021186240326665586832183207655996115699677945828674523468282562
89 0.57379114742203029460783766146834266471245078326257996386495287809762925523280421751869896116608921968967967689980544611310593436
90 0.575185032405424216101833038814229344345249996088159502168918586536553272356555683929789919100888682155739970847809251929009297349
91 0.57653168108109629679099460855545022466814844361737402511177163370697770735148626680543141125000387260856126541697216161086439958
92 0.577833216025110474879493679616534451211586115494627836589395112143514762582184365310314351198723022082202657434911805307052991242
93 0.579091641389388245903256994994566241762249344616421746606680278066692259179918794103605411522756519071243861788248654674347177945
94 0.580308850768111831397100576503191697979053196813724098698000983456150017901999560835664516853988284897528660530740412232708407313
95 0.581486634459943633301700175937453014749832233017385610015315137249494157050960292363392752139085227180268453368474872073980902413
96 0.582626686178571581467822170064703160527461428802229281012820914414427817577492421501124752018268266151241635174227031926003997536
97 0.583730609259011132103995951542221740259857879309148195167980045206884548776643523283098740809854959209147440197608353140430461809
98 0.584799922402555354012284968009010175574260189059129812348726682153613218295252599749143021390140589025436581453985660202294401471
99 0.585836064999202471502776858601560566597551867924267262096002063820191801293071305559022167301428775820519477496353485495571531509
100 0.586840402062750883408874591963234407740390101711838122599482409979801764071810213326850161913677611863724991218944613980977899672
