4 0.085658868204261562623490847722349148049106261790998155327694768316142729749929046751720106856211584564523076309683701817684501554
5 -0.2899331723218493075197141274358831846107479503993767919219313403069365951958551778703795326047265118774166333237451034481522739
6 0.2162697482728866269040720349213679173055701464113242797556484846812409973948425169141698523416314270691085444807955178981009661
7 -0.24785713178135553814977055624271919888988064424347069630952008452505524487541498946780455640375934473314686442483824600387473456
8 -3.5079199990213009855038640464126370626868055549317269394277176159560472719369065546026234275784485270776174230760754295317838419
9 -0.97263903061672200625173239569285943918114661403354502446025104107923514900847897402335273893556053695007829354033370992679965578
10 0.81480027977537634965616983769435326915289655641079056050710734116240371823819510257366268986517377967618989016480695430823152749
11 -1.6601758934361669594614255119843703088148427544345710373084959689382767232297401764753563671971248254549699888737620248857931804
12 0.51833214228489994087922321987988938360621383573344516624434863829259027375888606651485279804329858861893847998407292394364156104
13 2.1511837947387877238811552125808243450928427516955354500974486898235560344262354905305675470248630445587439958614875212901277226
14 2.6741183966865079525409458207381228741966842535596917357157579017084076034602444770806364183455002767766431675817692407312849528
15 2.5578489132011831835594396380373403574817456900298448529934957944375922236103512476335149214372973907768541426282294069026454158
16 2.182608630538831044915827127610325083006629772848189545758227924038438580916213680129629998715789938867207090258754368766744397
17 1.7456814227635359085513498054191926532923311506885581170923373178851728552949736632764786770485719241524067176807885382133291879
18 1.3317918971751628128372161537434482370962373376375579789793410205185770340360828631406897066220855540264245969270112690633947182
19 0.97022680613009186473647547760016067678080130561854533719931188621065941374518746180588117293528571257852170231367450819261975942
20 0.66586027398397528261957771850330481242024021212641652047638526286713059142528001214650164317283396025339737453539860963196803522
21 0.41400856306409510090645190380998201329722642300430924704891138968336405927276813097055144532303054120618974112497019703204964275
22 0.20706593488651517928592891938595191968222043911913819250274916343088663379657315355274172221383667667604560972509150521763338481
23 0.03726731053098009119079022320732159469202512681668400503638992710495393370106080074223397905007128283611085435433365569552389516
24 -0.10229629251808513158990376387761601866622659151111465824620933600304957764197665007018912240378829598451877649450375228452543783
25 -0.21741657241228899311198343077905712453242425564803650698451085002649447210531838873803206161330371846100631891674236764641399998
26 -0.31280971568068687147493755939619639117454938935510136737710575895323257449469272448197507369451070234404194125403106479573840374
27 -0.39226162791811590066445632039727839193161474343654263008366651595471712287204042235411254708344326006882686592467266549407911376
28 -0.45879224918988746704831846960246950000264415034058812283362325292293034785930544466619033901516567828796656534242669202666941377
29 -0.51480633813446599212719541644603776333568838140204993886849762882841090694073151173381434314780191341351820828319193058879249404
30 -0.56222073866781796266962334504496724515666988071054241065447645337027573708194019126782021422025468170660936336095344864279199099
31 -0.60256751426678877960002885028595720549551381527232363165243391273913498472898674277087618336598548835425062846373678512539288691
32 -0.6370757734746835316416611068583455045977297451755565777061392616332290412220275479741612844900890906826186017071463016974303901
33 -0.66673588392955492549588777940908757791579888826518359922656983310984052085837723848751516746727857672011852560439372095828028581
34 -0.69234961304999311697841072891422114159937438368012325445855454028779053172056912579545674367190492029727487740623138031638129963
35 -0.71456922367292355859334186725360306851001414224405713035301742480780449742969291814966898451745690038183072006037188977031512111
36 -0.73392798285746715852603161853839084802198136328061852157607815772757270571331428713256284926074698036637201857732472746509285005
37 -0.75086402409939547922920136409273687905200170496341825542180256951539488199975946930781493234029105246399683826108013220816027195
38 -0.76573907103399426230432303515578031496103698346191719328150577620043050462085012832448696190111896414459812354526104404459194908
39 -0.77885318528343338575497862883274834634435327834714126591484949144873945845685234981649446002179808386046876435826753892874013636
40 -0.79045643142691112174276159037799979552792336737727187447232244338994272431177783701813928229192909425672916300861195060445253139
41 -0.8007581442691830353046932889010762622750135797818434621988388894457134369715692353735915963569266710199019229947734553654692341
42 -0.80993432457782372674531074040950118745542419950275473561802719766434119656242621770430591332477211232688258890779096812540175341
43 -0.81813356818419523822599639155706218288537895710969350774355294037644297088266031499892226257522648919336369441988518998734705557
44 -0.82548184091541378452871121862325518233306480149994240426584376276812650928996878905200103178552624619116420086264000818431650879
45 -0.8320863413210120630050608350508563325691532893418691212177207888043640943312529742098664863235168622101414346069776560784390928
46 -0.83803863927121050430910701695808276700569126957578692538059876379687872349820543425431031150900424063151832349708844522230773928
47 -0.84341723720427757090187217054103775397594208953713938197901973108670953542294200408572675125680925566410687166063181396923750495
48 -0.84828966904482358044465190593139554274472964021060047013503613450539990211132747578481402039948629669869612990110830344078489759
49 -0.85271422730940716140648874153258877461034333477700997070638848402689817377654435120921724576242795084745848943507729462327238365
50 -0.85674138993266692175425042420383322638232368829181105491800402868932923867940177460521719621158764487127619492559356421260919805
51 -0.86041500358338855292542313502099615145634922591302369379359388006038004849119840151642151059582495613956316571102396641477291414
52 -0.86377326871111019517991380054290951417509037611119907262752740040141850583384768751827044035227885872310946887467593995995899941
53 -0.86684956252446780625174420033565929885316669650900422120848599958591278872463374921947143631057558537255598779361957775649601751
54 -0.86967312898606041305577242815342846015402125583925191279174894108916561925888565431632648978758502268638195089949342904201172109
55 -0.87226965928342539136422469712028905702922620340858223563689567394462968640685578068064946346888855979502281452983627545312685993
56 -0.87466178177150177265811857725025531984429970347192329310121308336521495724366850241720179336155710958719548912072004107570960721
57 -0.87686947682517537485074513099988375164641188318035997228290303954166286959297819690547298023127802795933548709176699248883921936
58 -0.87891042919575037159137474133203047748381839706202776186968014025689555204107528614416313984566951088029558457029560677141248567
59 -0.88080032818132887118796357594035454109803170584017569001531366064233495159618000284530814296145523478965988138768545133169040583
60 -0.88255312408073335805679982166016057528426616466950300587436514502472798127467501626950067603307654884056056058862946622278149728
61 -0.88418124791228973884435873667055926121669340799179921745933025810004060181880089012396232217439540799821031797074799168747531139
62 -0.8856958001709203714390025061752782474580302858380635698134719830814228889833235947241658488932801679004671236758003677125875641
63 -0.88710671341336157253806281743054017262468321024088506094423195741529128347262836086841354140640134492749746368447551061519219573
64 -0.88842289265760815961819224619510375611982630694966957667699557886833559901664843560334344185870560830138477708704523321034468591
65 -0.88965233692384528249551249006350735451214048446335666958611728152151351235469835938574912690833243272522770317701834222888358564
66 -0.89080224470232652914951386685235394895080080085278465848579171503688366301917599108556398296553274390013445249835479054431459373
67 -0.89187910568672710956596901264781543708047178649009488773299438790312692671961269683918032161379368812661805000695561587896627674
68 -0.89288878074171966175539652311587585613262890858260066238868629987903270651802004262597939791080719768826788692698314165397352566
69 -0.89383657176667387416612259166047357398544936745194258206026857265630902854064273459567437881232445099949747681499372548772272756
70 -0.89472728286203215872144668918284818733545018042465340653804613208667806315692667427573378902036697448167745958790413523747675745
71 -0.89556527399182930559693558390446631250310704399769379090690673986368718932818335672423838649715594231770247198787162595475623687
72 -0.8963545081575282208488527143531097912746958258840918421326530682251089078717054170117731375717436402410203564115074281680028347
73 -0.89709859294876424627576039198604110065121118275558130665228890120941872159508751941506208561618616950275272138551780242398863382
74 -0.8978008172107805851052200380470648004460859844840963851203146986051128145153177206742156466724199003214592253034194878377166097
75 -0.89846418346225569431858840514074370762068521644741371435298037774194616656129116569268810404219484697692492856232513827470409013
76 -0.89909143660755910522267759914445628994651338948662556612976877849037204360441940316025341222037391482516171692331137874022587178
77 -0.89968508941150475866136939005649555596421972394041153472460306418733844372046735101328074058843328319434712134075624748154657004
78 -0.90024744514015971184757084372975364920151730226584107414252965868031991048267576709541193133254573230553309435966357879971632097
79 -0.90078061771636014133719841049288169495573804106684461190506164280164040525755864729795375763386257195054901805209253461765071784
80 -0.90128654969175329873825581589098278549999555862950425788178485780439521209563807431987060954507916964379805571370745159878641268
81 -0.90176702829715116249245885001208987246991155154529824685485164384044500842073044530951851755956576247877887386163330872078043704
82 -0.9022236997986901805300168519211254539138733825274175908418984089062044402685800566911410974581753365572610955184273591322210904
83 -0.90265808235785850532129257286193857073219721041898117773344715437112223503246288357949043198237979486346034749735039486945602559
84 -0.9030715775681390192575279819428577854944940533039175599814630141324798393381434494269205094243991625773220376131280015891303334
85 -0.90346548081920438378684015780596193061379170008616879211160974464894988420165719964113109317110488863971275517199771444908550135
86 -0.90384099062076955478641527039262368806790313761974141622704105049808713796555807377749273420103898966159231844225481805745256997
87 -0.90419921700192019439032396966408240770981597001375820045721759558371115067471897555953792325767571671057814182377464151760987179
88 -0.90454118908762314670512167099589604047019924027350224611672825689068804636334442133612750476585383255189472659311632669303390642
89 -0.90486786194187570676932657484490827106861236753195411620664115705813210205335903757445103310695396297078798153766241005722205135
90 -0.90518012275629960653936852130772117193542841949060174438425966446082499079916742989137009606685271492485706095290914470603545051
91 -0.90547879645370926040369257857895806166857676609830658948635674548233593080390541970770452910005400001705780582806422484745603908
92 -0.90576465076809121080021105960767433709808997130663737130305599652905924471234378189227868444476895692907332308408477311831842452
93 -0.9060384008553604781915160287645803949432045940073359828466124128413919519111692698130067094178119315023552740763598216255760219
94 -0.90630071348307102887586111003922935991838785680193984783521050340881130654492041364930124180914916999174706387389187869226365252
95 -0.9065522108418333017559859431422112202965893382141130178075486995252762963316985155804550157550734128025156121221484788212181153
96 -0.90679347401643015441224236537889046494593933014641914903258199492898387156340757720303738897858260421579540643499667161008029098
97 -0.90702504615043658340353679107785280394832072063937359269562389240838405825615377551120505153304107759590522933742923178776801996
98 -0.9072474353344632652742182848603171645495570303748302188241246984649066971242135748263167716655435932252736113330993396734716578
99 -0.90746111724489488627406492169514567081662567191796054202080633847047175319147017071305861844721712391893189454965172483012488179
100 -0.90766653755712578638329496210568972820619015887623989083950436819021727242435144417507986997955241217558611163902614037188383759
