4 0.8758081788478470617099257753345966443566792408177178312977074383949300126592203596193793113345267594169527566489510948001930089
5 0.5382490616654125144010741629641396346499705155403385669033017419734838311508657005327743751870280362913270403481620863607077518
6 1.307849638603218415400014284948043420100038775501347721947855340271978322152760599447273878968782364275111909255864601170176639
7 1.000093605724761431131467969486649621730654618873944780210757364927594539910087570374115649333794455990057916722488460650373537
8 0.4123785665650942807532911645213027661366905574522242168563034751384097290986317754485148193421353549766289186069169005248321075
9 -2.989243943503624996436365415047834952475354996291880622608548052285298720818217015311814319929684539645178071598115336443882628
10 -2.56362072152744513558834153100279637934451063093896590936798463359650577524685626925360782739647636744566048484399587009923864
11 0.7169062403254769637757249143069886524119687434499397125680762217976189996490951902555010551012994399805228748578335430713163566
12 -1.406877015091741033334379363734781292483298193123156390583756501800224868267339122137734711162190523162699510341532098924141135
13 -2.036363546891842588089254407058504746520061944843457569176178612726733260944969766228299721578904956825365110815412569696503383
14 -1.469769226717939137344659865840066011049896352584444575375843410645013425147642389989098360747838321719794337160279910173659047
15 -0.5716270550960193369291281293044036504293723861285880961050430601459703766724849795046798187813001182295524393189199741734358937
16 0.2561311861688363461547238843166365089705141766244555779148414507892489676739443389577917288190434095610750084568806851734098331
17 0.9014923108753834117381194405775613234798990077586386828225042149728095036626035682393795573673504282258209164719064841412645889
18 1.366801860364222683517519200593011856288583260374719764138122605613588865095726525518357537007185166018603789975046837889327965
19 1.686917599353770301754578179069854272140408743233403834897445875816160777778876092305408373197337345793956599629775204080685476
20 1.899019032801911471339231213563646686689900854049666649727334898138882387082671159958605713897592740023990203647671654933230309
21 2.03381695755921935803470061807579849733522075301869630671752470817932748414052970238988756369035417048775444867975191532186805
22 2.114432054125063341073436512379505639353709208387960240742236568970405422381555281607266546972532164299916152393070421584610914
23 2.157561297196776994196133468457406018148953250871654646455913836657008228620382790400543863886017603830711924581233190641222767
24 2.175025073392836775101178084145863167012785370133290530621976752735935829866309633818361431864690224747232247387724231322069424
25 2.175112640204413708449914378550692573907032153526647647480009737487030947680675124087501350807283426359418424884151752979807985
26 2.163612071634060669564530425563493415392448845695199942146569296751329316046244036032423287753049201168210231099723737324262983
27 2.144557076779785364313406289901503369264363081441888987419199133954564440989636894968963335322105884704871118805893452501971177
28 2.120755031755434869367728736971420936513965971834779765944009330865925079390370814319382679289967015855569024166382703992444198
29 2.09415611069778869181309764215932259163375169826679030431617279101935794801073725799238234570481963232117737904347800728255607
30 2.066110304309623526311527116861430027313038631290024648308998055272708669210613456570787521628778695641035683679171361446059812
31 2.037546388736585667274207535250055849968666522995824602467452732183331848728596373791500622802434895060860901933611103704897696
32 2.009096836866867952930886658196649203651630000307736920438447402580390317954361931356531441462729259137926100935953748124514625
33 1.981185307902606442966379703725801722505662726445457325292521628352071541747361685781181963457968962084417280803065960452281895
34 1.954088175064118661514259418575896061900110574204808093438033005639028457564846274964972166205016584509852270380997988468612701
35 1.927977974895483851925517112398725458415428775706544054105942507973535815655834360729472974378955456350520277805058518808083051
36 1.902954210432043372170413687607665958430321344398909007397466347295067836750839722877375570677239613344533649906810863182851853
37 1.879065264492881996166987482320502028600974854524307400004135702805004849158914650227796447052185700273792749415878588357660223
38 1.856324032275914790240182700074944915352872551828035139998204091302999119863414886424006314325396594315590876439670995577173514
39 1.834719094949673890047534699723089266172917151539492410378917049145373372897865230753345215656516570257406478572315467206941713
40 1.814222712993327095715083839519059562180382064948158938411166709669994065119490309821926046571058880274529585426110647184472502
41 1.79479654180621759131002465401209416295214785262403512796765627248070594873394905104546022426095639703231589102258568682957395
42 1.776395709978936678424548602400276211936290167067533626479202391328244283643887204514580434007117205030996457600141782001812467
43 1.758971716957538324528010966103075329657491908120666059349573686641612155360566302984716577778929703911131103592046173799993119
44 1.742474477424236768020356188009096900343358820042726596560433130672242161860185136515960019307404802658416592771764083299287529
45 1.726853748029284736403653146379253869556609175060598708134014894967853697895778119151054095663864392631082655823641787830955792
46 1.712060106795334875472161864395686391926690534164016917881273603613664937392081070741171075101365075677422683338038128572894332
47 1.698045608750383719393380253763756208235706449740015048505332930319894916574394710750905234734513205834919537576717330839016504
48 1.68476420769746969288932977958984396212073002511722689327612159654420199084262616290237850153734972454442190022476649995376572
49 1.672172009708715930507265051462045141829447765899109354141216035354322856103845283470913578846543694232250302364708838354003379
50 1.66022740627820439475094863919739426276966664345810678848104627367527634562863288875845442187067810413251526338874492328818217
51 1.648891122205287348675025594987730561194892126334874901498242395402227392879324609336663234984720512245162301942070722245139629
52 1.638126203875118760840936154947302880253680685784113097652955677165099077301032087329585135795373521125693061911124413219482806
53 1.627897966706046633214873662283771475289781349653565039963246865514467150081850510227680883098151154789813334778058137381002193
54 1.618173915462575988944744562466661400743072942306091793971184484125125190063594649047071429553642094969259539994042166254597218
55 1.608923647396842699488043788761966740176776109975716456403259992941845048368359072820914174753689192847902371654901601691512105
56 1.60011874542544098601688885387278161377705690944781159991582496396723872058554784967203329083334463084781115587101636923343754
57 1.59173266651352817213646131623055204883720785906322313287374140978925282321267852242375524339009645261128314141576780052221424
58 1.583740628935638660394154119595498954903852688839118960672672594961575441490108081764891026348101848465254725490268071375000572
59 1.576119500974210226298321579742833666207713495158220427037308847377921682231081172976918637562161856986452809842410747443668595
60 1.568847692800659525570626031633970643690856261423236703243300866789738412346803371815541961408632296498755184352118650194029361
61 1.561905052684789636671401232919231480545529711067476433509400722104500549322857908991406769869578437870851121432512578512305822
62 1.555272768240722236963877945593614458753360772884528483656612402181220390983603792528439197966586711506846829040135197315465985
63 1.548933273100099426287879920972785833949432274412407330521079885890031507002379031846202003814402675046491448150395420599690396
64 1.54287015917523748627558043360943820776563427464691310223007588519253315166165787240044371112863325122023638965822387120982263
65 1.537068094513294183306974464752840347307821652480577415731864184491094636300417195949615339703737808490972927778701355764712711
66 1.531512746630189646492582123331241099906738848907762392605433047526113189128725064009757505901881175493146857437071923585282527
67 1.526190711137172324269560494593095366609698428528352483584699380636471117571645957388607428964559506803911054505375251964932404
68 1.521089445423941577632404950704917652106544722988171935423472069175910308689316528693583850383650492943977285591342632216441174
69 1.516197207132932534119141707374708143206827110089037774814135537906696550663890117125303874898095105842723413332492997999196042
70 1.511502997144348798199720843100713661648081220291941148925587199536393915854542445426660154707142152401836102128615786872637145
71 1.506996506786762913507714335208039165605958996849293228827002587099428481020131818831341718940370340791997185059402461191591264
72 1.502668068990581645998579086536636882643202258181481439760191256885163149079664089607633333786514095285153562267614202374373483
73 1.498508613109149714396783928402411030431291998671855527807085570384196036081725732892857819234083278857813599773223318913993167
74 1.494509623143076566667993998047530101933331434396904254459154074867491424796579424904532089919034107675232869079975454708707885
75 1.490663099116287125377481653529389866127487096948815522179796019867591794227618736757519066323222651011254276221326998335830708
76 1.486961521366418385738855473296322500103439737690536711948597463607334458074444566212231705383712076634152679820579071514983708
77 1.483397817526855742920114429800676879480469947016148582110614436865976210720653983961642464849107318097467977706273823749791083
78 1.47996533199245802028451031470405286669630576657749686892422911262636099364508347755917012564034442222457478519447292803784089
79 1.476657797675529614522268652826231116581840163337351124342744133071924209516204526503300878522669925231281739264672382701068943
80 1.47346930987263717684298874466127710289763339375592182997034643182873369385522226935301498453344008299546464337108228292499481
81 1.470394302076289314400336307987947762942106470080842874588336921056508754469675517057741008020674244112336675690091560883915494
82 1.467427523578210526492113515538022949313601581472828853453845943293371239425920697518278884093030178881124731355445734082915032
83 1.464564018722896415285088770486986657751328220132314377649133459317315728063887529585157839471724348036938166447066818035890067
84 1.461799107681317848429081522332495702868617293945239200591404153923501941464807516251579237983202620414690609974055959349866575
85 1.459128368625050510946734297797305469811195502735330226627064676443234337759111346229424171519795122871426784233647139887212693
86 1.456547621190761535290504298833285895075618479614190976195062159935956395835897796037171876767439079768307165065070970598948912
87 1.454052911133915181504812192277008644596973396691494129079319528106971880464188761345361903098614772305464084242991211989747271
88 1.451640496078799928324325906269255936592894190073541347278458911307687970957963549844850672818323030178238014674377268905151882
89 1.449306832279568753580028358850582118621233197610727004414621177817606502908508753414768407832377988303779185740988144884035745
90 1.447048562313963635728447899814022032928675819796645600754887995681622572227615964562074287399750643384660780511649824583373343
91 1.444862503637805671937083869177448610437175836215696386272947581662233903811503262965281216113277630617777323594352861577125211
92 1.44274563793421441861670667206240802980140167300446160649799421585567831904746884401994550623693122851483735117734658236025034
93 1.440695101196913622637252808711037493988141380141109733010921143511256082512352930758610039696534296634178920018922966018156643
94 1.438708174491923237662349842683952882745728360924151742470465203925588768896037018340476669402543551306333271930568244166121405
95 1.436782275346465340476481519617381084505393020760301172355912990415549311192510022830274886986191202734920464809876653240065599
96 1.434914949718057964755364841157303448797824169278129522733373220736157316202490338568330061070461193580943776731190693052331214
97 1.433103864500567431971125886206895569157166281293572440506431442597561077931818147330837365198971929540943016236818411601396525
98 1.431346800527465747138087571903849219366700727716048967790729090386882401296071208343672448885963031317552728990797537125137576
99 1.429641646035722141547252624610352405445337853098948373596853813507644419063608850896144509914196440862663562679893152155921799
100 1.427986390556671898764144472080341604278529556898484473889800297743821390135872339430937695689647065686715445755830268491034925
