4 -0.68511874929237177912993509824409503797292691886488711690410081110809533165839384404057815806904509994966600621716270018853457
5 -0.67658363123577594977386480218813765077448970426037559944009173323136306819752547824512691308167108081564215283370067665478205
6 -1.449448465337985140133296345513481927356091012626660003854748782810175155242049331178190331136248276025736679497710658696084
7 0.43311994646688896217737655497582391702193387330290330984719730008921478251751684794649329159038585808640508683100309573184284
8 1.7059027505621216444539722582048641604405611880298648643160408151816789340093749999397911046643824704345772345731449311914012
9 1.8693383193268726936461769179235444687536078599053531037666674759490983626080964744924824493436094917498734024585458040719528
10 1.3619382732848364117065096214392060768322459410161423988868206252905399227529335097689495883810850147885958356993762653984022
11 0.97625528044455361001524811833792581051085449372993507311501392260159862039646286068750492071080717503237426540433021876344528
12 -3.2485780376110823941544158469945413558874295051112562531527594724847902205492269907026642684228436144229281733182708468688694
13 -2.969018793050407066598127388565684767290141332337284433100440726865656074529762582907048851526145381150276392589989615375158
14 -1.7497504063888249421927573241675338182271474600380638960447101633021898911252998653951217253437821290689881229201468207920124
15 -0.94858335400977919551003939254896303589581347670834080666181764402115148470150752230789439308964697224015996992768630840533278
16 -0.65012751142198768822311986993421368135044628761814405534767814650402027168802765672648395260175436048238963075164030715565316
17 -0.6689197015379555564913206778591144277054459341770007114082421407160308951141194510882027693518674037570431369794733235995727
18 -0.84290027143350951555379694094112213889836288121534169196419835008706301005309953043375598631942692366957711484801459158486689
19 -1.0734626262776390309702287688656030904009065375483388023674305829248695150082587471862172468458895268741753321492800085733437
20 -1.3092131269663374426039579853614283281770795785737275035252218808070783074204303674213319773090070278420174869767981055474413
21 -1.5266524847615446651915249402940123985995890346264425433018981760133346395165080248411022951996840339906565258481372331708258
22 -1.7171349514857339389538371340075313620502424404555146540342948353457960834963053797866134974229108211874576731915898060861029
23 -1.8793415793879412298618915494514401051485600196918041747484951184748412712151213953913514658835297943484701638093469065088216
24 -2.0152427548611693722904412962009478420511573016971943577372570682941578708891605952497984386550151449602194705505839065530406
25 -2.128037370548187364463325638229062305424498428289118110258947275485933699470728177268111827544039934542297122269856268580193
26 -2.2211539762174320323305215056412279706351988625666444452140070161803794198449077863423440041463627777604518288586362267761991
27 -2.2978035167626472401733143699587013239781157779626373811659553958388692615276022688148173350842245262852579103698346289030304
28 -2.3608097116966049229237113066700167402433581383001961583656342604932126891938349138494304318184973290597611250918779845653523
29 -2.4125734547443855448081219766646270182362246734610273369184712058925958049048794786678732353665793713994393983269341797850054
30 -2.455097411758586638095673979293717248620977974936280425077867677881044675735265536542313303011733888479925283682470654836769
31 -2.4900337730278354241902114857927617462584158971119686907172851638206184751322313833969712720110740329136343320873095104465567
32 -2.5187372546429893471076294869592706704773689577426762436150057892533791079385415314889435398025377101855473389604774991937795
33 -2.5423152642937213234833358119383765507658694920449123134028313267600828547532837746258711269291909140854759933817288680722639
34 -2.5616720822746587098585648797900630955127094729325326595608578699496331039496652426440267366304849755576204147681151520202911
35 -2.5775463025706082382526223563644864871623542549852452182542367971089261041334097832579687272253033279218888925368028941640728
36 -2.5905418662142610082678175089017367257263815740559364500928104700687560573174462431061822874249096003756706987397681784813455
37 -2.6011534474491069818488077171576035653196416781044052875336991011896293285861002166402095997504117187596960038407478759930874
38 -2.6097870604850403165920426159754458778912962492190905115236832584189149652233683101227577158748133377303235636914697274223156
39 -2.6167767152027135845894112242180907523719581408827540065714943628972682451463115122617947216350057818047663220347350315870174
40 -2.62239785236419921480331137345425387705722352340656822041148591237397825398638929079272728039838052866080821688047362422669
41 -2.6268781759560784683656611458257479516439837401844851615917734841151144138302570604475728644799986565761126973992403547775949
42 -2.6304063920897623730513165282910800612468624344156064641372634938209108701044101157830942401318314421968973423881964867490239
43 -2.6331392683873622410308440952466414141376874765721097672112457994929872583475389687819068280019676620715309504624338138266011
44 -2.6352073471179748872725872166344381506776153606840486534810269771770847725316588801963503327023504003728944294774803443213096
45 -2.6367195789466824363226549757614596793420863687827868870142585248832414028913458469466758559734563011019433878328437477327978
46 -2.6377670903518228398315016476703212304387944084729242363040847580293724477622970005618179338823728330963874937803846547844358
47 -2.6384262545911906106072510886065717688022386489873328891568956055758955440052573275429143769832696865130070541625554825815927
48 -2.6387612016604477399942855550391584493960844514803791499185145076026796092497253527867847119271845171893778054196593169129709
49 -2.6388258753127332662944332250799749665394087821352470109410421513991866995393649364695349377035357184299221956336416527528809
50 -2.6386657234847047048942508483349333178574687784560325007559861207128353998491182057231646339829269325057604210249083502446926
51 -2.6383190912418353815363710869206737162572990190272299801410423979691812782668213148562758066468040968588250616817397404027897
52 -2.6378183716796621421567108867206006832381994784204012742759897891890385950452389909297372580756306251380631714739347539449562
53 -2.6371909593517490473208800955973489040825948091274809089682722194332657701310292299458820204586040607362058237475778137474715
54 -2.6364600421482212138329843385744800267659938929315891032928369210516595419402353432681722204160296067348087539314930246590196
55 -2.6356452606543599557018236736435751101649996811532794932179012956385119970957634137140484353324306802156768004093973014973689
56 -2.634763258509740011214526236961616216481189302735181923716235718986623015432078124385181646905513169551156413003065077535481
57 -2.6338281428759802864379437684644374804659654302319285296982505252823696354611657167880089430594184652026576107331775709667419
58 -2.6328518705783209082324033716121213353758867598231243973281856351842624220006467233346818045255068614084732875856970991152349
59 -2.631844572634283292549674208728233622671095697425556900107336440695178262325003118304972883859166524693409220880928609529819
60 -2.6308148275808877716195128277222371289890385631935202397510082428298783195911373673588252783025118402480521019288118985265709
61 -2.6297698921492641849130129848910595141572175212128740577252172013538330176937412085135837016656519709810373030608259195670502
62 -2.6287158963242320944408130358371884325596754185210629369114643791639556213159695997764035804693865649538690360362100484117388
63 -2.6276580085970347042943512117201269687904338378955127191126563976638405598550886116226889661800487230403086292460904008206172
64 -2.6266005762167011733328803471795808785619021514410282168749688190062159577487230829083882285946780079764518263717712810042865
65 -2.6255472444255768255948757250486471805555597703028473081590121760660047754740261143600020044428096779971736605073575283051064
66 -2.6245010579923768044904037902299227977452254800176438753923627628792574187056262427679494171600136242118210520525006828338764
67 -2.6234645478036815328918441746877535818021268123248732060604960311463992576068691158440852550967429294038546203961041948717076
68 -2.6224398048196533578663999402016253339600346256985923795654925146397313881976134455712856740287149131082814158893232534517049
69 -2.6214285433238726508224672314452493028817448171022341650428713461570522791808347157812776192081670600370922384235987967317743
70 -2.6204321550860340968735094132571297259657113021710788098659843717344972524275243862657026398515589365014654418970578171215636
71 -2.6194517557980708571275853570759042174145198197684258804751769616733879011886315869201304367762049948116963810465006929570843
72 -2.6184882249295806307502843478562591450529687210547546018952739245192799985088728963570261104431401905192838102582056054899141
73 -2.6175422399694981286268898512169193272883812920335435818608717225454141003323569274447835751701993173855642759416098916883465
74 -2.6166143058715153723512493923691636488597767237302559968369641335276260540539644195890811774122750303892797601806474077680381
75 -2.6157047803956742175066594549538004366249648175777009242561623875760439706477635305995835333642088064086108143929237314849315
76 -2.614813895933658350176300157016166755852985582426486071939055409547931963444894798638091271873240647681183636636984026409147
77 -2.6139417783171642308995269795339789194134861182171468576424063399716524701545088710714433109193272740816104150418949581634538
78 -2.6130884630345144378080153893818377623833650925473854033661370800221059542978909863972009646532157372559847298285041375727287
79 -2.6122539092180731465616549537342143573441613707297240483758978502288666789853501893561330875290723433780752540531037558064794
80 -2.6114380117121185274229029252242634154344142385012513407526892293595786727596728708732979063263069655522154829640828782523659
81 -2.6106406114860385438277586731631201195554200499404033549460016798721200014385012318069365791496669473399467853561644509460921
82 -2.6098615046197341844402170581341099207404646784289863457309746911696851545483329077532465844463915110693919167259787379318296
83 -2.6091004500558492492004259725039941222199701450400656760671969018101826194385172565768233619238003486675600367688967980660373
84 -2.6083571762859930490926715240728250966514092768937136002306221177071137008474510158982123128008621528099909206260625017632675
85 -2.6076313871147270568886476700163260980129563107786830024953445039002818564750092368030349019380785624849228865679118962419735
86 -2.6069227666251183321189912230727010556794967781639258328264255973456450709119662406549175033074145789052724168617284477140658
87 -2.606230983452593994067478518491951392687312752718443945982507634196593016738313114499741509922432008254261666543548760780689
88 -2.6055556944592199626711803645361617279051735623124158528917825026324247909618369590784315051863399979482271758753468094059176
89 -2.6048965478880022769429325906726199146417408136022383399670642256603975889514373454086941078741349340894897155161982059040619
90 -2.6042531860660581055352390550186059970812415871311592483315191078422183510980646363241392021183540757706854297702009690780247
91 -2.6036252477162627757054010283139994542073847783221053866940477594473830721141234224158842052234116834418581657923975954762065
92 -2.6030123699290264791773114329921344668707439758811892605948932816432307734112889139560667045548456914940962217898418555438074
93 -2.6024141898390018022061179530497122702730750697087756815972923151523661362652687321823372730899385961048011840489809798257797
94 -2.6018303460456116751460424281696185891533515672064465078581001733388286095949758922059728706648585782877702005825448960490257
95 -2.6012604798111816987120362318276955071176401706109211049661692311685738487339118990017066464498010556054095481721487268315846
96 -2.6007042360660463467295064554673935593623948375426012883876859578899495481463706977469893425232971214674288824727945037372796
97 -2.6001612642461776462038231429837184117310709963179905522592119742370141191330054720314055480829285208316180510808170975870369
98 -2.5996312189855744102872016875004297715380858744682081889983791112860526628726105171606816234689492229616155284013366219754926
99 -2.5991137606827789646246812549049719626205560666580475515522225904274028136230945164388810736489310566458134920300974173248382
100 -2.5986085559583959062632324016614539307927368728240968162605392920004423555532748829515259188230045946259048130311618995529429
