4 -0.8395781496810752472946623191608985312160382953742949875342532289043451265613369779554450759150884293105813575383446843812908
5 0.4733618394857164755150565704139892212555887293304975740554444998555469412793651407694018479853859745168468929932957641520267
6 0.3452068954512419348355723974903177600465449838616495547794766448803019798290080287566026470000116097790422066281110532646522
7 0.06015318549653634971588304651733213027513416919758669612402340337367294611541732907403003728958721925053231347067960475698511
8 0.5190681586560957140920952349394400494331846359370911496066688851528040735999996030572801465271248266325787961867923216439499
9 0.5965826683835808178428531119579480302405712291984956436821663541044316116884485171660034588151550116512587330281775571117164
10 1.915530380400664530663557321532708145005100277613519890588749128311083946476622532591824703343962419265697120877592902247077
11 1.5576038635174227488090587239751327190121141993198613259887812880640069006365606518692763484449869225805026851640967982127
12 3.870223565589472216771011439463291615266585872708171875835028588718375642967408688435094855417828365374327218349890905432201
13 1.312526407977335471717742876840586951045534862510133292179758269870004435706545691736457943907698507145228831183471222972301
14 -0.8711379977513819238425269080645240110359731047276354932538582789176136756488409763989721118152201286466887039667536450532044
15 -1.820763033436641742470151206405012468653513448054435854130195312551264872819158855117444239634161524043865871749365401864792
16 -1.987777380898709092490025690645088584690452745169643499705113504244573057552886948548137393642625119118339886165513415652938
17 -1.80906874730232731300905535296532862377016199429205155245635948022703177001675257126720483983627986016310082900333653174313
18 -1.526869230949444728369288187119290585318890910752937179626086785742926890086862266418302502127560505928898488317710001377494
19 -1.249362438175363826895775856966167949462736232454305053787368748112832694832655394190192119564367413704399141498076721468407
20 -1.015503550013941456764725301016478411037159121069840235996970037947957346105361366941904126731478687625833458854851116773059
21 -0.8331137053171374904030997779421624154894675246897958416013646094747760843421767027748061655920885269465200267536448536246267
22 -0.6977668191519949142843141971310453527551139236887386024285483809435452640210315057669769573671638493490748572381950345363393
23 -0.6013283039411389127279280827713185006380614961905179478388415953671077789009007265461008083851196271109568437534418348764453
24 -0.5354880469653696162084584515664375640079921935394219463794032361213135500021207685306428363533336533285044411265050881831648
25 -0.4930201021819773116624463820750768937619057785366887576631937153300996234566041028899017258266170693953841205200604458375124
26 -0.4680708920881985688607330771125137539480011213879182119398723201620858230757002497935243937859872673021757123109854387147892
27 -0.4560695279032109092488851547471955575468640894226474045648077130788751827580175642584832415218868664513057782750146217140099
28 -0.4535196594663143391100259776108032822977538726123783900600503416014261170495101635791374719757893173593946341194794376918731
29 -0.4577792956878324439499107960031214767098578425417569242731450822015208995958577555968596943843581354873127860621894839302494
30 -0.4668670846079558235483391504469758050852703997134088794720750038515619288890896951443812037558072483255351259003299710894069
31 -0.479304644474639162336925309044787875550775172752755948054895906592922252165186305642153294765954932875310008019380420098001
32 -0.4939932063146136623605405602515858050434428374722060371760061448589813591780751797931017814545853889511546767987343320696727
33 -0.5101191606854659950655365415984711571057463771994753653627736532855706840940210235591491138763638259511064392401494179147782
34 -0.5270825977411779294939497118565329332434508587157868637648197440367738927044149735917876862574696183015591796988080251528945
35 -0.5444435903527000568557346508276461517635600650852289187068168805686750875989710944065092437450996341080524474010672011707699
36 -0.5618819390494129850708868418962474919386358173941634407350625859639201911450032267186767820948597938151320125518415179829948
37 -0.5791670354202268637617737147940081717983273627248055579415984316479893673369154862143072548783878196163088403264707835692004
38 -0.5961352943819638035006883619534002561438058003500121278187095942242251952588492671406871219510382419926646364225675338094023
39 -0.6126732369172550468904960440732788439556926673231972059352930288078320154715722456153001194261137633673491527907352287726426
40 -0.6287047903739555004314942253282639613277920013919508535278830061310252801697939740721815363702736009710519238619609505694674
41 -0.6441817398859814595069892830279124796381719863255522018766610318962495983140687892456704176136154831149903735838908743657331
42 -0.6590765381658336165217688928137362507024724015630635429094979476109503078330217531090700770876642344429309264334586054712874
43 -0.6733768841471877496141337978862146578266875423551526266736912538067058726507273940996789065792176909982931303720174556353802
44 -0.6870816314652475093204351333064472264943514177412457383363931994280164356431887128652470861411945397897471015777129103556608
45 -0.700197699162829592218929886344226537869133792190374325814048244862670375934381764627402943794722240742849327061320702915427
46 -0.7127377395275856066169454487585334213356433386481069040517787721575167859445482135240763579698479983694231580521432803072996
47 -0.7247183791924417801195206076068687340164113465377883898499949538922618703798133463683139299316953561508914996754831088583465
48 -0.7361588951655544961590458818690812974128126899173285738871851719617201110614540775477274090581416297673187399354648532479754
49 -0.7470802214116778071254151088783261121150100067401065666476190458979600464190465438194493750453763213033206670862042544434753
50 -0.7575042070030592120664477941844931110640216136653442840063512732660052001967357569462779764831970111734121350271755895156168
51 -0.767453065911288560514400360998533038217839904397848519209180836235380754364553045315755861990922086353919027568196170950188
52 -0.7769489728511806392803527317245421794863284610661855807076629518326773657763777814476156784612114450614218449139363671650736
53 -0.7860137704138229450832473451889382780905328716883256052996514239666095546744455800211985452644146080618503342262343712177023
54 -0.7946687609245111979480349274960642387145191653079596518905707564001604921741142320609764690690412626319531946368109785806597
55 -0.8029345626886573422065429826340374135420527650551880607696717444817472273584744600942976114652628059357948970697049500458025
56 -0.8108310150323637458236905364024340835488838518966267109865400161741839006036189460791634306819748355331683001368582070324727
57 -0.8183771201675034345075366401657313409486275025620674931080802774472375481581410005173924176009087496670989034672961282092763
58 -0.8255910126854686919988519699341249230658598391694722717337988135058034545368239633329985791572693492548743573332343648427493
59 -0.8324899496130378379338778194154174438318857165721787404408476577664108295705316602776263157145573059128520116135928396787967
60 -0.8390903156014574908958192644218812138772185818935626025031902327576047452207632506957538059222237292311371445782991720204804
61 -0.8454076390816878769226162264652203699892733620397272201085943068253858238518015834414269591236910821939593307191284904742842
62 -0.8514566161925774360323706850725200755415081374722693898491871002359183525464445287168891574053250558563381664085398102464705
63 -0.8572511400412227891259009048377962672548472128289945676393879850634172799284669010182554117033836868989587235998901134574164
64 -0.8628043334367800237515733258769681386754133413909100718505585187149711391798431772940029549867752662220541410332691314682388
65 -0.8681285836894003268593351789310311998866266327640393832250609662958946687360019265882081265192084640800640726786810502155
66 -0.8732355784145747463908328173479921935120383419227439068549703840695455707300627583826581997323384194356032275034457667281089
67 -0.87813634155290440227933815337711372613125557648172560055937229188919732477046508579340110605476849261195357477192880464083
68 -0.8828412690238250574018295221499896183955153084433027360633449275570167260017998520685263367534156683706927531923064891266922
69 -0.8873601635927532443192276265192399979860244561901721324928418770320191201822965155555999768144719222349376561751555751511374
70 -0.8917022686550502726329432487391527312703968444643226538393309498179620606423806828898663114328545097352346295133136200312841
71 -0.8958763007353180938282442199969782556586602675618313213645197559931715544347397470520616685998074833075817606336067505891869
72 -0.8998904805732200156046326139043607591083895343341591742284406134909634587671706213149877907151783076933240978724961822391491
73 -0.9037525627222223827927035996503512977897639983525179395683721170834068239933654267228383350515079530281742202381458786494892
74 -0.907469863629251132367901883788114694297797517353303899504079094074473641745991218621043592113325773831001079758050848381861
75 -0.9110492881942722885814805274955543458743025581581741989843009220281473346496291883010207278400479972657295492624221663931332
76 -0.9144973548316011361214568941952106176636461803198771434905062017206191607479969840110868014362490504290846001864694243662933
77 -0.9178202190711700564992075566922060125080858089836662039069619969306535264925043058887354825870033507328815753618757518175834
78 -0.9210236957494874789180747789475691941397390083056463423304838776851989902754760439497651779450214023615073855399429328354893
79 -0.9241132798477337637425279709362509646660830746650562965810068569870780915621211891561479671477078869977400398888226994337658
80 -0.9270941660392518645087772658174348077440060774794161131906744463108278498286145998131386108053333059617518348282751309458016
81 -0.9299712670112961850349629138394951196018398458087410005215989327584050765700854894398883570477578843764211627459597981043577
82 -0.9327492306268455991612151143954961634323771712038915433759970902177692100587947453472607959453257846985134099860902153505397
83 -0.9354324559919905503505833074309950041841438297096061763841015686604502565104752759128049311641065666018104787157757864769958
84 -0.938025108493200314335311918565357832816201290974503539910917644635055985518234268014089350035120451537584039415542616616914
85 -0.9405311338669220639114385499748072476015494272066062170620115614385067718993968877369754750948537781066427501269664701082515
86 -0.942954271361657542318561921319677521456635056626782590561171205930050557127158943452960522514960362872652426920471404800515
87 -0.9452980660500595531057925283840990994629167542508727894098391304707514609965693104789386331305108947593272789246495294703423
88 -0.9475658803458068704362759272897293769985551217191351162799858513577819236864157637546778753405509355729282818697411017120133
89 -0.9497609047771421437363970659329233371077798849145009797625801684609841822828609435927672560627128043440732533094737455784653
90 -0.9518861680660603768949403197386789640614688336520653221712296741176300738526251048693356186048603542992168678645830435606799
91 -0.9539445465592657408998268746433988620724430911384218388589147790429971297595720543960040489215857647700304425009360577189625
92 -0.9559387730542084250363121117334085616299916521701391280822879618387855437685832830649320608923341616166322712733642423404777
93 -0.9578714450607969916033925641105511245218439728913401024392786253921631359213802725255872672879876926239768054202106044649844
94 -0.9597450325367731334623374870016109594960533107174830644440597203810223007370076761878005845215498752095127590243742241732632
95 -0.9615618851322463855602779397594502835208454000308312671019814340643625687056633865232362804207335289837090872105429444329186
96 -0.9633242389765229093495425075354270344563118732867754602338925367127653615561184489290128695175259646242676110375814189754846
97 -0.9650342230381279682349708835442175070313658446080629644213077783073900643249461090461437504726382816668963257855276225050299
98 -0.9666938650868163893336913648808183644308961630911704344055958727035048468752406661011102713126157803906714480567490306530201
99 -0.9683050972843873571549345267009168030613346599031386750431438866136941155602248681760036013647581260330983055491481966809775
100 -0.969869761429266014214498228086611616496453913134301890747366993802372025870875521508373144728730129258775202440053656915888
