4 -0.0410496374032017839128431666144385951293459328335391606579320795856327380312787853935892497725026089360487908968882106908166710612586063956272162061837
5 -0.317634246405606088133650751310474472719701283514322930994875178535183466518741336932438808534705315295191114761710001759150440266183474713319867820642
6 -0.577350269189625764509148780501957455647601751270126876018602326483977672302933345693715395585749525225208713805135567676656648364999650826270551837356
7 -0.714392372008594866260070916297944292889168593989770401291983286431077473146571870941629660509674920413774283872604583265841603740802556658867118875759
8 -0.760749120148264010452507587286721828814777167946959386875593232543714250690378012414797504053900639606099938651288762893495765201857672371980305908814
9 -0.761980671713613734215256496256716841558181571123802963948834321260008478290772790641142981502552431728164656260782994576478934669086563841097250439977
10 -0.744150299498886335377789152809117568210737429605688253118423668761286977023392208018503157192204492565476532077475326190224470185657709195081568047783
11 -0.719758027405936763637043281009965098333147462333559672923226831615971072053513589571554351277929344457255577692513975169375976674768166683767690147229
12 -0.694408503753288647884861441978709397510002463919453044023572034995017508727589733675095737576519360327488168267876172183453929440174713334749425479197
13 -0.670451723583925018967794130716347390679765105763762221337921770308113123060210264932894885168825412031777211081019787383643152358968166199430413913778
14 -0.648739117861001581493344829026761375073424770034665015824953706873756939972697382976656714619693606487516925909914146489110365119183256782218912651993
15 -0.629447489401365776398278079896766725133129524315125446580051099665944216923190872420372299403272942097371188232820335611325123388325019165412614568441
16 -0.612464130734812125168765897514774347987308114927583102893582178848689733155886662419743538323515570515246986145707684618376479927420471588013046753042
17 -0.597566329254361430387746911236839569085698313293149835967487864839263131004300035499353855224087598517126479708612416915197324762981994856046013322789
18 -0.584503820136672459605193617316108536526696998599991904703142427666294994204351491658170870391921327190177253963765429076240640429986397329851964910492
19 -0.57303509762065889764361827426268359271403812182751667989559234973729988643494548074481336931440673911886101958457357333730879827574960698184008485459
20 -0.562941783644635833473564398653726070984452928250764379735946407081112622126845711384524669960720458684604409912423722599391046680954936605710763165313
21 -0.554032702627449672277575591516235669582195255513747989290045050433311746413130943524701733543378750261652721355264365087967033046530261090155306646576
22 -0.546143314123044817438279811875439600843054536720424186678215070794705680033292921241167598235976058789741040147425159852883805570396477334231689922015
23 -0.539133244119602542793694526752952834074192799894328654162775451087259406751989839441502459848983896322063838149565782150346517724833334407045498343341
24 -0.532883225650379280145676839061080526725693378222250264277550735233063079648186142506813132198509422870408525422318045599002059282706253033786024699906
25 -0.527292052303868324704908977561690380583727272606715690348969357801538288810918921422655973353777225862398754045917475709055212591850365843179997193942
26 -0.522273799282139952157355346063377412287724204349414933900109939534919789701673353535407216275229757481292944158265758413613533190798312392661545357715
27 -0.517755396940623192797421731358908999948573063457311915075658438417571024636912058618280782999943577262806640661332595081906272376037696431208362446978
28 -0.513674562127654010993431255579839074846173170279270930312726337300078709790033645389621749649365992526743243047042714630867115259882747298332133583957
29 -0.509978058177565385844796454316747229024694012618207068363992000930738864884390493693423741180753728648230326858154338536752930913638527248815785106246
30 -0.506620242236335453662362704163494810399202707910913613926845169058272455816267347531463768203093444436070914974813160297625299233724686672006124405536
31 -0.503561857052921949253353808944619264937081994195450271814921892633175131831126334440575263960823281712872391188213717749258751790675509877133473427473
32 -0.500769027529997364682299069112755982936654672071714604696532617992416964083237623982408362420670024307039978787982588333399364082201533773118318588789
33 -0.498212427232287572132979147347000025252057246773971552207908000482246464693184946757811270478366286733110430645371980249901236097629522074545857741882
34 -0.495866585265615409932354449274861435681742222374830116535591421504658394921227606479645255439130348648649224854835428362796518279472843500999197449954
35 -0.493709308817413992854067804103769836639263815297389858455438752623692869235225543194119382014715498031537041266353761531092074490054871577776202648891
36 -0.491721200940010747808987789968240516840661559041017242524913272032910773738205726961295156961410316083075759535078545900464958831109592226321561500213
37 -0.489885256806507513679761130616314971292650739472243954575811461067979963964658053204152202895646264427442429128993690549300622252668341436648538215609
38 -0.488186524710415034569536884888697350616900740904602513693840508891372161116292273298383160370808185878759217774334244117062930336821128651961816957857
39 -0.486611820585003648602783804741449440373471587213070634552463307505596016830193583704471756016843293968847349475627484882315388968472744154171840859597
40 -0.485149486866384706955926294797590992870070107808737417306543200488640897369250233143590375271646492107697693615493798567028549912670246346130791142903
41 -0.483789188192039803633507001872025282447282627437766799578931580150107952527923208485304563030339847214033297061263909383692977486799095580691911775124
42 -0.482521737781742940692163426484733399415581374845687530403616570937462273360698066362143391318370943454779089515636131202562229721552803806390790380534
43 -0.481338949448464206352063265533105326215086202584174450367036743006174864223621065599337678614136695546930371910686144491657567832789474130390180380298
44 -0.480233511081094594695629636619283694586638918039951321223656141188940495641890880501983147394042644810403729659683460747856348950836652392517634682489
45 -0.479198876168212738242817876600589483811563974257182501428048186798465174628765287919939979016010729542882526990654951847791576568023968390621922264977
46 -0.478229170524735206435523205012485995341984224646461420591261750220537164417309395177638791028898265845982751905743263590682054031283352816515513742522
47 -0.477319111867089283623639064059753582503477232276104677674835416883543064277403750505858827913408270388850048365551456160678855946295077865475340350192
48 -0.476463940278400706776727036816195519973569798161910280782156553245658057636533824617087939724196859088853593881500358312034574228922014675052040789785
49 -0.475659357929879387610035395020062938242612828623321871898159163729796206286835518666375805844153551925940137655417592905839677299902417010329443809581
50 -0.474901476691593088872689877564435343325878809973108078938427200336406820256246167121535590287528343713375287101588709683440362886690915614764731783785
51 -0.474186772485973842859365662765756928120503974117391644211215012285545927501772145011671159205794528937308420136054796075769574637443228519047150172978
52 -0.47351204541941683491723408033240923751450069775921988508651910748974515748365763524627349937566888226164159303931287802217534184029067785007461240677
53 -0.472874384878224287477085098978149428792609313828591081539279609127822117860948184031758564857030973301616478420349632455543117333097913037571382602015
54 -0.472271138900580493027311476254882538290313871372510885187596282982297687732358752317703737591849718474248960927818031025558007644166463840790403755715
55 -0.471699887240797487446012010955320936184441640348912651896367752847539039422072389760507863628186845348987231422519933921687312993803760386938505459951
56 -0.471158417629454557315305372314421433976200989326417942872234787457367703878541946310395073665023021110335524605280700350363638075561327225280835179164
57 -0.470644704806282866068768311101332985399447902336342103043290596727240905413337875568588839519447349772288077175050720235294295623140014814377186328867
58 -0.470156891964173125639462106746750329061535052857965383673302385253959603972646439247997207968949531555800668996043755494525499988763605672788950280592
59 -0.469693274294512706309736196304084758380620787779713916057805349754461067365339766963753663039580982508491965141414976439677106520177228235458702394155
60 -0.469252284367828228362579211071847719740915646613871481373242081656434384465127802240088647716439329662648998132995561810088592759589709958969481556125
61 -0.468832479120765487401380502389977706148538389548891082985116509067761901867314398511442836436036422905052240175193193245139570078570366982508997024238
62 -0.46843252825188679348275577156948634606594670718754881702038719602160094762324842429079923213826651049441911197104417858191489662345493075273569537461
63 -0.468051203855518684666860867281249908410498896527418354590291710063935865315794982983881980520676638077276618581358748403380704404438834290037018848108
64 -0.467687371145694640163894229492952582875572877538617585456476487048571144447445590587242540376471792735292267318543396434873681224967981591188640872055
65 -0.467339980141732857716281173210821182866972646034940803060230691899875647540722768636731424295245248959317119255906319224946777718986013273392447752413
66 -0.46700805820368761810876629226399484361408853150584456141554196477099490864731813365588228424547208339315940562539899264867380310705603150039630602487
67 -0.466690703320246677043335105526925570446635233932257035866232067257841176097403381209483797790747878097736214160363712744059162434234121245121040660116
68 -0.466387078063977513299927959182868910246047719307684340413172598232634918913879163629921441676289406905154763076024783067632513965750905595206112314375
69 -0.466096404139454215924953804434811987946534937574838476735593184722935843433650935803145087342566344242167022492329652215854415814896555073152681049414
70 -0.465817957458977689698237246580056111415509524514134196974324901565082699712277238321886841906041878539889696083736977731222901792743319751258784009129
71 -0.465551063688547698878155808002920869458736447818772056085935702445396417258267325363804474951658698677914529194152489934377835112027784241642631813985
72 -0.46529509421363551405012181395695897670159908920223582799425416863879444050247021384922401714466698936266844855250167314318784624263366824097836274785
73 -0.465049462480292107334568510552534262111983201265281132930784445406574934547512945198676483434097349126145670675774071948567178192641308312029237524965
74 -0.464813620672337181840313256290347315663831103127239726792714606334435992790480404365341127436385450611108834808586065459579259532116413724630350136186
75 -0.464587056689917553138241061530237508626387394950909649395826822299406666160219572312114148303341378296458577456763375651206780271064202549266859634097
76 -0.464369291398691915048689915617820831616761672139929389675073138564236230810056859121419387983347944458031148698452689279545348463063357359341968921748
77 -0.464159876122371485059358935652976320329500432746257473980196133633156208976008182803647375445444038136242440486362747397906808939711830977900704472858
78 -0.463958390354389548266343006610085327858686425098813325512713406843264047219006139955435603540377567185743765880051643685466920770124529165736293678072
79 -0.463764439667144869040478931332236337492970174856879702584724060824983076535053340865291254576148568782065479710656588418129060889342576119762178174035
80 -0.463577653799613445363704112641502655757190226998791051093253461526340359947259110609586268440633770427266172595576928946990616587983220189026476227866
81 -0.463397684906192294258024067665580367246111432920394027426011665318480335388698650275687959636492188306787374506303372918336034130030188708229587568035
82 -0.463224205951464110354703675223900222563668176913662423737779726341800301971517763691289857528788541337381720647248440229720897362122123313188643252972
83 -0.463056909237183932851581028513104745145380333450839894521996542051845280535378271947151202213325417341705966528152661803708966297022665603401358929806
84 -0.462895505049215301341014901219943507762390417583169823747662310670225595481754077445775649623004686583986429577126500512205983923278926617548273168694
85 -0.462739720413407032479211321391260269401293296491222341490347415546151729750041184812786237375599879914265997263958195050014569105906685785806502851804
86 -0.462589297950522834087958333752560692202112820875923419746776850950129148451271712641054982449519965914931474529395096364830090996637574700632981547244
87 -0.46244399482133193970399472390789022902154090867105771663956769324174044215767747784251384822272362867166891583284998920956749183862826046290174592766
88 -0.462303581753854945948551634366790029132237440951880782250968395286450289866260524381335121611687215222200917904711058818794509867046988353416231672791
89 -0.462167842145548244182863686124898881587421977449255035099173470102990043773862124854089495776404021978223301626350152231850298472805458425076678710669
90 -0.462036571233914334147277147842538307061468840497329910211702133881646608000371259138558924961168425173210105734461601725701402793762435840541843253295
91 -0.461909575329653902913135198190793043962889350269567647762087505997512206494997519253883915103309048570636290520518027163188919493071993260288600568308
92 -0.461786671107037594576000740704620914496887961843886997385705318967416693598443661261789674433921879333301489818420673316205078628444529919124096782258
93 -0.461667684946678537510963565964864550409574794931261248233077655067578098975030206706375814687222836996360542218707840255406186342144423455477903051264
94 -0.461552452326337641675466516653730097654976576341279323840632549046982915394229270543038229245076409181771143843748503306387844917438250424228483607909
95 -0.461440817255798311091349239108367293890630461888482026588155983811382149817696012512308061997965171669981683577657510662966271479816023892719534725123
96 -0.461332631752210704588278573672654726884659308741843522239697501368412583447092415227187332542403502013224381537408349746311430514537650947596450626599
97 -0.461227755352632567911750110213486828146211438202206715074978113161755998199472045257970716470096542560737206306599911481565695722940494591866071660543
98 -0.461126054660787957599236935732758056494467012736584713330053284587847367985788558195182452901147326325229815237277009328910019639529221499057021956757
99 -0.461027402925330414303552752249704771430715276258199327618671128793270267315001984657410200032915502227291118347672253108183024984260625284869132668825
100 -0.460931679647136440353431592677363698013091227253341484607034896402877164462256464941386545262463039638051064132944490186360016171498038129549876419144
