4 0.0302441246683388316027158838231913375314890636056370097782943129899296230937145792898113909740969199758591552630011375444355
5 -0.555416653639267102113290527157768528851834085028330192936878578745146022438685998471656089981550740591531718699366355926566
6 1.06305494514313199971908019449043019530939549700547681886055201538279080293663038101764236828742646962860223913427627743509
7 -2.12574073948545015520563185576865249434577483654379049168224656015785752753190367698951784090483795170283119696868796945877
8 -0.188197351206257443773089269602625436718986803430060102991166005654482160451401973084625573589131150858234763579790634456571
9 1.53891307150026600064946132825781288714298509699773179337069912751132446010169011407174000497370433071076412039200612917684
10 0.421366596730255240591884523918865273070711270474159324075133942199868800852898363307586927534391572341380328540746249806318
11 1.68391169093336607362839581078282491344748585775620896835602970163754165164839115252373213872733853992452426760317465771563
12 0.13385015219072653524853781176414677492002753598364372577969268663127260872603778709107613215016284154665874156284150270745
13 3.03146607099536411687553577184704486603346495589957533385226512456324661962346921997957777649859140673017894576068728346054
14 4.16812532362450812337470917477346070822914226529804469929256337397388290665988074924592414713676025582557817295829213470755
15 3.74802297484003769405497775771524487775573299627583452341809817311599210092109930563803662419401105626746348249610498300391
16 2.77984657211351596958815073196900253007182933851400092118204852099492349733166665726244846902735235720283715866618227800765
17 1.80474717426667878920033105264403601737103981552297661387558319749488045704823255478585546618730034932967920042416105714262
18 1.0070251221170534936228474223416975118383572896887099329382768826485939973510314762394345471876498124648368695942551421758
19 0.41092938266086986936259549832485946918113625133772973763824426396338560569414507472343818099800231060767407383311128936379
20 -0.0133900364770019760791061769470571409785017841034123398568345032050415667397177571600892705894613730167853684552613063748288
21 -0.306127626858885282289176648369750799437059940927441815473250072845308940690137158893402821175676403429568446177447595761804
22 -0.502978165471702595416505931570624753063137226635456338494377925301244868620084121464368729239549122187676594100309370614614
23 -0.631747093816465328703537500564517715556943093042421348104351198283287556090883920170188675928453818325114085601371192366045
24 -0.712881829351322332020719613182836558798837841387845777395315203121433764325837893677559908654728671768746870832402642619711
25 -0.761000966742213650245019628081431405780287478074039899406284852112330501878883622215680010208135794731395444763850702099024
26 -0.78640944570824950220096826170304573627017026757678878235070474804151685991963975269975988480823144967806949828970658382312
27 -0.79632200034542739788051853958240297238948361716800311338870619887323669549473851332588870681315848966149271891928192804618
28 -0.795774511803508378885146466205400907581496048027800994705048852952551537026731010498942070018631405594388538988138013312755
29 -0.788277599948630354269484979412532590977366575926923366361531651388447159007484481402811448779396521162145758053742247037899
30 -0.776276718657431428053501096889165215554356775194175530836621374813658256618762470594096788546678568217033572437071786601899
31 -0.761473278596416381112613207586313485258693460462949972491937047596756184077029911683490572213255219343355882264985674910567
32 -0.745048113176280092228216071558783233944274620042440861835165566457716244160178141500186243718184390849837146289026896002799
33 -0.727817030095313406727076784877714609272598039518578177585660954739683741318611245550640554637304986063712547979159175477146
34 -0.710339321361853767923959127416900759508264217367416866944262925027710371160225100349323267014906948798161903114690414512589
35 -0.692993698086570276337961414272291177439638092970080917116798944708622367713744421945395107784876144324820481314093122275825
36 -0.676031622952930116225834160731639678471233184154230348686046072530453526409473572298129770188308269351204986337902215487943
37 -0.659614908138843242062698966806633938605380560462880560661032871807792994031892640011121318664330566873179465426625139129459
38 -0.643842315199919933804956060631228765772533762009203802219076406899072964969152186805425639205664511859622974253167135421246
39 -0.628768433612051542336194070208238470945299459358688249470236406202147130401941515983196027619825138813866833634656236385939
40 -0.614417113930844562768174524129223322649967437876235978406397569285532524852581700614346984453826730280165836979539030959856
41 -0.600791043668907120371554563731827567600889313203444487645627041092582393568896246965075621006514920751270511122164417853423
42 -0.587878579400628701289356937021970129932467536075271926547157518372540915536117696137805655692397082344447494314144851544823
43 -0.575658619685698896272515740101345560380314067209611111561996008691802462759745383025749764032945696168818322430391983247454
44 -0.564104074329153938041167929511501304911149574551945310866398634245054445142959714168442309550565637933010941828092532408447
45 -0.553184325148091609515587110322309910245906064221341812020579135080074897004522590050902702066286074833347248072036115974487
46 -0.542866960598897291874538345202729342322052468356618204361106472475188294969357146642725923677509009518669127877748090627298
47 -0.533118986841867182346836569382003897443518610555760270417694548871006658591001302106779862148561690439902905558794989758215
48 -0.52390766112822416441270045773915123221999657494190787005940686227507469591964258520141692507026164723192699234062456966223
49 -0.515201052916596555920350315726831167387518452284775347880313489688397392249165004991448790668157101245630650486060206931585
50 -0.506968409094819892052980491390143161377401063631784104630273444988590381568797860977454361886081220039641319079659594127049
51 -0.499180378773572540016085752571450364268959350912749612731113583487009708553128719626360282699606363556532673452917655242312
52 -0.491809137999870249685650261465039786952625851497555952820722315559929731448043749852443365687973949681335762361606676587668
53 -0.484828443768156088269736509647681197642426531823624955014806330787885304374175863813410069643150064604832500451860866559846
54 -0.478213638721174501560381301076568218483034163250463057616316205222907742145899400131703960897362141567711512825830816432538
55 -0.471941622103911960546557478412068633866496774524203977126363504782179931822713556061628448499766120309351472721623667907244
56 -0.465990798269413285559012662528749414927429551065028729789834139272000646426585227202410003487767903570210128855540373997834
57 -0.460341010909795934062205410464737255208315152705654724513286848208446231913108937111544849515473165749172582998790440741174
58 -0.454973468892308461983870267577342068286533858522713664322009561716795807655233579734419161825353185426597554626127169074925
59 -0.449870667896402317823496455557338351118866529660713012068464193514553887988956584961586377415070740381339447874358752222427
60 -0.445016310811735709877557085897245906619400132010997277502824468563431405583419003864506182675928253957900069327451813866488
61 -0.440395228950707643041424757463465267915052667851456733039180840094758783233354474570043355134053894419065478166793817567624
62 -0.435993305466023055637076564224137272244092276370525449087655226980167695738150137888948362796431214585102685569933651083157
63 -0.431797401880351761337380495412820618973440200247825984487386730680957870304935575148633135587617549898580741741540346960222
64 -0.427795288284524777200473733799047311603321808815859586746947150427556772465051421583614505847913377575645619179562758862629
65 -0.423975577508308346548271263449271854213066020991451131987179958881489060015339925230904765323830610715093513431578027520685
66 -0.420327663387988639990053231061173781904048533079108730578356558867315548973408953207772761987229432551150278802535513835361
67 -0.416841663128784788628769644613980241588732460728270348618856273520106956996207651900764558962876263509481233077231166332991
68 -0.413508363673367376233858450547534384364153574319863286317717349228729894754064334207474487448765017769354189167090049865037
69 -0.410319171929995815756275727412882360468757252961431157720777759366918023327920320365626273013593250535975901852170913518779
70 -0.407266068677190141362103997476859827598995615530050817890273207384790138267945909632437566318045372173636340402626880652853
71 -0.404341565940608757366752094265252117912309409861255946295181751381840059006394251611210400820785714488166072382639243116009
72 -0.401538667627591801459003881712115186666570759913515651811242690908372890048153102426937874345942445455985150900022180123546
73 -0.398850833202440591659512903025571738054333887074965587161902153939393263606431227234427073318002865976189333158579866378815
74 -0.396271944188559114324694315428255796956817972765201037267214668281865610893704265494498256573649999359141563576951359165018
75 -0.393796273290327511058859768696001280854113454533471106992170865033192600491172031752532039010277584783225045109671561563976
76 -0.391418455936719163264285996015603392744598127599333627099839901960835472090629851871790138178367319514139142389612110317977
77 -0.389133464059269470227334027822658461590378253034002327951259451603620305951407788352414619265627512997613622527662835356158
78 -0.386936581928373203222469984416753523248560010361239276947779820246157712642586466975378097475036626249994988750915825213417
79 -0.384823383883540081343978695357333310962950056262845361188501541745221289188069040621859771235877811656119223297636493132258
80 -0.382789713804831333066323275944824310546259008505086242736731785568796286563536052626328394141500329375267517791021776074087
81 -0.380831666183997289031905466306530726499171591801155385395162620828507229932893155845041182141542656326537169419014645789927
82 -0.378945568664680716318939061506103039144810279772125053413391017217568581001538207277737689926124197351518540289385526506041
83 -0.377127965931344223316032325586358069665244889807766185101035971470038329492957658086893448619436452935819702977125321100355
84 -0.375375604836266740334902197025418776805565533359304540984362345564732857706680556434097513104801116000844545935168227265787
85 -0.373685420663008585357931876639467692606419059554812009375893331801023561354072016624517943078023180693606276113595383698161
86 -0.372054524433163517435347424852556841791358947449438558320106597417014956424247791978758634008470990323969490773446173888115
87 -0.370480191171011188186138502380927158207825398989558642984283956193847637816691927578612779418269297649849011989084698380196
88 -0.368959849047876494581906353936735587902760320334686830807820839677993821429934300036981040291757311486486542019000949736889
89 -0.367491069334622091698154009805232328063972977923656315150231591291746016544993861992337110080872246806735502358101234933101
90 -0.366071557096779261993549917816326489299413309562945776002288912349080705151268651135878625270408921666353244442033764210735
91 -0.364699142572394982886790354181708896120784151035005643854513216437310800349009118123291702339936404409414606928676841669495
92 -0.363371773177774529844659879238015396757879264778956160477103763510218136406991279523140470119592383004743509717339678759377
93 -0.3620875060909640825113901512227616384632573729320814504303746714071369262743422594705575916839593353526603532788835588929
94 -0.360844501367080323698555806544803101791271260654408057889996692935489114757885969631736085710614550211043031232234071365767
95 -0.359641015543486223494817837550440829915118505434376364316117884530478914339903815456106777356936641766872363014954375021967
96 -0.358475395696364629262777973366703096234362584437176947404590006448091721581890561313147841802002183120434867816490829705298
97 -0.357346073913482589982784329238364258332505515712418807003806971046807058727075906181163865464912381896257993413676685242858
98 -0.356251562150896228724324972562693940792097992367598027767182266911231467610119397321938162275924761291729240556704017092587
99 -0.355190447444043184857648375008905176548342399685067857934245606299305752366059109521887566752052053216894481114074703967017
100 -0.354161387446130014134161158401730136812729411143191912341844023576338397907366957777253718801946039091525098173358488960757
