4 1.2272761307849312006531653324062386769711630257268367230243002123737369511288972103010163558182880089190132123797350452444
5 0.62827172884560671698740629315628560437895752871179742325582078165841596212721140811960582683490264039840220026257053414911
6 -1.3969104072318567782118884404408131535978578170535722201534308094048223779484769960954792891837747048566505548650482754954
7 0.36130748642703934803925021163150555837624343604734785894393427670742494700386358261389089757717474262311500108498103765137
8 -1.3713196775865718015599715542544902946702469217449300903252396355979666261399309777576679209946062394322268626515305432251
9 -1.5772658797916673999726571139626480053863524376639209919208664256572907329558093721512873230846069078711198359987024787054
10 0.99702645565002881605116569151425249015713032031632135809219154041177686574270778633750539360621155426191969110046991314276
11 0.015906581419588586809443090461457584962608030917006113653917598209161244765099952176576965795522551977937707473510208747585
12 1.924492042001869580750799517945258450993521108717455008259625059174196757936589187437994705411828952137170374480308702654
13 -0.5204245779815455509136698841564019045785639008439401633209037433382738351044074658677685343054115082734994921006112648788
14 -0.3714661936215326360059471281371718148318066818711360899638514928120805464396856708763771387832058127375890806666472070662
15 1.0041170648330254127955162033802669739371834594212893700741440585796812263933489440968533945420223026428629072835234364405
16 2.3351350243057019506121017710790371874740992312775372951149912677663318233555234284264813617066172816017168546122142859937
17 3.2398224172985581507952947058449853921218817203272463399752827873728587575983276868928430116751436673818179891408873512295
18 3.7334454744330306958825680103539001109781940212692267169336302373475246926877093584924444339952020598587041175870894168827
19 3.930379168649594847341005299013268172445180919566301419262221909565820564655295452464882486137442861480605595021514191785
20 3.9390463102146084318040844417462502648857235837255397456207947174275097636934282483694120421145710124814175030459542460378
21 3.8384490862171632707763704412977630758281635874587983721889956975903518660426277421478497330022257478168051208108789085209
22 3.6803620612887786090160190021049936435504231288266079512607061026608708325229137135916214322450755141642213524667056260848
23 3.4967811903845790122916936947753392873734769821916713836819514005410208567774393695427989679736150512597436579516590871963
24 3.3066312316048364681289295932542638002760511889409669910740248552693993026918003824704158721930012292270924972555492430807
25 3.1206003528548957383419083969335330675006314874159405099935447011496257616860663611029254697539433901493028024344254554087
26 2.9443357454255197838747128152918677880695904638376143537588634232060194335595426971864014141170043861327241979249359578063
27 2.7804693962614653375343834363715621479723675061846619652418147971241870486282037961593985897205225442541587629214018783714
28 2.629873187812308488675396728858083467090789507140341523778766031355463319027609390398246038683447541026289400040862980112
29 2.4924252214224308299838899254865001625091941219471363879229854398812818902776392720463386878079012164543263036587231300242
30 2.3674721487650654513813438143457754586199717610574851725302232334817784188562672648571599517794786490996319915311855888109
31 2.2541044563143940925321646161735207779954002632164849060428931315950878263591931620018546271481109021413520080971243334517
32 2.1513174347141093262565319134315222613469287339168607935433340926431539265271398348920705658473285403320336020718008038406
33 2.0581026795508546598669526939486170204022083251484013895022777668719621977322815640602875785478172993870414435333209436248
34 1.9734976610798537979262135983969460354619126457046804784454367418969361076368795941438471799532948110165427006523945872403
35 1.8966102347596289293649322085421085082562765300736617997867564026560402179306815182167020469941862149118487096712834122735
36 1.8266284101535057541055373604834554836942497290637918969716268873962971361045388143912004753175378334975730946935514634869
37 1.7628216695339396038908382510877351306738244842155751027690625905600940179898014067920869659434622310824988316207351363424
38 1.7045376529208475872331433171438995122965187410660758472045014491113537653313321970265778707344779189672567753499284219465
39 1.6511965046086961273115978055626077683731651160845460596914305417489553459207250628952209365372785571943968095415885803143
40 1.6022842409053869410036430018868917014603746515990256806411732267249395217510561512373687460407696822729981202642615074747
41 1.5573459250739630321817525376785335869291082816265217052135237045154421097510273918060242599767894978955240119026915674261
42 1.5159790851839538789094881100424360314600304687095488156450809647950256097827361970725988901876009046220056726582879204239
43 1.4778275985420096568122151772490495672741119450717780413280551109405113949592909309685459053330825780517307056406843351442
44 1.4425761398600791753597018599861602628353996436857816036894277646624954073694871391970882693728710763000731283816742599975
45 1.4099452166120414220969476067785296758738728508186516756765270104227518559200199975307353723277695240161015563672101149974
46 1.3796867737705460894384834292025876425196232930910313044508096474988458429695518770499431333880254010191654250986733701482
47 1.3515803286258985943562067409239900973631614540936060912773509733988897286641572977502928308585583150897276986949780465219
48 1.3254295867726499539122314929528151726298176396478545195669470010607811691381413735134190314893810342296564774574319666254
49 1.3010594877012838837509388339462353764125315821666342603150612171854136214404902147754402803195381009274404052538087284368
50 1.2783136297187573954648031194457707027369427180452716964400153481397840937904668190452841577975579467913846696742284287639
51 1.2570520272834093032236755808629199073538749333674680463422954398797047467411910769993549910711495792708520258589114099796
52 1.2371491581533614920953272733945573121784323965489046799041743061133884576679554550579695016751033117444916055142494978399
53 1.2184922623493149754794536309149410296611592681074972588662737136349743725697813533126458507548400160091517271189725515576
54 1.2009798594448578945303457538023990062257689639188901570081503276021613214446826721679020514065078830157303732683173315336
55 1.184520454918580620821527145010002348141733531333783121572200343201038031670191801587282726943375897994229418757146728409
56 1.1690314101380680542638782574442369221931635481178620769223707187463243927736977072184689928249038573596838381507281194526
57 1.1544379539654964446758008153011128979401735950631822855172878383233193577994930210947742715485077664811856139510221767594
58 1.1406723169838726790351000101614348193101112367612029256033143907821647346848378439342253989476223128095018494530559899483
59 1.1276729719673452969850908932058742216740294115239834429438857240368706426320934157282575059990444517798162037489998808615
60 1.1153839664932922926842968653442477643531723453538088654986904301611112682726354752524459033551685881566448448884747285481
61 1.1037543355560886209526882209609011127122323709942377768484514136664053184673093625295634410855606560423882212305051503992
62 1.0927375837303036457057389121686658766738628919558111818346290064679520204719524556346257382652830550061892402277096664333
63 1.0822912278800661217788758244046444159230879462608007782762486120607462460907220885175848916435333180582938625482425482961
64 1.0723763926537814058399699209967293692832112705398762472353956968279946626258708667615313498887957386245188383355497170355
65 1.0629574520681034017772706801734973033313262372838388919933381761030850516488199724219756711416565263985448574223724504318
66 1.0540017113973625373237595484599357158260048442749537679067768863432205052083431204533108765767879671676754894440805544528
67 1.0454791243665381818925193873758399689508965820258200419286144450918227094400576028389335894338567126057286015415842226862
68 1.0373620413163347814130880676630224362591558340117436191752988860021756033097032388236431890774357766381379790141269611323
69 1.0296249845842852943487367609065230353809158513386026205650826827015554176561055330887454877661523342706127724937260624561
70 1.0222444478400145882043637171795400593543929624816440721785285024961550264340841691562275850964485701088860137313314356485
71 1.0151987165377520947194781059565496578279578191490427470750409102920136079021945018810420342680321864096913274299946115111
72 1.0084677070150244558048895111237138361150420291220533028664882572075860185435371103651269465980768760152977695984748529382
73 1.0020328220818092269710663930483200194026905471398504561865202012120134275152148368347670857134759174414551948387330657717
74 0.99587682121662253904914962931506976774718775646118829828722362460577741771617177838752598906562692541186396758398848377762
75 0.989983703721280396962827438557765843190713812541798209470671339713944559689936693921811438619304766825405815622423183067
76 0.98433860338971489048988229012639372657848996312208980906163372781006267287163568618242270510546687961108738741798200251299
77 0.97892769342275099701117478112564136957113917757648793128808710849450401421305458243121607794792044044597184874812091810244
78 0.97373810047399368548181753210271301524649173119331770691330200174830066240763035580711501146607910543396543697202310156127
79 0.96875782684520683491746853790984918228191993178571754330397451488511275808907492516907524274518578449531821704807525955339
80 0.96397567996557140660516562870246538680371348801274112293015195396348665393828008010987957123375836693177131466018576079283
81 0.95938120839036838816112836696532380688149649102230062366109707664635187521404911573605526105059361739782128900837904829454
82 0.95496464364297408751721743741622311684194205346019797070153047218314090689798126406459157460588706152715546432799083140132
83 0.95071684730131949165105165515290231050760034320173542435580902796210953421667908218842756230240935795682606223867929850239
84 0.94662926279764029954624639712748339740092665430164206810397225446099585048824171512129271722385702236868548956049017540708
85 0.94269387145970659385276827700369843083783743632575719402737229170512202094570168485921643437052817963108340986770498871922
86 0.93890315237386728796590265538206141607853793315787519558966252694302212879649255652278244895497570867003476618465640183423
87 0.93525004569611723087631375334869044606651815882338631746756293919028526926044131199048901403738758695118138473131056515219
88 0.93172791907780595336790264869676720354373683148410241655579716189377657197789732784361188975335414022437999654926156719132
89 0.92833053690825646306285941030046228569100207997911761980842990939562628347655686738385868507611597537198753244382248005168
90 0.92505203210805463163866649133576103638640710904751490872830287121765977764574502668177576545671274068584567232609524395916
91 0.92188688023462715147729196706976861876280335119822216737444334254292054723106718002046591226077623457252952216169158500275
92 0.9188298756864012528084736842028526106788318564400114173669337638875060124452643858520111987410952993817971293128454131321
93 0.91587610981372468975356193426875046430745209426843184831027854165931194871558454030979833964355180553065064366663753962758
94 0.91302095076416055671503152344803140568552953654792290556993942828132144016691058235777998605921849643141855156588343980922
95 0.91026002490705444152873981602372542415129783511321650418909947017010666324999026960832563639139202070800269678614980252959
96 0.90758919969765909613457675044099440909061805863478816969927764073132801224212545288707841546478949388415532850397849616592
97 0.90500456785481898834168598854278135467680308890336035028422130679784997784822889936006813961829509700119056022431109004895
98 0.90250243273846001052881588401855307404635017143554366144828880604535843550150207038150849358112751200090567587294158338008
99 0.90007929482406978031852785495505504655973224612960250446841353998744326628360247867231035904102279249301549791792702895778
100 0.89773183918114149446452779370699089361244517048346348447226421859932195786539140579807092056957611871264889508458333714227
