4 0.73701282300019600697899307888768680267325730749832522706286660275692142142581580324227466536022494912332494005913787765
5 -0.058077624435843951576140031296716234690045621244873155912271807282418534775059520100796460184632642355784798813612805064
6 0.97147316683817605972543844414951848603466100921005429301650729332413048346757013208998125148275903235517009507800702041
7 -0.72500881002028488399424298565356036643038814660650751528109021144363924929729801811164146879361736248557835422430759287
8 1.1562042932363462010314783200187201503026822102052151388313451556982217735620482735668624125357427321163330286088290273
9 1.5012782742366915041246362051858080278856582174287689385979054754294221785470739934129416456229975253821641294194491522
10 -0.2968511964712854118848066208777267564223736718689521284042142866469611175576373803849010814364003241810825156895236611
11 -0.38983547207850528158345984684224260209981790865419775234682794885839519336546172862406408487972023435647002250003805827
12 -2.8933813555933374969193054154211606144705599120919179307224252427866832812363546796032557137895160613580650910447058498
13 -0.46280879323381472819097306507110894060935046497879332091638937236476938216579600153900075320529120878043328248733706113
14 -2.0860503921474049782173930353923917594670925467744295917465833139221089913416969338716773538270551107573865655122077362
15 -2.9334220085590269591747462245734317077191654014900847901409941744643607366352544435770077678978400131417470252729253317
16 -2.5863969721314467562831429158189009806636289538016937317554799790754073215401453633173300570690383703836255838323778298
17 -1.7503397048133160058591447631391263199315039939909427026185016224993925400105991153236123487462218839123217901756699522
18 -0.9058512498144899019188120180801606806048362594231812189569100097513187094016900958371507682272162569351466208244909107
19 -0.23871310361640177458257797058891523247822794032721383734175745774071247652762695781410029717351839730019812485633102065
20 0.22180301457973567897791703220919879818644058373320758802441453133041034958137250161336800834583303978512500758629997121
21 0.50574741365842904755464572069851309469973826185975781488048368310655824704675785030458455042704353633741378883628538019
22 0.65654451638989636544415797489154720382564326800747913633453696462943063529598558496704088976236880426186930571182598554
23 0.71366466299869850170281857363884564729207101835763087049754567611579887405322640201666408315217020739165536632465511414
24 0.70801751118915629895959067243528826092590393613167778385149280744604199571607325169343404263201384368096699938977632647
25 0.66215211790506252764453262885057624063367672217838247581484262311949385108139527962627308473592918926567583211211196002
26 0.59186587408749554446589656917729033024270938664217663559768240677612888992277711197123131264221274489360005111863335057
27 0.50793155673569133333464164118607850034275986990644137088821079834958034682161321082473289211898037753166516564600212123
28 0.41753838923789397135077254027051827089151167575371895892107384887615689515470054917730958541328603238266779584528769203
29 0.32538221378989615548596912645152264187158634104702178450495511800022329462058873414191019412041485516109627661217547702
30 0.23445134189963886876526729609181611450885249263151271613076937499759117935550044462481552718042504613235430300689723189
31 0.14657828114805885127388804518735478912450153821318780540912640076717756516333546958199749946883992033771817096423554347
32 0.062821207560777364306618079687801476620680350373142061660345502262682523087551802243084680353791993466685599790069912584
33 -0.016274735526951279968223676213806831284566948850561437337348057648995469882096173970233779362380978552057613412720905902
34 -0.090499568695672999109729388446622991964521407397913286003902229145182622148682610237702955536726936487485670523050878374
35 -0.15985799035304891296012167959525980429839989779467979802892659395338010343769597956040701131482414044702784118790267231
36 -0.22448815193332934020921082401274624552690954167132770656773972338699814356738477358968792779447975440779263071901557297
37 -0.28460721651123269872957607525588315735594400702227731839672288653627243932353184245468181514426539651177463704398307589
38 -0.34047515528598862622204315748442260908910953382523769374044240710840851177312487933157592885651805940586055932382136829
39 -0.39237094412865880407624543694937619475299936048108127931923287835600300561127769154588656168028551215366787291440968428
40 -0.44057717542128317392818904807607348900287436225854238969624839028123625687082296983257543472758701835277847654449019938
41 -0.48537036506538176549061627898716111478295701058948228390687770972796245798362134350309396811686302226476997841401981801
42 -0.52701509707260832154436099304193872020945074431703112937928154855369431024248085550671144042849152516176716106273758737
43 -0.56576073679199177853012356565034042048873845345837355712294522692433854995517716338225486823298294179043315073973091422
44 -0.60183984607677010377596647510301461273463266253351749049854207355446658070216959960318653460771136720515440577439894366
45 -0.6354677090125840106619003997712905780906363647902269685497089327735067051069685951416915225021014169589924137096649251
46 -0.66684256557198864969725058519114113031815663009081409900313919522645929599191885771705895462953184686059507313104226495
47 -0.69614628012558195145409977651846373181144705162576185973515548071076645792915773941164040100013770448361670411957153549
48 -0.72354526075813484427497134680303409897852739315200786579729528015288510887878605516817642851350892751568967204070536708
49 -0.74919150650705123161089049659697294480409648037597596261774115665135079773134611052305659517394274606652122658349908515
50 -0.77322370163854279648032650477401738489428128104728330317944084324809044003616105492697093948204582449482552184094871978
51 -0.79576830485236713318068528247845514858981159294562931574886581328803984297297588554543711723994836830046378278908786037
52 -0.81694060094797185335087609427351690144005411469431034695990862719548165694210191507991115436455834070831652804547692251
53 -0.83684569581245018487990620394767411870329515259067037591293749789123976206284684083809899348442873438017443286277397591
54 -0.85557944455238444298330088211194014541099595279340054518638970387545373740070958797446707653915092694494962916443359589
55 -0.87322930853737649328715763936790630966355673607215879710251629251543187982642404397667173340161890633944813045433887823
56 -0.88987514098983541072267140128996193201516581377281571733281367864970815698622767587344970506594851557862535594167690969
57 -0.90558990319466169140474828313965490300295268751847138271976923597284134185425376159045484295885139110320565781369280014
58 -0.92044031486679956906483450227074745343682335060696737718961047665991959091934529281123646496876644730317101026076647182
59 -0.93448744301925090202244587424684979472633626017256483029044899285823979387017312711661599679528515302096007278247745832
60 -0.94778723403792046087737072011491932760347561527321788704781597540545769940758691137466909958060431699449677956682781357
61 -0.96039099374430779703480553640505491701311176229138795177033506883100070358267418301575839315078902686321944697750709636
62 -0.97234582011734548645156192298552477072476582680599310216837649433119101230109741024204852255958904136359257730103812849
63 -0.98369499312354321954691881671140622248592018189743551242020665604748354712862559633792012613065898699517067151211725072
64 -0.99447832581900855978895919226023846127705615598043435930521205660518879671500132932124953523155385103856116093638858998
65 -1.0047324805708202917916647290053724001793548518603856570432753016308702071606684177066674891129529770852360198001639744
66 -1.0144912539203991988772715151540660173277311112334173459403403837975397415650960136852131723957074228261431782564166562
67 -1.0237858332919694921916804891938163723300933762002950926191414234099821685129323310889081820222962446344564042942028617
68 -1.0326450284435957968386270564684810836422897419460268672159978118417704203163089855997843016489822132305624905376592349
69 -1.0410954802716159225893370113393935200401649826841380053577499335484805544199056909553917226382802181373570297142355789
70 -1.0491618493140901785515493219342111284695914454243482135146032342129270755312098641380172929687773667261987383649603317
71 -1.0568669860560258574567493791183811198664001201554321720283389869861640266396061420711455983337580050561031060289541365
72 -1.0642320849184116999770330188430395042347079546534248484169103235327639750114098298020538089381704432705771163304664482
73 -1.0712768236136425094396733171419166009614043322454234284127944872006193879149994747917924779235378217191812498843191873
74 -1.0780194893704652244763653949056171681682945797994151895687857086477239186800315858384360339213477418388195525327655316
75 -1.084477093370664693996419651004957555055814149816979639237995401334257695724544374098706810127930666873122190206361073
76 -1.0906654745957792512833855148841814160787837488226414660820418136471335780423164860743300446148756304323466761738067625
77 -1.0965993941536434144332807327208316049588677023286889621908757998492276599444378602672808936412295923952035520933404977
78 -1.1022926210400014717488902069864258740145634473000228144215900740137166171927965465114595378829804263108465723777372643
79 -1.1077580101884096427325191272980945896174966614463912857139548272779313794768872822052756368648312461663170112091406919
80 -1.1130075735708355425916146460688768460620722890454367739672670736470044182076067749634068330766026193694367553911648953
81 -1.1180525450305699355086720759996317664147698093521942129639738776054559458812469541956213192491102178895174509839427217
82 -1.1229034394571947261308758106247360593149724078724929178568748117927783178954240331636589117218011524658977390661013749
83 -1.1275701068494164800229234555163828056651267017608040311025892701152553465447130297000098211074883878962137088274101957
84 -1.1320617817546906883533267151081984594416793700663777740407639112801596535646405936016801287678256388794770035551101822
85 -1.1363871285239362286568094947020880898602899449072425231009504426198065945301329828269696396342063960405161616350338271
86 -1.1405542827745656346442646546996143777449311879563103898718302801417698673054807347334373323550814552437434321859950978
87 -1.1445708894149065964411443367219788422616813631784477781706107469420673100827867845822538551651398751894656205527008977
88 -1.1484441375473058095716736348365584729004146850940587873917220652108037282889206059680687700217961561367337784765677243
89 -1.1521807925352934209285755367069086153997040196067507586425083459652765992574210306290763234874253979030897653231382707
90 -1.1557872254917070022003193472913991981368381510719087371542819122129587904204745286714873719437314103253450994330856914
91 -1.1592694404192407220045701782275059037247209781398104652030829158352488057129064056288909154456034817871061857346999247
92 -1.1626330992121554481491543953711351311888640627587207409643349424463813130152733426832696020318290978089778492835102998
93 -1.1658835447075558203456760262479911973381979870086907558758865140256415517833253498753239204930772856113742676053568731
94 -1.16902582195644292425710449302513764677601330860244205444331710243461075338157515537040190098119740419802800377604937
95 -1.1720646978684491289526743095172680286086420770851256369000927801585277489170383391963040705159254001936641092380541088
96 -1.1750046793695453781954169715161096162695655339240749222097859109663620936533622525957167880576498759354106571936345181
97 -1.1778500301988953861369969203805932379144046397302402707748517066361837994694579550244331157672354671568318397778919631
98 -1.1806047864592517428603598959455289743635184203924274416394888899178044671478795189953176598097527418656198172595808652
99 -1.1832727710247006578924016904885564438644637383748584620234551567547814871532206963489811455563300976829063865146578863
100 -1.1858576069000363217039325224241774731355810854808514958657726934367311839394252733632376839525538607868242968238708533
