4 -1.4277183473179530866501123410801358344446256511459475882072571808019247567862733523694550188474746429608407424906308
5 -0.1964073664041896216540224446157494781616168566034972722406500634779548314850438259697719732312090008209643365412277258
6 -0.8943150786968342022785811572072119096550790942706248060585600479377387616475850620945177941813566440236599985822198597
7 0.2363210133298887765388206993364130380626406465782480645700300290968103873113518825485107917850167303050306929030777234
8 -1.502197585229291842265372646876935841609274059737852844695418092290264036513119220074113491909990755637430092365845178
9 1.021633662254615982316678462580388666065226810722025041450751294910334578976872656501766566470387128625526303820110823
10 0.9252202676160916938346345155108360588102022466734384620513186720336407228615778771113952026033524930576301590245409293
11 0.3259147419201984526507879307492279729762526052741603668003514584787588613396707219544715839156251900816051394188783966
12 1.29809102926719489378427057098166663837881930751821325707664271378149737947255936118874732956794862410626149446955936
13 -2.110819504527412039348386279113344665097944335086537373970327993360705107901443525207850351862096673768440766683449718
14 -0.5774725649887632213514116508847430937928562954363297185157021660724900362016068909387093601490169053939207219974380623
15 -0.3106547376805027952961583711742853375908078187530584842146995674171975635586441210708241996068514908268585641172394979
16 -1.128937089623621251054714870996448669735457351071751957390870369638334313274437343905881494283812486941377445842364016
17 -2.078006535136555105382554533388641180787412866209115826580214285624345797417240811945377336871595671995845810825799891
18 -2.746968199120586069236329850511901265375863040910012667526390195591592160739434421052900400830661331601539466810606211
19 -3.08510128273873255468653379763160763890223292184107439117077591236546306288563142634444435218022267447434957133615613
20 -3.166631108627058256925848137405509326880113884423539960138642600326036574036740917119658655376922368186765709748249487
21 -3.0816385258088184303043601387216764571442699742463530819048735631161833570035640686187824909239252525508549973203438
22 -2.901885075037202988484932068922131275192988174827566949050816503768812524155291718083755044120827003130596192742595066
23 -2.676413859709324847157482033842210291733343159594330882937060689842930364985407325971983590657143612528455073158754693
24 -2.435964997450188161392183789543090403561806817776992923407726189512064995238866389345382518780914726384812887137017363
25 -2.198528855533416637066403840506492659407780648251399424310907660005098259898831143761771410768580533879720917819212518
26 -1.973842157952196653024119395081836427929405295095438300245388986589951181140964811315605386029695421611836004752469079
27 -1.766545535518945690990276363256871684893651464297647948457160387162459566502252490410339011103174600663165162546062642
28 -1.578255641686564360268062852596530381127657690518299032414952381602067203566252071496941066533670732673624012919878451
29 -1.408872483451760190576443579145901619336413542372999954323213566291069795605172608924818243038369611393912873366178877
30 -1.257381835327492860474782162047229479897813130829551450240281130266792717494802683701845947014686593561758548179800616
31 -1.122335974404605015156127046960125307109844967112777972874001371451596080536618008214369358474861349934252903409371433
32 -1.002133994875755746996135610606493360736356453614260506861537018247301165908742043074273899671274783262067507735549401
33 -0.8951792875666162773604837897720177509274946992277497727670902255221754103118049209274777179593140782327785996450221538
34 -0.7999628590867499766520373090654373516636383954525703383728060677586785713156872337588245250208580422426916367351100782
35 -0.7151026395758675836948636814374496155205828284588996608814298444391776717672150004054586100765848638236550839296872401
36 -0.6393572719551592526424049146844803057110593217852197767839955077765446457504922049459804195620868401962010303886096883
37 -0.5716256210199795348372589446977238419956241865699115839175061604429199418430718777130292313832378513064319792021514549
38 -0.5109387574598603079565073171183608257925499615400438375518184481861406274637826579737641693897921142691104969956399725
39 -0.4564484165332290609359773432454211633410367445002366843193246758405295957811618089838267132958401786014525626908138772
40 -0.4074142470364931734501133999943391471670280988260018173179927100689510687257935690815808120841700119533812147111711081
41 -0.36319114397121293098282228481063615808244339490424898287349571554158094309397740595579632849129821714418755571874865
42 -0.3232173438711601023306847725895412531879573919514580287273480004938036991456462762277408176901585800693424000856269067
43 -0.2870035978246786282193268276174852608970850427925941673724462135335638218713814542409949888905002827286175308304496478
44 -0.2541235265639103212630849849698492569679117892716097540744654117683160729510056743512938295247672434524650284868094968
45 -0.2242051445040934964305845841447850045298058582309653491894677163764557687107446336059750006251593019877669682607152097
46 -0.1969234782226006396410481221857549960620026097911576566161591864781725797378868193101390092833692982732287682789007751
47 -0.171994176735218162211728467867711338371755714577427762287603507930471722404719839812243989306993471126890465911424578
48 -0.149168002050326120979015615299353657122760019631431890777620199660813825385237959857593501578177556561220015584342563
49 -0.1282260903238699419644607831932206445245168823731956249547904245873655346785501383778471667702972376153374252152339613
50 -0.1089758813498285165017682238118510200570629583730316988945908546313301359194643764626771211207784225510892192537493374
51 -0.09124762404527580083390171681325071958205646343459637482928627148135103978506706732393254883161458441556794725907378478
52 -0.07489137625668106994212614964809353128889277513182819884685728685534287855268962381244116819773879934675605290242075961
53 -0.05977442764219835430073832183359770270444798024665701996590838644236721059041618230586485241322974548493447379992918436
54 -0.04577908406634250354231686995280899101793794701229182058529403529207280034040923494076000301530320939329788086743582834
55 -0.03280076065421160362802482760978320677629407590920961859064485060713046073224410872437429699598696199276935035268318484
56 -0.02074633833133209227757532705507677917544099955963779123568856446396385294327627738528232823703791992819544209633652697
57 -0.009532745351799758736285698972036948969677786218758887628714174376647247021255140424848436615693460064772878419474554463
58 0.0009142689325041584705113369526369157039744336137902055164621768863427616922839625071762152058377775599278791827916842676
59 0.01066119588936319425746066688398472471004878492216621757602584142426183956828313882899099146132664017076291277068100849
60 0.01976768864850888244714807455288026645727019403208689919181655130120215896249643722048793374805113549788479471464568745
61 0.02828736245002177442187948092198054905883743345638362182164859441486194320767221912213871363793506689344932977258115339
62 0.03626849136648465446099324870770853842846418682986640555449578305021569391669128954674598099483178479406102530833188499
63 0.04375461591617847270101415499405624835782373567701799795177577523611419635401095113675727981657757762379276198094858572
64 0.05078507392755571298377239283584769792278635202537908863723632389122926225261994331953040148806719612209964695815289779
65 0.05739546519093978548098687845199059776834137075833568876646244263762993654217829643180912734939591158252714403427157364
66 0.06361805889006850831977655279522037438919868055103925838052510895948370511947916646079032050287332234921973586306292878
67 0.06948215149966063160472470051359106740674363452218814389332755273360534644117990544470043334445697755864470238783606257
68 0.07501438172834176707996651520618510896950852700209122131541471265758529027804049131394492411071791914818905304358986647
69 0.08023900814756000972925778125117434417549791777266751629320498859743027341521569751147714157914279216661908738385197622
70 0.08517815435007440503082341544552922999175527136301546935429710806097163281915081556232372514395941898360823560119978769
71 0.08985202580395965563274131862916897157963446830018132509427041720025958966804478730643183969889426831269280067050556191
72 0.09427910199115364863362887334057118452232503382761975845562877715985924993328151824345941768589714714918159818834557668
73 0.09847630692769680893910627217076612329711987121938691080437005790688772527363952053965931804036518612616661389249112128
74 0.1024591607428084740371093844455556570082665231703433775352196409313699994520718514433286655906775901184013847777608911
75 0.1062419146347599915903424501147742419866720676758759157554134129922836632778663370552450230260592865085918695319660373
76 0.1098376712138479190305014133247026572028182868255080830639364210017166496623284797738078149483485823279153568470755066
77 0.1132584919788323127883752393525347319355998911071454914109819306920717555597338806623054963363075869747316503272824442
78 0.1165154934464099004369268429503385502719192861268579513570860502345969578315142905216798571653383477774908194678637595
79 0.1196189332580999895515682049143772738461971458659888026795767198913908274713488061724911894468359363515507052275952268
80 0.1225782874206587474105828021803295997225676708544452115123124794061492085988444259141417241383941187031898386540673555
81 0.1254023196908573763179895097258293123265336334762609926057531196496169910528072902816571927887832084519946791541259843
82 0.1280991439898228432024694255150545371641288170216829909339477202241845944020435268676812233008945921006488390646132737
83 0.1306762806233183112952634260566678775868062215247419383374332581234949466740485152531085759597501301576354401215450261
84 0.1331407069899357637347199871903435496421435147103018228885151787212593948603192378204277108461250330465102747005189198
85 0.1354989033771482477124104136022125342334440337060410322068212915131127863598191625799550959508170866060262116522304741
86 0.1377568943737907461730204912429383396409721206418837813248645806359165518592625400740340280548467979367071129589998726
87 0.1399202863653306079542597503190363881341270491511139070011030748664106476548071430558821117375869644704064366972847642
88 0.1419943015239912176099253578129201143944354960627906789917600820075456954541306055333251278558758097693630049679374885
89 0.143983808658329982690805768875518217867331805121097617091755230198481448861013431362844352589842126216668420788331356
90 0.1458933512453228559099265823496254431685189641329921658061145904677192648309220727024697511434493119132040177075795902
91 0.1477271729315832871627165861159206567464929768615687305459868642462924371495375866747416995573474878811015154318647492
92 0.1494892407583663698088234142425573119964719921919071606921728403603241471478779067616617826983381112437948941195224445
93 0.1511832663368968070016663186382511085420588935793878366051766130014520807150827567924007271563607108466465014462396371
94 0.1528127251758110242323837077749486546748500654596941088823913051922241151902878919810124809137985343002554135877836356
95 0.1543808743406872776840069327827106974137297292438928804914294223348394991619069109604835417690086022430423328079849268
96 0.1558907686063800007631747169486428421475157708674657538008317121677358530197704864873402325165899739963249528741932409
97 0.1573452752458534677039583644668483685073053180771602051841512249896766682974404114306902848386000429967293004190553895
98 0.1587470875841459967555068843447697642899627197971252613334794580541844210290476150366977147278732460066841413740714746
99 0.1600987374327473690718580528634162658988492046375475855341128028392067715668633426858405548508501566935110322427146747
100 0.1614026065078288145863481181317103467213951416857316465435863974054694942184127921252627177732142867608760933108067547
