4 -0.499157463634532828551339509097297239416201342892251589608194260755499613959136171592067511904029673612589481326121295
5 -1.02543340657021420734947570014215204713687549092601615438439012101977224328697645372280669868049195747927063180766454
6 0.595807441563024027368034486605062622378951468116256460613339081339994401828616280985090899690883606243046156161108922
7 0.682302706366358931176725248587747756382532721842136222677599487055240298925164528918429163741564388475319951963887076
8 0.188119754020350065219739549269439828630834765868104705254963300156314995307910293707633525936101008678305566098114843
9 -0.768435967778047995320403641777473578609909674685260298813611824952076533644957842191229145257941059140755196762168719
10 1.66884079829023369278817133276580273092143364012932339680063854014299453606206538541598556597052087745045925297925096
11 1.27863519808076131860559034818564787695967950347739375157235179819475667857816709466497927403304948202889104588324127
12 0.251458064007634206824175311586139002178836287539323657939498519971063648159705778432423920706419018137946122060638118
13 2.86445744171100153837237102355745232600826010059895784663161319952339246370715634341569995548979272325687779903229795
14 0.103550142263987277888020298949543277482232640523192175020319653915319187287886677232704582408880596172719284788357929
15 -0.456233901991470132816016627533686926490398679372512230923583165179013099991951853884185177019492258356761009561224776
16 0.10363000886486317273241340852962825389370647753163583071544537828769347914386089126117643947588337193782788074744218
17 0.58811428777891760842996413697714147005602909730160198377565486793452754768234818851097599609650179767966406179572527
18 0.692006522375710247735384642826616801295094817566056848492485870986815579864334973102155027626426081159114170322373008
19 0.488640100915034013964897085179781887359954865694833306321290163438699088479898875442944891764893853362059385331104154
20 0.117382034194690473957881230685969682703831149196521784649251598755802432498173406300919779327884243642053135687220662
21 -0.314080938940292441257360413820629955476436657018625118973520676015285390767731822934549859922902806225043504940898576
22 -0.741249807435270421553685466136996598193177916761482031178071142197612885706084945277144287311314367482727921590965698
23 -1.13174757901978704152525551060534687546724372800781479026829160142861429175999719219540780398664281190683953046484844
24 -1.47290731685397787433146517556515213807562152067512812976606888209559689347361283085825231214980532920899398472246983
25 -1.7628462001520191667562098357774988486767633832172967940175317480137545088999912990905091538215050628331983605060023
26 -2.0049606913649638487608024466891630079376697354454679854762436945400582787235883269195806487968603071031898882063903
27 -2.20481003728549179219733619287839678934253360616284475947721295157024249552977548995021014914863176638456685210297138
28 -2.36846942530740039343132084942946013784685174772109227192951017998096736315347075539713914173373579175072933157455725
29 -2.50172795940911909265955365118644865942634897394367701398534194407755700162863390300255585404882601622355547017395064
30 -2.60974902089279030185648431115160758560129213587278556750690564676699925672070543316412107656391316862982017457190516
31 -2.69697170833070086455738979215013435603549059207943114207969397632798828204848094301129374690130559869123073542715256
32 -2.76713001343511340261723116039988037009276340449344617967423407775063434282759913327440090402592501468208835749949158
33 -2.82332320330100861173663126640163842112224169627032982412583163400340035093546352163579744820471453849334905532935326
34 -2.86810285490245378679762580170903154317964761432123289899618743809001050133860651640115165190579483703928788525458943
35 -2.90355956150837343595585358779995528199443139187682198136371342392836095791087139368845344184038121235394218261586232
36 -2.93140175730039172459708387955377138986516505422945586624751499393892439259246781376682763725429656565383275922720521
37 -2.95302400640855193892163306856581359756557347963249641994259528029002297296755591500553388426859550978715758352251679
38 -2.96956452891037426884060709041192797609277251897262580517289448963466696809213128737295730202631832730276084505346681
39 -2.98195283706355983601900374582683830320249730119322571768198490091736554143988122266738773175154655673450824246239826
40 -2.99094876454665922008360051263602836398197321966630813479228899505332067956238819664945298765862334197061315924000161
41 -2.99717423592234561202587123776803961921830231190133483845469269956129389724925968932727905335811208808899985491156224
42 -3.00113902870134983739218460645297510337536705553517918477015075011808168621042558111435572726140501979263018683256753
43 -3.00326162356880849098178863765709020608695716814372739978638370197784420729385312670263475550748652446685253963742069
44 -3.00388606850727374718907231913715516334434858382478579299419366233051419583965339070443422317754918818212743053345787
45 -3.00329562266819600443758293592148648884302770327432200066978822539478965032307011621558575528368598849942587305195262
46 -3.00172380517294095971890409351949870855492380539955122781995963401507364829527955033754798933787132637095097865709732
47 -2.99936335488719702433681294902017219742471387777554265349908775998516283721129066096256386939670157466028526335746757
48 -2.99637350862926987151181713264280147249404666151361635958705155835458680103083743455127201884299863104191944597176271
49 -2.99288592488918901240179939142511905406007310559498851158669375705403331165431842177155405666893490125178065701705474
50 -2.98900951520850811182214651791980404723689012339826169359510251338093622392768725958957344785656871487878307601740899
51 -2.98483439324205544329856039866116492387723031960222822863764738867726344612728569792501278345346207039829292071705906
52 -2.98043510982245681539635737411582410268350516412143759460829921941081860756596953010837597381138794739903744342952547
53 -2.97587330905654359623516972299065898153150528677514132960550115967301147876686459335836021116121555654611482903495772
54 -2.97119991392581066010451825023497255295362937430683164549143408513079136997926420917203180126608123572808784631578518
55 -2.96645692867739376353314878487595499768182824538633151056201039420955907489163697632569195036341175327680294648880372
56 -2.96167892837956643780432676481495424849594175061171304949553095024249826037138587404597921964309789879871202703198827
57 -2.95689429249886733315204904656524244203228192698926605518177907297146764901504983659718824837202543916175141865121905
58 -2.95212622853652988409774743373374172196337023271276821965364320442662019913875905303560237580166552679720646583105086
59 -2.94739362308619276168579887948179561474909944764013294041066075097499010704166298220171623589164310151150803672132915
60 -2.94271175070446222410172306095755481024787910812434591391736007619175620129958366423918836484793866735856469732614563
61 -2.93809286537378285778301086035626055036407371218643332496110815635977564554021995534576960719407610331106893700135632
62 -2.93354669480860573272404862854071849338111424243321308571096030010928252817091159921223663760159351982478786339587537
63 -2.92908085419348980322377568188201099558171185845152674511257264543836812387867580640888279661112703126861880184649905
64 -2.92470119297304494710165318091030150337096292409692826161365067988937792248506440610557491317021968676226606495803345
65 -2.92041208590155606088982962894683218123508300785529992253458379318076585933495783578392348425661859892895021600784323
66 -2.91621667759577399419172709092779985379611811174705492858993413106256477744338630144802231272001809403280104403495544
67 -2.91211708823090713052327453907446095319671543714300198016201703946063060289560824868643953556190305672242129179440447
68 -2.90811458670797990199767328536950853116958829071763591396891333225204304009494631422960031997541044188411466471883874
69 -2.90420973654497867959811209203365256172394250886002998890389128408239447950970812194493057167440727917561124133867873
70 -2.90040251886010785732019228952365804073853445999821368248478392713355277658871582021594301774740490851428184079407144
71 -2.89669243608728914158963722963172382580560399237075411688107347066250376138927696849234884675820109649472115662735336
72 -2.89307859946296846157954358009325489142992486711683757901570065374425521290970722893466460019575401411255427973640065
73 -2.88955980282610944837234523120136522351002473582349016209993839085073262547882677875605437552806488606358585818282975
74 -2.88613458486114868328277127968048832042119434749354836221645811867778207087313345608254120815757376141083406130268057
75 -2.8828012815714198181753383661287516143351484602402454121422000794386377758188485044352542606977910693777801050955589
76 -2.87955807048573049699537933362809761260864391342153951302824612524258044254854064878627636768331280459689849248020477
77 -2.87640300786330527301289581619737593449441337300208882386964617281603045905967703687782752974105871857638385742678138
78 -2.87333405996395086741559261648751160080788713799806437608661334406423745886106288660098791932778340723757239031495981
79 -2.87034912928431742190200763303845157879140846860020193775717025594529313186611410542967065781632762660073595034567309
80 -2.86744607652199552569469188909120327842885239070677557701913827504395299136754131240370274624808615249173728864088155
81 -2.86462273891236449635345706994474801443229536902519710671903927342832512167909918480284056487717541517552475491095747
82 -2.86187694548485583965950441189137157444668361203653079247161481715307764462382749017089592046239966094391785031901014
83 -2.85920652970253454520713657301061697905413946671333195938807829129035576649380905774193824306816824600662052068173701
84 -2.8566093398790821712908296458173318519585367508017850472501643021063435922170106994665815001537628095981925046886928
85 -2.85408324770827970730432739053487883532006326348687171255157517628074517394507591010134198788752588148103859372591229
86 -2.85162615519118445959081265806760523008168674075191415590346261502886017544107933597179276457772826465338404987323556
87 -2.8492360002039185983369878841004086910620832525207842645289450113801990298693640237892613082682039974865155982290612
88 -2.84691076091312581403449129671364341776571156958390547911788861833036372761403354271424887883314591281224029478762194
89 -2.84464845921569592868786664180271542643001274772443802314749680717720976282189919129803368939860590335627712315615359
90 -2.84244716335346057645793694011825152888229163721956257666361809522027961342231026638137712913748688303867493415336514
91 -2.84030498983151912775975445807725072233782443766971539349237578943533634836926184146365775689207162050926773174079379
92 -2.83822010475007002936078139972048369316633109963789958972586659073061748397204703226069749318022047053352795547797639
93 -2.83619072464360080126945313112879244976144764897259277597783890852874458317057433243556115601305376444530897426257687
94 -2.83421511690761131131501911817648821162980992280372133369565484671883868364476307915159400055815339518757227047466395
95 -2.83229159988135688816535062373935878406973089771119211092208483968760791064936327503009374907555561838499319257242538
96 -2.83041854264510274358610069832513768201030536320109738375040013568387822074743447526184360043770197080124147539674944
97 -2.82859436458182764120015222362013345672838669401488008035993883338811373383053578607875819235560374511775729559146705
98 -2.82681753474599007238350720513496534403078767571688854864643030970701320895691397092229739178260435312025014004328635
99 -2.82508657107569418973003292996019342556898753919356800347378925700291126926185633529859707077679754316806015916631739
100 -2.82340003947921255382144777549413391449024987753818735042235850385283211664844886408668452294615515106053404490640572
