4 0.81971616712824176573008129332743578993944730429704957504151566615278708028559503861875078415014918119851917304833626
5 -0.39781972234957322511077786072786527353582175812686323106136518912367379551037725905410446875760725403031272511645395
6 0.14507239528878570885998397077859241914278107367972122725735492633544849096515548001514509172778922259169771516534834
7 -0.56764676279469297218213962801934616112365762493873049282262423540929853630048029473080411011300189455293091170587483
8 0.048209988365530865115101158640798826510191079237749120777112897391827360355322796615985732841359744453313664151627573
9 -1.0479794837930536779437198764505900665486018809223860968147721379229480574141512797546671635871361383011020348416601
10 -1.9908425875484960611346369929537097141643972284044973859418697726403789912714118333074699160196949227668950995125703
11 0.70576027876938360431960003184975337200350497237746937993328021159456082098876017543492257468076565833241711898038087
12 1.5596469139597666965558227633393706789721741172857036807971005149597327571892324442286447525887874143068543550028286
13 -0.66094859963568827342234981133112754096897729388200756526781446590943520279470345507329271507827113800833285173335753
14 2.4547699427110178742747643814819653565255581417408963177496624765138731347005748519966327478657742826815123408210204
15 2.3068588683325721762247708530715234630774222860695407945364557341226842083560155142111713574612395689477131635490177
16 1.2235386901135708070634839069934858814412208816161122176009052967813735367119242900598232307542946045689182530757884
17 0.55296529069864620080066188811464648950181522944699170309087202334070332311307158830189900318436394787419495703336412
18 0.40692117203956283296076684692514703063613370920023714642506349850492278029667240132844700537546258369292875798093872
19 0.56747951974825549195597751793750536259589550972902512973549418175455707556110708402033641800123286537455069353118279
20 0.84035683275507316762612808237570310054612668969192306224718696739136582372941325999548324288726068787569880433611057
21 1.1141597820481124244317926510695988566716143654947357822500339993557044388922331082994736685507260232643854477238865
22 1.3398796026203661111397419957691858377317913616210850577142046649464098878132449422166102005859447388402865335196183
23 1.5036849416988537052519257645197184671636018362969047371946058335339992943710156231806280189104140851255713658042027
24 1.6084193033597501923379824106981875861449794150483803135898349620467662241834800719667668904935113826356738750428954
25 1.6633221236824604459311312689872854000012011686827789235145160387515091417654094819729448646702695844611125519970884
26 1.6789778227708899897938197502517145482109052090463748672095676814304692759477039315569948235819838162227773437347849
27 1.6651319462452182035828218930331179579520958891962626017265472305445915864791116883394874327459846466861873633936065
28 1.6299433996143092442802529953740612034872452273703083442553434188213725068777891959608968023530543300135371139488693
29 1.5798965917569231383033007909145850821872609114730381531988092419185767163133604439851894203591073483819887430682817
30 1.5199804970789818198277427354025287891934055891130968422456834974324954816778727878033671966294407232881212793278966
31 1.4539475616234744190487663810787868459356149417986360036284283464333150036030490596434023480301346308935953372029631
32 1.3845702856622838064347267347392897703759929995670741802407883667967840828989563413806587631334694893586387399776704
33 1.3138643719829265415329764893920646689093411413580579426842989030461056715264539434599780004932857954324727869331826
34 1.2432708521080525682995886833131179174640468503982903159687268732204460798135045794273151322909706212736236400576157
35 1.1737995281413797093060144154639495809967272853025074232043616264920587856102371886822109302266040762548555096324535
36 1.1061395356066380216010148663195567951336603812365483381322838808746292526780530520319596431903944249836290488885988
37 1.0407434040234330937923054027028517181060600037619982203696541081661074529080800765444847696343956842992843030166819
38 0.9778903934094532544872101173304866057305062155226612943104905826620519396511639713053586686362758003174075896708109
39 0.91773392091112985718577084833751054577260118640324113116513405030406926010687042155895835182614363076989978212078892
40 0.86033691353045755961606577959994191172502215226709423067257770878234945749332607020828483627443410597725900810811141
41 0.80569806486896170397037391129035638856823964769643217433323902494787540067262490512293021834128002952919255841827106
42 0.7537712711731342560631751396930930775594531419606364197057980162690223590328750743722564654358045309949358150220014
43 0.70447996797547050233690613306133758614418439920424107232667034206030211010411165730919517157895976387085919243715231
44 0.65772766156114006925490848151138313803613040441706393506254966394478326867266664292493897063932900453155778748860996
45 0.61340562480747090247129272597671806908148976817565766016271875001916904410733311259094847390019622508940263294861895
46 0.57139848221302290191199581237947639302324254503552487802277794090085966260965469863535819176298067206677624447350927
47 0.53158822542941109901427029705760181649433417870482744106678164036284665946812367908936741996268142234515966683454001
48 0.49385706342598756443225782054464391048249000594865166483053870427364112094297080778473761875691252908208696112448875
49 0.45808940901500901429588131753725347371102455982112108948585684437119907980631379008466041579162024755545278773281219
50 0.42417322706048098018058597928468255140201254454073443636527307089768413584742054862442706636430510302470458352146949
51 0.39200091267459124281352703792378332383558196316928140224573034821023323469761852999661884032981737205082768141534164
52 0.36146982512511767479906894288880771842509092066663695619389239100741191871136890623107646310654062173727374371063601
53 0.33248257134997846921964897184375798180987398489291940103590217949611220760414653771636039365708508365109546154091197
54 0.30494710916091890846228186135082763068946116934883454609235047239100314685236091364901939863150691606025146688653276
55 0.27877672238127792394889833475877603598937858202650153731144786668578925148744341169578993732283042201568275997836153
56 0.25388990679002676373981569457380157249488222387996905550930144143312016761774596012868110584470864867902563842419512
57 0.23021019571081866177520272260364208089274550890341495416973278267806922046608794649347956482328470713064803744609646
58 0.2076659465530039470205488446985229359213905030870843108475817726006856238319717240684132856914000664881529720233359
59 0.18619010395683179552944065819870671529929914435166455746286775866912902055041444273391792764047929805023245873285691
60 0.16571995095079689801194387360260139769555780475369296601815352198694919845926691501364897177497148149302932889043183
61 0.14619685634612610120253501774909898498075767088961609495246189357767150579751127131330498739958110105695373219158613
62 0.1275660242099391400485913343467952859534878464649928647961283317385209899607252324496957113661998253618413995757687
63 0.1097762494780037459487730297772775429218715310076300159556987411036223436129898348165305518135622094321346090169906
64 0.092779682442248645816712087384358541487727649257966824386603869868592369170277159851867981380354159082568260598401879
65 0.076531603865739354443961205370383432465634671121222486998214513026493829765101450739394977082852748494563769231972241
66 0.060990211754432176570910422844390761468983342828399851687168378034004352305339646876318961248967709220901698766145846
67 0.046116420287017352529688159133364993017598294142323042972949240303610082290726969436168935118024556343782087832319136
68 0.03187367102333438029575362857010505256081180587855772440368027436507300527732382492809646056565681466966156290342817
69 0.018227756241662749119801498553337818340943681086578186423633374766222054943836881531705305755928230907120694889322964
70 0.0051466540679625354086729169456266519348440371838938545934606841325177422385575901164033946111122773802169355301594073
71 -0.0073996250651466041914878223870627737214861137721866247813651946161508884491896891806577745147025769265346603325721721
72 -0.019439181171156596839587966305471915952792968936052214209849041349231281593210021217134631989965895742070011444455228
73 -0.030998357261028748163000642198970065598059209030680384611026702928564891807363818447224204165182387582989404628587047
74 -0.042101862300541773616306661574405995926300078500119627623064950699486419927599198077472066894237010732281588338816621
75 -0.052772885183737088994861715331739436389346612038857953010643185167169314283924802329216917893035989069069900750948783
76 -0.063033200322625530385392007275464190675855292200378843610204832231691646733084525595388284163457917628583842578973457
77 -0.072903265434652908712151001945327404849310884812743043006827232040756409544352459507946782847362936112867225755458704
78 -0.082402312084966624774970371900620697858002731221664690272675864156573162413698685672019238062961855435302627429340114
79 -0.091548429512465785252453165078641725703628747975366119884100814184595939054687972678924481933016828277108236125991297
80 -0.1003586422385646007632108493311120159222420762782409001608830845929274677983980830325298877202082284545839581553057
81 -0.10884898192673027686277912014395648696082908874194200993588245126789895194207252419983117013668155001584348851843199
82 -0.11703455393001935217214794139426037221864689399934988393520136367148684427099925317931995527151643387973002236130452
83 -0.12492959893362834989084106732680332334145844478772769017504750933549075491295886841650146455700904522374773274077173
84 -0.13254755007030567744536905129219779309137392996023698238981806067478230103892569086232111185707183322816514548021013
85 -0.13990108585861110253738656590957271781746394952390043638647224706726019802439988404574804584713009606761542044137466
86 -0.14700217928762116731641477143744512309466640445524207671602299642690780975561106893519129584853351446992973542051918
87 -0.15386214334685049716404459797915227043577933112309104510881812231750400789198230023307506531886235993646675954593122
88 -0.16049167327692057323067307750429421744263170615145207536525278435781111720164780186762209937060554934181526128429518
89 -0.16690088579484907202189577310678753534202030374639464153340246379101191851938949454970489073226532687286131490769601
90 -0.17309935552771573929819742090308211242388106694714963605887528705362570457276165965657230009958886473266839370466813
91 -0.17909614886982697004245476367851066649131884720713766785709192380486265968481917086362636599154129735771482508292034
92 -0.18489985546128025023779581045674788960756194805373542447857957532267106655300876925326678125074690799849791354536812
93 -0.19051861746994333089440398328441295640106958741715041451747843271151134022810475128657193847919670493881511337238577
94 -0.1959601568442296641314157459852565897593734800768048568320504791282335418886408304759002822401694925019450784828773
95 -0.20123180069058844375638873412390311326512078369595222520847815041314401412470045234594666108770550675286345762350025
96 -0.20634050491725271788096206313524273241610114047813943503850226074357803541563824427389401615726279274039813609197048
97 -0.21129287627442295556565896653542525085098129251862736307459685622393372831947385081058076349085222388101021534468116
98 -0.21609519291062987028509916424335577876539516201609149852330150524067730870191387071736119416968377468213629522736812
99 -0.22075342355544677578340926839681849246714343708656889790549498439223060790508111249887235156962554108361500714999227
100 -0.22527324542993998893190453439693448681613834743296738885161889346681673038398357305009177113497378533832230269928532
