4 -0.0397731672002836929806708854247520223874226262706325909915907076042070806305447656006085286567635617620801010172
5 -0.494420314764328795989442637053885291963717536377089210525206249392398244821003542196794413994425660390947821266
6 -0.78165725019038708325302634448828953074901271385184299779230168848750010737124534204423798486364269637461467787
7 -0.199529698854901840162616595609383082588426787796164070246582849552807777774581396414664743618819723168829813851
8 0.332596436810878311321550860242870278631127132226636354047041279804431407936605505750343629953931724223304867094
9 -0.399973639490281361499562584674746675214944545371555048011023611610974808475897918431210713404140186094240347449
10 0.241766902734736735816327028949801810468510942030942433139443515146586063064629271997896296342681197688053502773
11 -0.102834033259544284922274984237977674699392596195229163678473280856428727978963492279058503977333532741594841503
12 -0.221164484768279784040249367250770944579949920393204411331631494818208749956681908152246920160525877391316455886
13 0.0199151838361788703153859894513604287237723553907100587867037896212215170596190185227302109287077276968917079565
14 -1.01155986951154087490565438752729019696983813369765522618599158178683898066657800553155631320934418007993145948
15 2.91760814717566665205340491556716231179389737091268154173230263797815901972311441234753311872765733783626783917
16 3.0270998325608482649914628631718445633004596207739348790730305396741762751357301428646096214235271510784276549
17 1.66133010233830953620675586542277839593921248568579727253030032632989117704238637575285300820489847140352749752
18 0.579475949004108533218918136746536541893864423488677016715278528180706676105353946573280726534527595784219784374
19 0.103007819828254495191542806258511128428505705180477638471138078252953618089353693079586329011264395263184569298
20 0.0507328781072259709631572939989898039911145777689979341458123433805969092799569294440350368641671571988012083649
21 0.202714829651873481799349231166607368723392809941311808153107758285071413521893350694868260411194671819751057192
22 0.41431320402573542407104123970689385669920254141130124885623865239665379805663142887905443975023799322278915719
23 0.611604807236859183886649030364834117161593430753234656010891522042448691684562679169929823087910995437336786061
24 0.765203172343379216271219087343528888642085653795940580083819448679134922735294083741710285828985008095347906557
25 0.869120266206188881066353527383177713378498709963396528060498934051820531251658636150503830378500688704039998816
26 0.927882980633683979473318134747311271873982860372087157877240661034704786052135269438720618654325789394747190115
27 0.949680319062111793253346190618291911045056689723889126637945489666232043584326232876512822465504198296058129379
28 0.943092320745573926652843097476297032655506075619618040436585423552600122404959241528635497758898567661118882542
29 0.915733675221144059965677631603963045531085514990577271150960988833354312472703229567320301808967194036201221309
30 0.873842434035510418711393876250459517532918916706003879768646290129287930151473781811175063897893273339628898921
31 0.822294844472199756796831690292827694398256060522469838234060365422275317498421085499472298384535981339729167785
32 0.764784954511125529241181068476539863035235359789318242321611773834620388610914960125634389273446279046822740127
33 0.704045440303418210447000212405853626502063992821957217313591106206145449097907630567312213085805481467615779986
34 0.642056377668420012727640739988132314754820294001333417245199938053708197559837838286119766865564627946380524065
35 0.580222887210518801948738066135955676003574942135378057481978592002895022460077165349243321419855008106210801729
36 0.519518252951182979031794313407611265870230068722008427404905979413518563025797920617087286589133431195037184849
37 0.46059558460313076733903773378713412092816550826734273089640036001962295677161359429558047270391055336886037518
38 0.40387318897204131893141404819221764891383537659834340927599746487390965292301688964811129000690280010956303854
39 0.349598962921575476778481416482442438730516764872037671324244084135239277299691321011493710091348937239819743862
40 0.297898501625457702071517970598275394953404714957146494251938231646339993628144389916574383602809722512722884317
41 0.248810782946220809991630699829207580385364127754100870065539829114977223869450186104653139172548848551585121349
42 0.202314480197190804399000777710197369513239446579882658859026383838786841845396031622336717160420113518909879498
43 0.158347259316819951333647924692075214282504783128948617007771845305761677232041555348781539262931361134636550068
44 0.116819851870200003533837705277741665819267359286157966107594444789962055184948164645796813463732785664451907125
45 0.0776262528019041516668416360566476633976982197851640241493822669936056172283260444400174474565915536104514783998
46 0.0406510522526689097126283154090629118665370102935380079066487123602321405316632485364027124517995813937029068274
47 0.00577465352464539023388253914677787612776064201535187085109159159135245268819035997104005322366647500970077435443
48 -0.0271230639039760308357652718069465246819369691283710323972560005905535382792789657625883722159184548237524944294
49 -0.0581602217175417555008067919335883538899577000011392041866404370423348332044676651081203940192318438358490583004
50 -0.087451253286583573873075267122552790272111259806663517408993174201236707380719423566534008819295235483452537519
51 -0.115105820027715771039592996497489391363162455991713400386057161891342373658215308060673902687985498475489504935
52 -0.14122816549334956314719221785050780460150024229791427637533588938590771595007951542226374903874996114228964457
53 -0.165916783034552636246125798551011521444421980298455217055404766878347395839675386353094016752375619945198886088
54 -0.189264305481687993478847622587301514111563682560331879966257975060600200362524516858889472182102212697450689269
55 -0.21135754947225712543275828081805576807159241062640699812984892567878103650614422733459584999427684969002725472
56 -0.232277664998013362551083962331355051554828621726394958095102631774925952153305528620937443355757775271260830318
57 -0.252100354054615751471604914506729329018337369410474371885936111716289537662848203144920088905475166431610509124
58 -0.270896132149705375116005018981844229823897384259365287719763895440070191071278876926004209189830936569192199162
59 -0.288730613742971273501125878982133046780291128150610454344287756976291840158411122864835547121177970005418354814
60 -0.305664808109638848435612833998330196684090439356367681907850466223937143016220970844297815404148851420224903728
61 -0.32175541612301160703712003254381611254269065322604386156427582231179074745177265740094537990555028937222771738
62 -0.337055121403418427349960335154452067114235803552244354223536602152524886746422350479003164153472583666147529941
63 -0.351612871448845355436138001186541984796654139981516536262006295152739862469148827668930558873261422885599763075
64 -0.365474145946776767192278808516198117088352839858541039840177756499509796457944943704694787707038688728459166548
65 -0.378681210616553703252592104138059942514957354606575168694546428467234595394499498396559096746787028577692589476
66 -0.391273355758261025394174059354921350003167722947785590256541764225420286354904971454608465709263285022559967995
67 -0.403287119270994448868855968352957851733891177587814384322221473629291765583248432077058554491759294710176798743
68 -0.414756494312542994743724017192315780258049855693262946497674690486904971900230916276235051039453419911362479725
69 -0.425713122050574945728424671938448101456897180087052760131465180870303101955965865771318978613516824621077011845
70 -0.436186470137128012705209163891417301051995877683157420758673268338629377722276162109071374896705350945298276442
71 -0.44620399764958535558946681808373862424221395330566079116716699964221755537382292592312786454469224738286972185
72 -0.455791307301792376775476523830794784316741166789702823375193909052378085719750172333958622553792113610423381437
73 -0.464972285753019125657325577916172220356472208836428930439125417395407306391239901920195092186284827940791818435
74 -0.473769232840875765767680361720637906964039236752056125759349807885823816008556412590534155362973886722933606424
75 -0.482202980545035211543163866778674568001668521089039208286570201470665579713814037514413465969688163208794074357
76 -0.490293002457607994594271492024928924030871429450541856971751809841097190610340206652700029355929923677610009453
77 -0.498057514497580364201799924166872465480575868198340017990196026210641395075949817680299452668115900167119722759
78 -0.505513567564021251229723044546264292185421341969684472457314708835942825871450499999543560268262951905207193814
79 -0.512677132778059417465402282171589411663225252807071702165927538969400946446994981393784521986821818665165692202
80 -0.519563179918542840085052946137097903426417908315200997857378523092511949781091159387697931576266052146845977866
81 -0.526185749611941713578290492588073425035329432664581965220118433891325088154926843619730889523511986711868002799
82 -0.532558019794204225533054991460796839380365934460438834291335100942745753770406425985162514226631188294958291045
83 -0.538692366921412017165659964887690566851678656766141191987081215540951416415298675189160329609716165857671500877
84 -0.544600422367505055654827114604798971705549812656415679010380327531887814060359797549160706374200958571287451745
85 -0.550293124411206143516379832185321948665883493159274390738372026471663463982656524730503053454599711054657490885
86 -0.555780766180624127831492445256987482795616799829447519192784890702548233679311731306277185719322609614225092856
87 -0.561073039892831027766552620287250191155993381712449424285755857075854718190718183910149524998189423688281688993
88 -0.566179077696921629381329017162151433644489918898876663413564795475562262765378504157292664530099849374176702279
89 -0.571107489402572051476213918424421235208002131367949138606176345765289987341382835216853482668044545695180530123
90 -0.575866397351793707239856815212319909131790721669635553700222689074675171718560254519495403663305265048940254931
91 -0.580463468669297179793753841159465566283397640354941403970364877733377264450287079806251914097343205312805000558
92 -0.584905945106498330760951601250686656877357562114520584849609062932363043847413138215873101224283280606152023683
93 -0.589200670675577918831582305195424159286514948580891959326788355093077752634984392038037723493472862897698969874
94 -0.593354117253010660882187519398857604107991032706314653247338890485189586640922921194898175946570850658164261123
95 -0.597372408316479785852184227397580734023686758791056207058431395916951951028094577897816220719815410093772212982
96 -0.601261340964965056930546429027500985009952697751634345113365557000195686717974938388255517926974442846306697377
97 -0.605026406358919688286904126176408976093264023012634953558333858144263219266463390270644080444178016207023455556
98 -0.608672808705726027525790258673937316997046684647808657696544647962034728090316825673165864484950829374285004685
99 -0.612205482904940619862693581091984353593325251009981566178230847387853132999502524679724255854544635703325556107
100 -0.615629110958113336552583691908546864509754683238189035432401500189267825785423029122403591217624415168764399794
