4 0.2507817282903381898588289412434035942484728303933990947140331810958732274451123207126411905382928784494863986
5 0.1640475997863071244656251138420259620829701484791309985878157461456375592940951472441756087124040832307676161
6 1.836745992353334621383722553815063945830030021823416059951421128930524981946747810307337506647572121348001057
7 -2.091595399002803429910129296875425195392300768266969412763567596189109036428207029913454490790112901990473545
8 -0.4637509626048681560580468166682631512601596375521448979853060833159599257919185385285858331418647324473102691
9 0.1501706537309583567924364843945988286073616941650611847324267174304232499811507559741748324607668943795881555
10 1.27077156327641448617552378358232965010911981677660245812416871951147652418078214975681757304232965448633593
11 -0.0195055474039198567590239654416668558159145385952534939719011033626147396195194592277509266198103872494580186
12 -0.9337845217614244810196522347664682151872597793051049531842964699837193065262019932935541322525392988575732556
13 -0.4026646562566125859686880025255031420779050535449940819965233973153346035328445583096237470951147253813304026
14 -1.139142567347609353640796193170440835071985016524130701513284137309985622985458207867719930183652417146685662
15 1.649892603118320870543086737406766136185663164308986654877509975472704545139560638259255050515410423207048653
16 -0.4749024731783934225426743446688592797956495572002131737928240688660209131865649917726436976811660909842968523
17 -2.254484527246819574558002181045152326914176482562356069857089316231695648003594891650344560677607657898320507
18 -2.494067038314710934331646504142809717319966035302257211906331692235671002180155502441880540493617996291885134
19 -1.846236152147704028890817511400211404887009517212489129644462961062979622281115942823068113043660205449528396
20 -0.9682851330955027738844413461354604376045172960304266224053995236650746122822613839306110299198505273811809112
21 -0.1884007164409476721034254944490509463822153936213280379296574204095135064779079671844994462797848513054268764
22 0.3926026558882324645355487399280050215045570550016165777507136026757167628160840576980929987519377307237788521
23 0.7793675572721163601759339584864518136823446967169751385822868499192499969314741753192607508550335606210034953
24 1.011619709064475118526051849317790411203732191685163046995098919246621704345720554311412407837375830826353021
25 1.132869944929255191869316708906317755920654307751556079146901254639723396756211564372974074934279810826066844
26 1.179492974247550163710078675216106939244397289654286117606423075386063746450401747774385667946810272654609948
27 1.178645706505958849528436773224381727025031102303989214855939651085070465603081007117472881430702391454369404
28 1.149373205520185329876177870512710825678745734971751021771667085109922153510992494811040638891914512316572832
29 1.104486584692997300503690118194942811905910513137232706376339304647858915233813485910347797020318734388391164
30 1.052319859381287534964324594269640258652499596677003181906146584080096421899152559090983496073782974854524337
31 0.9981180014002859432729359614369752739259484897609776469426387166686255210749028410660178219162829053846022759
32 0.9450517349155058706776418909008559162369423578382417345734323229982764527486806885175138819051902049998426892
33 0.8949283771402496723377806420873081416510422946939359175988207132415432656676255619552406631927435637237619469
34 0.8486768014275064465491412564650408512634105955521609356893024941834037183644833802456095716938833526531002557
35 0.8066723906092211942379334708065609720627104180877697242290965109367445475983284216202990391807288433955018877
36 0.7689517656807834974749728711263526039169068346579964563525249599910245409594849888774702549241575596392241321
37 0.7353529109751986524241195066474417273126733963921431797931305499637517859378339097695200855757428364621954784
38 0.7056054074605692559004231990351738930495962707006411157564165152210360123646470282519489694521057196158689206
39 0.6793876013060744336289686508322780550472265698367694792219980295178571304091577071641437702072363761635737129
40 0.6563620317414324424588001916944995198559304663642011039055903814048309252175009121068348047585745490365622447
41 0.6361966789846910795531738599321628507266089000475881111305463770100147672845493776647918649636259403713845752
42 0.6185770514202369721636336938562820722763638356254704122316189248242930891035171958624383257010891167512449814
43 0.6032124279857414907260795881296000598662460076409584869944693022498342892865877797687983886753137273284942111
44 0.5898384360214982322587498719167131978904078285376680720300514081127349412199509358100332523985898746269733559
45 0.5782173901414530226069171024759488686476231233985561830974915691624889755882354287161210645133062730770874149
46 0.5681373175256790404662724435967243528171241867125606829707399608313923089886556512842131818408805441493798484
47 0.5594102644193197151018848226557818403726369897565970911559680346476379452923302197318158190132930458700329974
48 0.5518702607437939671254525154959940954972916341564599894176575440903597487860862462940788125990337142840973411
49 0.5453711767198745228291057096933118175333470939577347684601023359865762026683671459224552049488237727822883733
50 0.5397846120700470967927246011796023646284795803159140248682236813781119508068937337521906548770694647070581799
51 0.5349978979471123645547221686667869562339448300993463177559912886904922463465752395463971370073204096597918899
52 0.5309122530780782778301793441970909745076836447861518982068068900689723723562435689016237956357399177037431313
53 0.5274411113010075021775298718622304134633497199928977186889036701960326796186506616497281005807467672200648294
54 0.5245086227755762970824961367054924225556293482705180855067561498810912152519909822768883051397007667274143055
55 0.5220483223875404196996338181239237987097689273049378556296576407812937144550101374630594645147127186115284706
56 0.5200019540671376491183650420971646850634166891476971495498893746878551974017230459238131993517608544966817957
57 0.5183184374607274739784743557596663199577755830519503129899195908047629356516258801394311853448343510844664642
58 0.5169529626830392679619409647455764428991055111992036206814495964009414178814135227611755629957552584454754662
59 0.5158661991106823876263578498456445817520944681656630516340502968537058535723998780913333722515085528900024999
60 0.5150236049504298403074371536090787644741293506692092726051085818198265408607082301387066620483210108874289839
61 0.5143948253675662099459543760317387105362710200768950538969390397691505098619593871780022115597114606678554733
62 0.5139531681257703347159153570167212546006970912575351377494219918957529139490487678821646143172006539964099582
63 0.5136751468695001103210960376170405716773998685547434167991478275940122006857681782747324708465916372219884313
64 0.5135400833131358144609250561243858786494809921994209538602129743388421160614171162741184436519862455919056846
65 0.513529760655637558091396567757224060310372887653325947071098207224208937707032147349693546894473470498206373
66 0.5136281214998045286431018539217589347467058974692105913712649638827173505105141397119286579830494167433008716
67 0.5138210044167545041550766836734508356903194632876303945496313358217301953721826612944154167002425623295940478
68 0.5140959140608204151559710681012250113831981147290774689373041387346999282588986020295447250415763964353166036
69 0.5144418204132341185227425370766065448389112826086073743436312657729597350534675043249020954176122635872305017
70 0.5148489833221867722234268143052580069378888811631324891710837738636081981770595522442887655369869749336101335
71 0.515308799020337434591687591100875450924036713899220647001493353998911871749154493558551983389559983407785855
72 0.5158136657468707346760211116571533217919129690268677198391626826907607871360417619336407361831745519501601167
73 0.5163568659877194789852506674067375228518536812664011215411581663453767852856688065977251506830339793891590654
74 0.5169324631819377250628817581703294531336421107373579328635340517913993042946365980246277996281219906220553447
75 0.5175352110311281518304789075744257864870820298882712238594951633510885880353443972097581004606649200760353696
76 0.518160473798283710344267972630496860908978325540644756492009515400884909603211520412116348200968120888358571
77 0.5188041561976973665594960513311984334771753508254172195101411375338115187047692902979932691579699949106071811
78 0.5194626416633768170643098747117706632503210638689256322618012813679803455384956068837703250578530436686753296
79 0.5201327379437309964391147564025660635386209952357012389730123346103686449366580942069508635007261543577564808
80 0.5208116291086951661426425023678156885725246059227953700322096050751518189009495779282485989674020383440096723
81 0.521496833174979800538753881983940830209280910041171862691935481872300574046870137265265964356079525301339434
82 0.5221861646583961009290692691597893122116305604341014267524566585330389809297674851502586990246265768721625675
83 0.52287770145149364885500475693116651569972713332183965867277576566426759930663064871482019284647304888631449
84 0.5235697555019923428214479828941923097275631134097982229900378595299828986285358097002434264492949727807608683
85 0.5242608468343759722567049886572073418540934259284108150002600678245530151892804155418592753155483820907743091
86 0.5249496805149766397331149800798706494984885304295801153035346826203322220692412959526638566900601463869794501
87 0.5256351262111522709300411280401090031015181541749494141803838265221615069153725862765339641119669398133000491
88 0.5263162000388033361770859461190879811728814115805694875406444463829774253930608798340842849992044730541278009
89 0.5269920484303993425535164908211382385292136918369108947194289136664568463109006496195624233092831235884050291
90 0.5276619337886717765110997079434301213398403314054756479983245418103316200565446884227336626730821463055138085
91 0.5283252217198489882293162588805360532364153979476214935520378939629861921568956970253004401953691361204010295
92 0.5289813696653366989010971356462691228293382960270723653558935190736243037681167923845184832195334262645828331
93 0.5296299167725813032584213654238794932072719584020509163726252187162336785582632906409396242819943033452217236
94 0.5302704748649186840114476959772917128368062508854655448359209568507153623655537957188771861939083854064895254
95 0.5309027203868763502913205456385366466109744335709016411058480853360404520858967976686670892239371788572461626
96 0.5315263872159780772521554953131883833076283839513008129959301876388607363606187997305410224180108101468722785
97 0.5321412602448710399524686290468848094343678043456665617024729369461722467646139812059800464212729802903318154
98 0.5327471696487915331206765637743967575360579683638975541802824397863697220561790896976552583314069487707680943
99 0.5333439857632105190266957392536055031778428154747871419363202501868688961722432018032966167144049860369139795
100 0.533931614505130675651105447889661005679800808616444184017344511704185639534895252214981974119912505239551114
