4 -1.04019379088338621587351490351800729936792558599130199564866520241279939058882588250336122882536213541481491
5 -0.217549494437417864951905154166094277461307819081372622666929815999664224525404355589811041748474628761114786
6 0.367615401121106251502122264873547119496841297647019927876561737692972014794394920153419256709603587013106972
7 0.725994667870800950757196722454213987042173409629603889486169444341313044987062017461655639157415585404602768
8 -0.804215033494774535323229108651099706100202627464669689503211545017046665874812771809987567556876251960552832
9 1.0138779059010830552423627555063720324270111046088190362352212859300171877619043413184138017554632596887306
10 0.36492243034977116593989111034827404165390925860941084870562222615087338651858842775839607097227179734883936
11 0.313067950078753514981919025008834260399034741615951194659491992914812605751221809459180764764470193507580203
12 0.407776404713966961818676242846099924589164620797554255850853198317686350924340369902615040206431572288773149
13 -0.710466937029919103743933641063824233791705503450657139598625142116985805985612057455562666665019682830219304
14 -0.0865399474927046350793228364978809253962480368517556116854647619510680365101492122102957990814442970837521944
15 -2.44156265230706884613325153328604847379096727618004761787900511521362188055590710915143336249995292410265699
16 0.178511068874067824064202174111888398083539822473569816960451367721456462006412886849276126378533186589839156
17 1.41383790397854710012206825176619489461594525211398440845653885497089665609303764127337048892572891312928377
18 0.876902133609103283956192068662067521977980452349103062923834361501056197064203160965741919047749548674518757
19 -0.258195704636157824109689072058276049166512040163489956254024483652728552531963281398078057088194589938590805
20 -1.2642675054494712658280582469671551356323961175651368448550036792759602209130952201738401766813963039668925
21 -1.91816364519781156882032143540683493534780542982789343691086025035274632476312445829574329494467448570477511
22 -2.23852004496937697558425409216858355288593434577353019311288076754461451131138444973515384567738272232826339
23 -2.31543646964977017256669351498430461275461490511383616122870897506793317346331173833383934694863707185227292
24 -2.23852780854020325903247342293454030357855214671070600029627272723290625624578809106276531412161041437811207
25 -2.07598390437118031416803263786927257263906929200666402355737922052260035934287920159708331470785155538336704
26 -1.87368094797988106464107098939965160866172001447173642171515992726342404106611824386018063241047858761126929
27 -1.66010015386486062672800907637402650387232915530735076664487889463252214951703208136040979592162392682759465
28 -1.45169251477081793704735366704234262298600202730090702324888455363363475406058329007602625092649179147078492
29 -1.25713590922443301996000606163667272078109321429715335326401776167350499791681151288804573513336147971115477
30 -1.08032540882616133493725508430994038664945446711724232351683359535576456463176428738421554909432907472679824
31 -0.922343322410962351875934775336651027391547102754882287721037850739189962933595939813110116910181690324539545
32 -0.782705206715646334553079899961594943492801081651132241231483841595356237182600956345443210458081451188087454
33 -0.660123626669463109469702198570950456227192268137807940173517187031332846835871885388101733493971256049387219
34 -0.552962547937844876936454955627927455936029087353551547891968136792500718055373968145946854780588272362292621
35 -0.459498297866012257574877064456683733530502327042378054613558654219376787561120755724687085806372815601242901
36 -0.378062064396852012647502893484620646227555951827577656858549731255368251749310787620782901983976783696246644
37 -0.307111304397220378081443587391702610019660075325322750950386762040253340781585111372682562302954888464831237
38 -0.245259502061660959983834435307581089827439221939913632183972581379464718115916766893366825007345730425594626
39 -0.191282321371022669655910756626153022318423366169101484878229968547325088638668736832861955703937832020694456
40 -0.144111057434454663634252309226370998746831783739927291271520984113018636913784911777738796457516099546202275
41 -0.10281986737865950603375509414695130757284355916204808754298509278135406641259158821612508443340997166102025
42 -0.0666105453355920144099111308269509184142070765021070128211469003007673961058664388334835360090761638055793697
43 -0.0347969547659431407930677087680736580589136216067800394511104148245131475179861144463595589441270118469327966
44 -0.00679023925730302004845160653211213239727542635465122186528837497857053307635855607955109930587958221108775044
45 0.0179146535701322239518552687629683840288622055700428890980033198853732059888894285648295969629881079214913481
46 0.0397509390467975700917498856353507075950582544996312789539513957137289565311479041796107017025389387578634411
47 0.0590904457333679223363444914845156277709275346634352371785411523483564143307780001380248287381200204160268922
48 0.0762526398279947554511525947900702485156816045621887349131397696581996394765614718688505265518766472094232769
49 0.0915123599498548531597282147936487154616879300649333432156266336758876535069690189500594808987103814381415713
50 0.105106413529989844805791789367707721240541766238790104647458158713566853546125832272996329928359645825914028
51 0.117239184249391706510257439988907934534384086313548740374427833233422288996076071667707594188344591403887434
52 0.128087389568848851778110503952939934045448773326915469597852658028274699768666584598982802718998823743513969
53 0.13780411319133103600131721502253069524156609857863421363031477435021349499874486430396901805037997081613153
54 0.146522222023191181485128196758261404809067330595685473135585666602448278790103564135943157601201188195677809
55 0.154357262347412635647568541388911685240339357305484235351961521557245752330816936801251796415569576658237928
56 0.161409916239370450410083953218982277905164420550006226858114767059368957492913284287013303238170445980710288
57 0.167768087057055621553948257650649127821231492605920450056881114025001182097025866140803748478206983856805397
58 0.173508672190854625680123551234061906369051755125649254633292421297225882360623794785069858861996798964299351
59 0.178699072097565608335188933394356144838886577275540601211206785451265659137600166433518898898342551928322706
60 0.183398476839359928940697388135311620867133859411020892408359336045403807170037275091401505521182406989447432
61 0.187658964745591420943171551994599840455457542000282346868620031406940782998546711490789549173618723361383102
62 0.191526442255402811518635418746429084990090209294542701969518482937816822364305960393498446705219599888522614
63 0.195041449332397153325967647149649182580379522670475885993810049977559336935746651922360485072349812582844204
64 0.19823985093394050579393020928149105644296190433029753884256825131081476995537444792938493036686403673203077
65 0.201153431747900077830956608696146402962194553208712543742102936062524700902226098229700002488865954286865799
66 0.203810408675965907249885105501056274407335183054187701284718772889885889580458552827022294492355024089237622
67 0.206235873257440753505548258739570613455822143054963668109546947615441043218088810371346394257617923470663912
68 0.208452174316361836150086388529913817453697671215904647393949841143707163365845165616662106158866544291434404
69 0.210479249515750725012832819179891990298953534308154269614908748445944730429521727424538482955206091091260186
70 0.212334913163583677413637340065808958706401712962293051857578958173917022276743196330836346981182147578636457
71 0.214035106492307671588940724111149141668909801311815834302929477581396073990651780500982526031081728688350402
72 0.21559411569126949903465784336186372790897307998507166839786158950884710129861383931873682606242460668823897
73 0.217024762179259825211485743952825761635068170161272184795500402747719428786918013966361001025787717833481334
74 0.21833856893757910776827328063567803003783205932519126476444023861954293949248149033159383921419293073812827
75 0.219545906161920200327117491433427785014137819088863744627120722479455909344391475837443443770769244194033929
76 0.220656119016758206092745880812030432327604335138440372119945869541136554807872620772338430462798436678388541
77 0.221677639874575968396436317885390041967455869341651667642993767767646606587108212029071198063815261369152603
78 0.222618087082276095402749082674306547292872230053433468190293721590607099096023510585532495404970031848465071
79 0.223484352008673170811239524125195777237870236566101169913113293467290690612006141127132413537388107696297151
80 0.224282675881807757807968988847875770513894688798447990562536100332871433597247843348137728341850674559281987
81 0.225018717716127516801292357108536347145325526904889609276171273951919154538358168076398159608979207569621864
82 0.225697614451622128386874235146822329999176303283497125983436580717007453292343885553090995411740579404219694
83 0.226324034274997677961545125922864834466279046320944471158761595407663412458989346872153611299630197196351236
84 0.226902223962931169668066130958915856527931081304463555226197239769058667850358781053324241404647142338505837
85 0.22743605097600217848665289206929648964474387889565541334929754335039040380966098083846620124802381567823929
86 0.227929040936239668375586822608397090401881958038170926821634915518153454782494710981323923095544047876283747
87 0.228384411038979208647810043334552202451525852899117681441753928207338217786559346201066765425748292091900829
88 0.228805099878904494765241548685958103678014798896522282510760267992809132199806810566433401780772733831618661
89 0.229193794109064683062411495247447874614705591913487459606321085418359362640746169698747394947887975921279425
90 0.229552952298894140505467600256232531957487820839477525224012634696330172211387676326993127742476239571002817
91 0.229884826311611049176859034247720033233386859448237710266157058052057024150023651361913314987427506327776198
92 0.230191480481816607206711980482672761234841932312603802562673358043044019805997020197228231796285481140715722
93 0.230474808839792175668596843383815912098554234422206827283066942696778867013021982188993430539351828349803628
94 0.230736550599162156342810054820606261838553293551426795794166693525539404417994298840574777637349008834731106
95 0.23097830409862944632124274606476187036995788452787145131645352273393623471147792953838810918623154757265553
96 0.231201539365864023403081406784686994723575342949914719328823736917983085322407044228250399511072228002125052
97 0.231407609451877541656914229575290704431357960591210255503937541733354536785777885897069712856794782269027806
98 0.231597760666957714388160893598102773496866886002566891558768232722445426071637602624631523606778669365335393
99 0.231773141834131627261825082592633367520602759601542979159788892416271347337841225366655280691594225367493994
100 0.231934812662890348638028655405360785573493643009711099660287871136451132830442572252079826122465080087601618
