4 0.24322811178595016851865332014114981655412829901389253065902950618054354311939837755261620262801992545198075
5 -0.8135424397245947067219005579688757270265021970311873417980856537640156441881229996709490693642999912281471
6 1.7471651155538919318108908406065366256355495195863330799618302716457082959090261118358195188005130995544135
7 -1.1818516418997743893604222647777114817196372689459472158427973678316036479275103868184193648958287255184668
8 -0.28322869538742485036393431002769090576749849026227872228591420124564825003679621543167601593682302352928219
9 -1.279439643260974337444911292663727995959320654081379172412681355076486433698603621933041303616996029911207
10 0.32975872806762945850694773994359889609169034930929259202456270374592298265457174309496308930105053759889097
11 1.5594234031140095864426289274561696754079625496726911530102170055196873827553627978209573556848659861276901
12 0.73455115029330207807044384815164603200582613767678569081883002820240028617982795117190828640176107673212006
13 1.0894126849890503255705331240021975809110944776293681066561723192589091109411129634133607207738608125815741
14 -0.24221070407063195637084450321166191157821248681923824305782573399433841449743009971539284077517365057903008
15 1.3956489614080516280454225362009257713070228284488787894613616122459092222649949168934154687395597057165971
16 -1.6315075093485136710563985908143940575721077081698131242386231142447408946360170502722585060508344575182167
17 -2.2407488190123585310180179251341624680973983641632614617503296124282974028824957394691126973519052013637075
18 -1.1170203879377669565173562440609242104408568186566692167112354149676010715075421420761466520541884461953521
19 0.1540614640954945983417389314265367514222243887419651685724409962935435720857022957089020196582267685772315
20 0.93591155565801976510963056404648343234421055370448456616427841134763735063753125795230114682241572761832232
21 1.1974507506540103731399825112213211217834716436044974150115977418740274806150739956242406520467083343328608
22 1.0982156491106712460075078256353417561023798677383952112083124327527002884647638187744893651224362728683626
23 0.80178697224677373114611106856941307418558948921333702706212887460207915041285659537098054597067128644055406
24 0.42485912005624103126692854314120283706217215973955108775724779050083073006862734399159612602441009141220877
25 0.03768819454212028224460900860797960066374349121852309501704770432369844760944553066376472454423953134445253
26 -0.32279586854178084882690666192725192622832018976932865869911561635617553946282519675971769921400691753652988
27 -0.64044819410800223776383963301706274411336016080361352207176825564549952186513526774314785919476969032828893
28 -0.91093334346676993171448228871390567343395274686309779069203168866667127348966340256986878955298389186838583
29 -1.1360437134209287111970252566132243512483826389877620151293630695905585638227227244058656890906058556516294
30 -1.3203596067386176673561417517361723370492678578149146998823895207356623654031471854245760659694317270111935
31 -1.4694002114660921660621434964773588108862962676797562444092556297946980027695634983557872540913910826361774
32 -1.5886659554073088800170194622821126668655228261519185833326606140473234767915539403891092185475358041323505
33 -1.6831900650533912509672491690559719743220084572850752630387706378837163125819346122879193086606320284258756
34 -1.7573688568746341340324463844130583628591327148424499508614774655333904641807468538137978673128577337480093
35 -1.8149368571591671762880938508929416783705331670291793029525374840293263633710772225312124355175460134509163
36 -1.8590113247557229238946933059939398868584786875246122274629157877819933983281142023282121793883087808718481
37 -1.8921650507719449458487054448999239191546619878170859874425328149639187703744277278252187618208497256130235
38 -1.9165059453813381956439318945242628354286540760905572108517148497215217657404524018191264826081967556697418
39 -1.9337529117188266237449756049529305061644039941918598713124010491439753382929015337063936251697353499025973
40 -1.9453034992708544676561374383847172808226464192973713940082270536897116750330663137746779598696946781051988
41 -1.9522919815727127103832597561273752742451776656758873654534147814246703051269584628287364508655758825702104
42 -1.9556380694150929340639957949209419360031059363493016366013908546788747560070443666271621605723707311041891
43 -1.9560871704377881108504294995744531097098848074889542197172904091814932890151756533875784629511396569800838
44 -1.9542433464530748068317505805025409998252257593370822197325709970739574256425193343207607723093207153536644
45 -1.950596128724321928063390215498732866686268488046209373401148236588403405923817904708221432311213362785234
46 -1.9455422535429543169596993169979011506399355204010509897902858916901919184808031668473990604694351985288249
47 -1.9394032424067299501961604841322524186249675548433837918734236907780621869768876590044352886834078771226145
48 -1.9324396069417702033343879377009802722660083018416985905552192648606001065880073623920536743740716668464366
49 -1.9248623245358514166695520287780710189703019083780124588685148623123813314196831386192898249940099620448038
50 -1.9168421129305124868806206027037082228592534341004601215107188732994650529374517808521303550119003595216919
51 -1.9085169322405791536838370611585027667995136153556519044433566097729597183260832818975601178184255597742755
52 -1.899998060107367372402814485478980203392491629472525959628799634327750068857304147489182323599247500903861
53 -1.891375018003462340071241052277964103965632235998831436046979288297627880668206254652742725228217824748889
54 -1.8827195718594111522618683581335948832356399957889948238249023094039721469105064969117736694171547572644468
55 -1.8740889860109379313402321231326432670272478147122175222514436774941885573070962609539294402281613943034637
56 -1.8655286740303404227266871264981812715357581098433081421495353813725716135412386107123330937987481448370743
57 -1.8570743616460784020829395659875527052735499974431887075410701775831877289450555036450662122090106935884476
58 -1.8487538542847906592030474569156424806128327244490287316415944377204065736553149025663277535610987198500038
59 -1.8405884836550245940544222878738827576939647081052836229908438392604778166654289921603972948379558309875042
60 -1.832594293312759115881567430942772698214985742404974925034208927468486950397650782797345400577787877377213
61 -1.824783011567016741076789844202478264775418465000258623076904566347417123223560786140875134785239004173635
62 -1.8171628508094788273798466499526258235053289306106751970526885851258908797788192301328202060853921743087366
63 -1.8097391649151502576354510643341281392297348542280830913730332227763624833948895821804160564170964283238048
64 -1.8025149903883176252212405217058573138593666050641744370565543522688790300979083344653262426201558940720382
65 -1.795491492122819962020877839571901404722857139140754484358451887841896063563737410714409946236053555617894
66 -1.7886683307726883951775557535782916774894066922502504380576014782734017640389034355178748412172589412882427
67 -1.7820439656016983574136386544164553498826653279224741702097654782137750667105154805965235147604950963998514
68 -1.7756159041499039109394493429520470986886371316529399367993145281850944802980994436983581577674311191721656
69 -1.7693809080037622698644724634356567150573440611033437752649456861307783959556494528096454472871606914979764
70 -1.7633351622900239885940110015783605795440679268504555708783200856429513187208417224327512446730394040091871
71 -1.7574744151572096030845986773820163142746276515735260353591943615246321197574506988443407741169057537026733
72 -1.7517940924023457061639515926876091625066839798628340142409206035030304654509632263796967878245767204908079
73 -1.7462893914967829182822661651945582189417203567297871390974625360372174854169799120000292797688051135973248
74 -1.7409553585249562225385295343203768172025340139094907061281804354654987473255784291180147576274523084675606
75 -1.7357869509430238376914455817564672093723407145179679918631274837483290230563224241433309687062049101770711
76 -1.7307790885656057224018541208811702764903693916784867901914357531234821395808167440859946710508163559422835
77 -1.7259266947783156790856128230410671085662377061201290752695279548252561947294751251537854093104741645526276
78 -1.7212247296352649307507525416703891697328997196227207234399719175652666243176267555495973598486515493236271
79 -1.7166682162211131871700762951998218602444520078632384326374781129724015676804463124807317508139299428539793
80 -1.7122522614259314198485806384916485064389471025206886643777102463276307001005393110959756434667504231648807
81 -1.7079720720894834529488489767842822708943199530113324477421615245264493062430353025641021134802064174916264
82 -1.7038229673124984798694766971662532516272775330415644879307255554107475071495396629169293800870572683075164
83 -1.6998003876003554347597182293782984574802595167521408007032767949300978928197700995504018789769088124479177
84 -1.6958999013946416726377638195865775684754509892495937416441144713625806889606626773160026898804812015104654
85 -1.6921172094564404557379615398216625438528117178591089304095928623919211365525430898737897312002916763715425
86 -1.688448147488791660853544399058604988206593342782010585831857145497328543063122730227136452619072441803903
87 -1.684888687321966417387663582285990161417348093000294782500951126384498533952969699942641179171900575609356
88 -1.6814349369318650966714573724740147280434491769255799335161605490821847677630147714388024609701332814206778
89 -1.6780831395172289836519146594027156797731520103862030492060829888542776334416665640481475579643401852134043
90 -1.6748296718239947189690643603012285460168870130996442581477946366170941647572335470965497290194243810573448
91 -1.6716710418738136107765426021047990602052471249547944551170594514941835151370545323742752594922894548754071
92 -1.6686038862275075400855167992235305881062593878190849630058989272288729891751574473931657968625940066882849
93 -1.665624966892211220756447082344323244781476439988721254013227941676046640723525321552664883265766527252788
94 -1.6627311679624684660781479887287688478055319297629014860063318374001988120904957269696273110978758919694072
95 -1.6599194920700345713876155063534476882958943619811026127163074855128288611365567502083839548542572203497896
96 -1.6571870567041099710661699130997862831223219824863095601756577693560965552723305085284967331251894972533883
97 -1.6545310904527929247861521005911787577113246343089094967595572890917931518564947597745294093674969418248481
98 -1.6519489292073575560506192593693196360032254689863657366947363412581604346673305860995327054932943085813576
99 -1.6494380123632589118597852134395649791332874266593958286869842533601128021709628818570751777096224494034484
100 -1.6469958790453048812951264983242798475348970265562445530993373776938913837901237661467899573613283683213029
