4 0.5581717573649040478782793780921832539935895210915463158026087953058386266187080271096641671200025604875911
5 -0.7507079362144855459383893490884218041170832776521419227286994176611882809892038946589825795413869840516537
6 -1.744650788404706087058458761389591902794435179639457754901147169543096569782035574670242437893998974581794
7 1.129248421386636749323288205797351500688521446261993979391293030672162120944952187987274114770505311426208
8 -1.860273749793631573062225823280694723502341966526540616983169691770274904655487396441367673260141361843699
9 -0.5075656155137626048048827946387102839689711415208845694772061059699690467605948204879585276923943829219926
10 -0.224117639439773544547029325337069611789759894267876344862632277693941127211640882267655197455262718202627
11 -1.05699019653114386575186641539799157775285374944772818921143111665521295450719650434779858025604890625124
12 0.9218810480595341517905010857846289152603398781445905932626893626765658661671034192747882088200512872872101
13 0.687005855496910488766508959245258003203276019461140908189513030867187272878482427238633421162354073748472
14 1.715202526498814129889626699495128052386679217259461019461878297802835351127524740618433451110075200035764
15 -0.2212130301339145857550367180362697433998559659354322847078097995443579497857508150698878270509033826938157
16 2.345366788283004147575522851933724448444581254673843652401965133867090633031872308898906572969318018438544
17 1.826374554024322462971275784150436887546737247957666937783732441519456242027018834864658201649322062733057
18 0.03589443039570024726779402113295164566864550852845434261621272854619352935951199093195205772742473501747526
19 -1.280430947387584140716371621011138936488606141864166721150318264795823026063394300337940300991406075996093
20 -1.770343641872342236375472289234093045474694789725639176322713215166072080407989098812913616892732539116676
21 -1.66355862984472556090150439999463829439195124600790804015931999168972324314778053814802555253894446941331
22 -1.256300596823854690778368939971145240796827825771008168978876359822944550327061556425417580551863483300736
23 -0.7567944350300247742286972955780310153887600143133486713519474339878554898676030632796375419187202587644212
24 -0.2793540635498254898182958326209525523942525167582451970503189282042415782989552488965855191429654911952242
25 0.1258521000672913365613558166504385108327927148069596401197994604841571730731866141466800249427208556101349
26 0.445003807682842396816424917297457765977138596796432531338556082430266921492306508640483919219246656193818
27 0.6821526921030870942958383373253065823339824162759898410767295528757894022821255472658834441175805939210703
28 0.8486288286536149771302481333426903707480345181978557289334136722127336224026774579472574448242573578037528
29 0.9575588352540205196584505887662236895007854821811410279963151396040940322912717281497184644127779516425559
30 1.021323663874255274766294205162356370485866028159530342636745130027140596583050483849947631542644274162844
31 1.05057844219673044826334393149689206117511077305036768703623374548914578702136155782212490660152981950944
32 1.054042952416314624934749584033709638723005580321838615593963802559523353203382439282998703429584128426999
33 1.038636030318483373947308481262256031077757302638221026095624937115384782530949708818741200747604544346963
34 1.009736009267614079917343953536065955459700295223807270146713950588235170474465514922486785215469256609213
35 0.97146286325319943831380616614628389148434552077648263844729539587314632569554411709926695933876627337183
36 0.9269368808176567991333036457136444316195151670339321457442985554715466738467088188548793385074292294100526
37 0.8784982011263060997076677855268556037760296459778612998077321351558210038451559002093409718252363425406892
38 0.8278853698498633136193496757005780262566615257744162557541599300510714553186788116826687711462821633430874
39 0.7763768898524578902348421491180410319370351590695939810910666860443500244045653115858276050359192114884544
40 0.7249016314982150092548351060939185094387109686552282418598024532786918596291627796232350957028443057839034
41 0.6741240495509998140862224182240068609914830171384104134765120664931794314789060965119439902341488829388508
42 0.6245094974781165578003002450168515035312144927069745363198846164390238947585324969001465374665951977510024
43 0.5763740531924860728593062300780323591567635538380338360034108968487378261577414067636152965121824214392622
44 0.5299224070715727941079260974053761790844937715884182514949612340499515555670069283620834664700107784597997
45 0.4852766059952211855833252794236012374382307607623297928273692556971421926039059688121147037014029287550775
46 0.4424978208492764006598000963551289524211720250577768675774943468609696443422284861064351544202959774174837
47 0.4016028040161259750671363722474220653492435993753171897051562009629216159798836394845675193330080388036675
48 0.3625763109397180396391522465863834193079328802520449311671672650807979700055697154729739434043840164778724
49 0.3253804564346037791780063047651405924598476944934221439960354067873374088898621162281254746443883373630468
50 0.2899617437839768483294059941204236712872221269019258757761676755682855754922216996821687413417081586447649
51 0.2562563272684469095181914376073602019646820443340726768583420429337644462965410596393764578230332225832879
52 0.2241939339085533515233666103442620379554028254861302895973540319092811416664800306905934823366578047452469
53 0.1937007678635182643386678017579318795474400226983467594563871835541511123261666063517450293681981118765042
54 0.1647016433189124044466884621748705229356538289368680052089984129047497710279546517384418063655938294883566
55 0.1371215328382023393486983046659946856233127330515420576377450715613444482182367051691306390845171546805221
56 0.1108866734921559746125306341967577877885154046542973223213060960969912743315419870323006440094651245923553
57 0.08592533916120039458358600834390554166673427566779613823707143303512628248186362930347509912718982635261474
58 0.06216836161659317035390490923908050830799414584927673980385341940336093595504281247506083989698839051574849
59 0.03954946335392949483450124874952557846237258214500835785450985712157696511525893931087343764885178170617289
60 0.01800545018804275863966512932101356150414224882696335338979096173526786232792431207101984622750453692495536
61 -0.002523699802431439277336393457511000532375000561902061493968357868118650036727274575705602538682854007473135
62 -0.02209482311909650961230730973682042438704838581955925787124117362302090951294838770246141802458785482931878
63 -0.04076161228956635479880005442225321422312973429548214070933321116052662519371557920337481653224059641139488
64 -0.0585746958380483137713543991969540462875327413518458112258353288929641790215120349476760485724564341482674
65 -0.07558174461824071710673957881158193092700980118127825772717532378761073427015673158753277505765884463629986
66 -0.09182759534569756535450394842052108417594027543426705603625082960129987562860801050818148645545267422127787
67 -0.1073543844654892233974700260928259270513178564795256066847314593187496247330311007510130882642833214774847
68 -0.1222016872517995253088200030676905443055446548260737737361569410264362670618327576378951188946085251584028
69 -0.1364066583837098851134063815180978557907638269145973955824185104335508592619229521793350627298132494957804
70 -0.1500041712712811902838198606854216099089938444863297614192201583388289230684167362542671239535324778651947
71 -0.1630269541913649174900430390177804370818283008754329396567282855776478957426367534614810408215751188567781
72 -0.1755057218895999513080525687886778189673971511165375754980033518085592538304728800593055293246006562740621
73 -0.1874693017570562146440438141152460418489853014576763605635167485204234057968342705266657951303087366921352
74 -0.1989447540303135844124577606463859674864089909280763462609231164963148636481351900671446611902250733258881
75 -0.2099574857181369980823414856250119021304615939955498264277274274907595837406676225668157397754188378446315
76 -0.2205313581461904409434593764094890362008266317674897250387330473273199460512086562609363499342419018143529
77 -0.2306887881487771100613612017398995994786573140989366419452469107993177276397400671172558860981975447528122
78 -0.2404508430352748691088870480781118707571773046675190983429259008809651106762826888078711925833930907636267
79 -0.2498373295279421423405239379885319644596707941979966448969176344489619262695037004367252017434589619541194
80 -0.2588668769142079333846184267350788017314789121907768638006917939359239496741741042678589521055183441956984
81 -0.2675570146859290945584341607491263209877312896374966469421066814559001914872428658922281470789376619128624
82 -0.2759242449546485827902184926852224832969678807550075812187265691266456872121726069744450092641976440749959
83 -0.2839841099389019637862921975607972073361230804423436225840561390311453434577031421304585497508383388917396
84 -0.291751254819625545718440282004379589651745328660667065746858735211906227151425282793151456467151692911355
85 -0.2992394862546636652520286208170824113479999924296385701567191310524831074610159272145540562022122757826667
86 -0.3064618268347462674812228862417077985222262763650107368282023602112414372911375479991078228542183098681604
87 -0.3134305657522497605983651862220145218912634634052375129291283577710450177501981875564827042425576714563437
88 -0.3201573059414290066273761512049784850664806908900879260967666769835242927079798435399337054483487678884505
89 -0.3266530079352684892896076409459403992760792569566590499780797065238057975718086395074677954551130200528159
90 -0.3329280306701336945503175538204995037181187633841191146250144690246443229135695894295132848580084871256405
91 -0.3389921694553696091770987031643052940003039375823738338463377137016494240490545396667907074663796529666695
92 -0.3448546913111536766763697344077532493365944419049078546711903758701432999518331784784322060289234841339055
93 -0.3505243678644515509254021691732524979077329803890349800157029658116870785337199427803010856325932812199269
94 -0.3560095059799735627772906803532981554842068827324635384670155172635357790397820198679916380882540806443731
95 -0.3613179762906717635615194406071710600809555771620726171723229978186787169849540903339333803437501490077394
96 -0.3664572397806020606505590541416062299084133486806449881605129169600509127046041148911469437830303866919668
97 -0.3714343725619285215475594705891816153914312115660897261417733850333029956263694266756505615573863368526176
98 -0.3762560889774739610205514477161360916449068633527122448835738294716947954081119928218959706034221152012437
99 -0.3809287631505153849394765183421748205493331879465127811713513821727631263709713733899481787120311326167723
100 -0.3854584490944679399091591093792123447703775144121519392548624893763343626840130581361835885468456632786267
