4 0.87755080252777510482516857260790612311781275116963578700149745608596781970673190574114103400595706080011
5 1.6501023477419078659362638252039523577835065059570512398291824789113671198156775134181491886019352288252
6 -0.34241605439891374524929740313303371993755206806751655724023021551822991657709361199585937532536831917323
7 0.75863191447596779104233451768245490230285065680285929925479919348507572018734765189977422044736283660267
8 -0.44784542895045241607857413916117673720460104382665485060571387996024301609470013681304274754610027605487
9 -0.81938521482991482976890869229490591959763422564346388185468856442679506751418335090957583175664051404987
10 -0.20554913860896935941136510875759290410535330800005912373010818049025312072089214252873274344342061903958
11 -2.1735553593109036549818168727504516103727021086951605176284256158030074807487465528089862899853881900175
12 -0.2164635276551910405755157992284344980028557798758639914518016092346475051477532794927379171656597176276
13 -0.99664971683816086102337096220579505042937877516166360119801638242754878595638480595073374969413898384302
14 -0.10271813986430666308034323797321108398405838077985555658011875701070185005475558451244989531835610910238
15 -1.4937010140996470103186370279740173993135967896846439266854319949640517841498933509128618434592888892068
16 1.4439427953762696199559193523126014442040314046517026026588685875458559270762721978481483257158262731679
17 0.31249795985683192099763705255431932294922675817751818006621282654047450071982535518268497654995969145536
18 -0.90844408546524762008396905551340832020514393873625353930498208476924121043925154089592013170739877270957
19 -0.86029543258434856445222264566378789582856094079552144878665666751923143131011347105922900473979411540362
20 -0.013295170900556697429865809528287014252330957737749808855676289117118206206295953864177955912336035024966
21 1.0051052933704257563930353226801658167277444992353533711290530119730736159197103705306128119870958461069
22 1.8531050702648181175258577837578228872585755559071874909711848585254519128565815140963969210120457592439
23 2.4254439953568611566384723487910320601806643759086078820404098798947307108450655495667918963960454975103
24 2.73684619318510315545733521390419060391239880789691403877216157303221181799883317950835810182709004594
25 2.8442007460024657165511414865127973383862238080528687655080162330369404026860893370328865198573247299939
26 2.8087207040777372724590188263134729407516029752403337186669514296531616320767418076087544100396288522187
27 2.6817288302321878930204159151861511379255562961237984504692963571142552506109929322392152002242460918725
28 2.5016270547883346921041828685526194919528104292379254306224182163683944366343755794386114174917424820589
29 2.2952378195191607846054747842157600909210617448769365565316384378046633873931776005095542955426808213993
30 2.0803496649612825650419258496753324029695580543952320357390747430303703257071943775848005280456680674422
31 1.8681952652869998492964750030908852150482234069759233325497330939196382996615980731885475441375575125937
32 1.6654613322595548512064211875242717653102771925913079583185364624490894115255622176529161419691854054136
33 1.4757864400398850514646893820905199025949037439902523273951900196344909459083348483963290245920393596219
34 1.300824843646344984908313149862826553924794338719447549486376254436661932180032983580164210613187646849
35 1.1409789065845599879985585080882892470730811752421994383801126998388339807233430672401846251152698450639
36 0.9958920143142602024397622069569624659642154750295124384263951646285656895856183042386277734041063341081
37 0.86477398368075645106459577497575716648292719324309612446053908619217286171663819223407316945175927402426
38 0.74661184397035645702696913426964423239676267131267399495954828625646231847944936893279868243394201322865
39 0.6403034022283736357864506974224941496226609561126889391421589628734614547829268946529860081987135241969
40 0.54473946249126962791066733503624858754964939461731477089530104590653876184591849494892303647675290550288
41 0.45885231516333836849492928247700771638178704696339279890797119120779548199767910069937798845011001457342
42 0.38164236114518431562739712332818781776198544006475599230709474469144144192115459429871202412008529474247
43 0.31219079181250436042989768035723690395271081300965513521928805478939906489439226802201299292366793776414
44 0.24966357124141615034631875547487962391458319056832030609880478882672203241017077972032132517194173853103
45 0.19331016675625820541287401789836962206534507665046742047214140912638512535561011446520997361340466336081
46 0.142459269209154661933155466245893583299326768803269184003011597662828593749972607129514662928256370677
47 0.096512942442736219070661457495013094070433818211749311694988513256441321632586504546141549731841197768376
48 0.054940110281730443545973684303176041417884898393277400925437872869483498860426516177389470862042159088322
49 0.017269939767606313869967966509955212016351898440789421296389539089130793534830259588299749825983649991896
50 -0.016914549076403331363109214381585243220228815855453030593228776322624246760665307028061845556167835629151
51 -0.047982464388543787550906819357387961809663578602448527667741398547178506649313312386666498482913463187757
52 -0.076260526141637655147219510522972588253706204418253194530496868871018097162810881809197794049494836569305
53 -0.10203802278512066218014201553545909717821843939871085714716005664558257602930297423397809093495059606506
54 -0.12557124689405454875249328270031676161807940415639683461609213303657931870380618614245710591064437745077
55 -0.14708743634542687768923875989385523771090586041010091399131264320008898847783334840874567832499172611736
56 -0.16678825829806225718026940438267320463308562953856543978586935472853891687638357108480810446244739215405
57 -0.18485287785627381154509820076300595748769738517076994797805511773632219535682276707275793510399935240127
58 -0.20144065410706831040374977054652084376953551837014496188160779510242351433609691852307006605917162897709
59 -0.21669350478127558117547273567299781107720867515436250864646074913687622951903399736242289170328480129487
60 -0.23073797810264638993937139207273895238626358603845821247258670635170225481475134275601360401438151075181
61 -0.24368706709669849424391742000665834002978831018429561784610346812708824958330997624743727830274609343952
62 -0.25564179813430254433325902155658048533656622611521786241585314497097815587912192412478526970403989950894
63 -0.26669262202723631969039587393079243327846717679783389579644920371333679374112370399086695592935066642908
64 -0.27692063271457944530903818094394728518882138242235994770807225236405271046962777489428936513709256552296
65 -0.28639863555364456633149532865643777345771284467796420414308548860459455410350747346565739294845351054895
66 -0.29519208448865881396256165616034236154178466916718431834362281790619751074331487022153523633404930326166
67 -0.30335990492001147587456592725178419682648085900114466361464320631825033101744357530660412075486653256274
68 -0.31095521692645206941782533117830980042247641124857076631172017658582122107320249985927499305950941524094
69 -0.31802597158344285112571338552638531602948315308701305731005699314050155232202719713592762714722383898996
70 -0.32461551145006370832281567185997167207901772231689407513813733377327172151520916513689937844316438185421
71 -0.33076306484017853363032209643094439807433986612341440771785616275184835285469815724766999377452378962879
72 -0.33650418222705551257179786767456027461760457799246588545543493769419240812012793592853769368819296808979
73 -0.34187112203163054980766175944314349991178044975992563348607855173381384714036650200735777745040268746618
74 -0.34689319209225147439351887233550666022759455371934782948756088601604307265528358988999335862371933952102
75 -0.35159705228919106440704783086207313988181400532364186777699087873564589686448218753443150109848436317748
76 -0.35600698308366452621352138643429837207258703028285821910653144212425131758157876236418673499928626754454
77 -0.36014512411369607168272944111905541106993026162555367518034496523406709363488948299104074443358171297456
78 -0.36403168645494707605791707522338136628021040390653986126182276381877626688782913904398419663173604933469
79 -0.36768514169221099500238181637245423649468917399588018477282645763689322363392523873768849570631608813932
80 -0.37112239054685863372800719075328031968313510771047242484331881089628768900164715225956735233980605771276
81 -0.37435891345856616282369353052924076643934407790860666809753654466400917346747496905719481170914959572329
82 -0.37740890521882450319425329622486553525034506959240639789074033455832719845027480133370885527077659173215
83 -0.3802853954926734895673677056549497824286692846510451900292311431489420882476488787218694203126650394591
84 -0.38300035683836915545769490234460003506006284509122607408175130232000931693962275009420229566242277024193
85 -0.38556480163758077514781092169437593625709676467058950634401264777361579021647066919466889655793879605001
86 -0.38798886917718618118363897224574482631220349862339051999980603548276295921437461679781990593641233416165
87 -0.39028190397431519676552593107724107686833448135423860090360584660551719572484990048712115891212600318078
88 -0.39245252630599383501620791597748185982575148962102682145472134698262002882147698631764248030298290286797
89 -0.39450869579099578632770547692446646033231774881899666889793677148442237821665648247781623684331942460138
90 -0.39645776877210048689549602576946775093989212506876250431548229802391137921414176975027300906200839915197
91 -0.3983065501599839212981297213729134785853740707229992015176214480443186633582249561904916138572281352434
92 -0.40006134032378805126275039409138723019609568735207353711798800378581995844694187463709712540328186050732
93 -0.40172797754661228711873598289852598695744329153581795563069962433883102406470773494379308128977278710851
94 -0.40331187650552463445362616576509052573346558801579330612088190087982282488309057921796041775209755544486
95 -0.40481806318414647553070133482011057811420675991059006975897990693005242247925346730184081159515255058049
96 -0.40625120658051179358680181147252936404336573497179080022633368496978860437703115099632743882754292501162
97 -0.40761564753295029437909056702226787842024279148546732106165414694697940513908339445942207590643866896434
98 -0.40891542495151124429420614029907714436293197849938645609122263932691660751478375315647148721890856237065
99 -0.41015429971133875477545015122497252815127479638872622493723279373561573104156215459900947167864113860843
100 -0.41133577643691581183744861983295536664923648680618358131002683942245707327960562717505540552323730953167
