4 1.041949551659897573672463744832279519983340191049193431389332162576308425746871844603695758429119299290999564520444223461394900748095543930467330978
5 1.065386527583961486102472387934976633496984676313251544718871871183497608110344048439738886044428123286149947336473513249278994938585946358163559937
6 1.10284620336331875450636679462064135849052389294105978362968521307891604438318476046025777012881076103932090842809586702289901168271792114849985255
7 0.9992565779149505655404537820595250898801035921373782353705235771770199002142782497453423650221066652734533585305389081239691362002623951628983501266
8 0.8408244612746697339281827809304990319779033242023971331199553536024387981926663021020819079602913470010223090812443386290871972361370586022125304182
9 0.6824767262235791886319067532221643527029006587842658958810462865791193796172576029872206740819853507216816404034785031102573299246426145505995335479
10 0.5429246008070642468748497121719813212171411086974891974121794955510762377908650367954296774239272650940382749750639066794023521379697273147301418079
11 0.4254156964146746074078334835277934959764854288942072263232583506474531917865218277574758160702363101118131820509000113868014704422004498423248121307
12 0.3280017395368683622101815972815904504420022894164083674174440301801036207582246395610900550242852354000413957772648847676405168022796204904936863961
13 0.2474717309301458912608056997809283171224926510684485712487065745794108607220738512747834752165161589790920407230431268174146279869912690070771072584
14 0.1806967581911167281787688941439707042227442418022961738439256440276454091365736226995634210409800270769766316695713068309284160281060906838526438521
15 0.1250110892403280545983412962831977191417358855515190493164937584602961802619186446970988593347083212381145496609553008503757553663234824709751378886
16 0.07825558278091770807011012179444090102929262240269653544565890724574896807927537392514300493609003965067982800394511282047615798690088242869515119349
17 0.03871609318166462080102504183990259571025418957230022088360079557638688225782967017230960044423255459147534426218740178899253238458503634907712435978
18 0.005040435446219764841475174263084145901273789516824601681673535601847280726043473567822250118211363283860246413923158147407805570905726466362179844208
19 -0.02383838863208423311472185272664666509082573270597855912201733633724243805330495348024277432998280471019742638176761782291855039807338121191750116138
20 -0.04876552961466176093743561940899994400327384993449233974987043513441087086264167669051218909627081382813966197529377231396743212241069618294305821442
21 -0.07041415640955382236446132368949776144688789928129104080873318084183878529343957546676717845601620802897718856927689224181374232835436626797042073447
22 -0.08932392218513520668218791836774023378323451080339242635551982416816382021418009084775011154344367830391788852792810128728073913982312331012227464676
23 -0.1059304030846790676061067401965167873329814318708093067059371855902491180533930234270072734257213819478097105206724108003669683006093207067625356273
24 -0.1205875978212958647234407892839947722430655332949813747710799816827316022631313153195318323272934854619054194025136530337421580271969697265631354197
25 -0.1335851627206615448098841765548657378325153772866810745917605276575945613820752058663560448303400605528088910307174916149495440259367337869095441205
26 -0.1451616709164164144692705263929104754196932793572849641653699152563100681789026752026782795416086207794687376063291263287506098074323662843834610843
27 -0.1555148685131817908173601458667314197677707629371374217101295674174677779748208156008822137801855871591517918088863278544338126089186333860622012047
28 -0.1648096560027576760234833575599877992149879597696646760001893112384636707558670576170695350085523964071279315715845024735756688354976863251534327736
29 -0.1731843389153802618542701856647712120827410617743101411650364580130359518039464066447085938936600574051151797184751781203745099495466987378695084818
30 -0.1807555545181845691809098901539603711568327514555054987231560180144653160078117120790909231718157733359917594512403620290345478653424506287414241001
31 -0.1876221797951926290238500422893113711275479403296095920712785731391636657164090954524210795414058469899863758522537420385812046955898978374828731648
32 -0.1938684507708898992231876866747223232754899928880921762723583106339802714986974705712996966837297291829303530022881418703446010844649883409305551558
33 -0.199566467498103348580174556354898280266016515649455469018278740612836657738872645612815264266662422225861258589187570231541536507498105560575279741
34 -0.2047782175488897590330018317036496588183147082125622846944051111877013210499363919286601515481400219406079307822643964221310868822724190716280458337
35 -0.2095572198347579028421678649993623282696929659782703484026528213121319356231523208923770094076878823368937921427943265707353413013046481211169392355
36 -0.2139498672768001270421218696111585504697152033784022496191796110458267572062584317551143888367359897461804573263556686930991808640833351782381130644
37 -0.2179965292350255340602887053417634221556163916800339279795951119163953275733240082471880152991766782779551780077116943712370671232586852923338652452
38 -0.2217324612219823454147103845176806147717944051247506818860204791674273970749836566323084159958053620020137565171118479762417881640961637636390430359
39 -0.2251885591953823535751125025659288448651114990641223497975314493574016106872861898289019864272555582050472155964455012833375751606481913423017752599
40 -0.2283919878598127789420134768196480004702939071937178359792181623111899289580399186146606533322351532521684184091109519748293625092596818294837542901
41 -0.2313667063273901572331754115181167803114703374579032179391416053383580794265541364273267628011010666733882251365610432612828780829211995445831137119
42 -0.2341339097603833181751232788546323154689100108014164671989209916633666649217543752771913463980989669884236320622091298324298998886628860111982600966
43 -0.2367124019242109623693734834787627148697190458568453711853413499511419401644054564669173909945564638513469965703785640709136008973008437104050192962
44 -0.2391189106761514835257679391186631954223778332674700488933226929556340394400774395885919575010816386367870485577850612451658393103289290528055119529
45 -0.2413683561223119520050030689284726513538442924932737666627010099520041499082767978554631658299279754506968928544925957477783876393858163215751751718
46 -0.2434740793556063144321535566477272837256035526212028352318403281410625871526275859604908437203571843484905429739574530380182957629598317885891074613
47 -0.2454480382361716951523192171421648884361550163850259116184380557238647234803313429563744819701078149738200375583103728221245469352656523970915889607
48 -0.2473009755128178758090711597100236914062681236119700582601290222475678859668942018610945047736904362104314221184515292035963081055900389943873046885
49 -0.249042563648230101102387523327190888110623900261346313721786051700121304967554575782191009699000376047804344460893814904213526972905224678232771835
50 -0.2506815299541641240730889820919399830174166464855305130633931294265073389394459394649139197048433759695606592331654517143421972189645426533717622509
51 -0.2522257650288351397968632937968102712643036504590105341885399241128900620158542650177901336066147763508428462191018859327247139827139963553484166642
52 -0.2536824169882696037162976400231542672134735503529703008083813120559678577614000183240111325579122876259866735484263939971784607299271872510596095906
53 -0.2550579735739480524220080611514429194400823273748317551037556647577540599608284002479289930590048885525790337176395184173864924124474114877751630446
54 -0.2563583338828080133232779980989102924338964873779949562255804984081394253924622946419389157539368955645740606902080713647362862298200470814854607739
55 -0.257588871188510888334866031575517172570384914472635476850688493465893515876026789476060510109108872045503799194825778160635269983623496864559804324
56 -0.2587544880936144992704610303366668568805177282905223885125150338581170253172390770952438885814950688493565968216853973982127136812097584294106414829
57 -0.2598596650620080519320415560538111640357672345350098691527451746406595556744067890237561713882907253057618697913059448558492990588656325118748913966
58 -0.2609085032225113092226617907694734399267034659657622898060633494641001015966773761101842143746076526965713613724473300821334663367962257475392270928
59 -0.2619047622021695710227493641752838444111163408681230350011962795937436771862168952169179381606704493470489376277311388076221645181966020139018435474
60 -0.2628518936368553134152253450621220710200199540011660160914045422813588239490167080895649022950418756716942296202447040533141534580375054439062599883
61 -0.2637530709135626730698239501257118335380336283485212317188265408244954378936835791648539932222881759172280217041229320692906139131581831250760328208
62 -0.2646112156202025129861316471836459519974320395267159160092999187288544834079306055249940658243964387160412098919679181660602097823220113034617192209
63 -0.2654290211122869423874385973717890600196067065262882663153819621432554214747265256692659520741752037598688114287696211452598495929673959155529982683
64 -0.2662089735495987912376651868738751548591283410659048344412295185741369986973639877726603822699270204391889562975200669231015142944330944384454092899
65 -0.2669533707081044229448314952570463422451870661880569592442984952562963570448372724291905888660823745528435476432289734013998679505884918608829020245
66 -0.2676643388316133339179083782165344816314530103410722217397803970565061611824757104428741266424188922145487790676450093693136831541346906081271641955
67 -0.2683438477528807240151924877374622722708174696273651636641409055905379928742452264642727777156934570334531406631582193947960549734800506614639915286
68 -0.2689937244840501698291478319910175493643290720948245471196160093520792432315949235449079770785620792513908098402281954901021847249775389800695388689
69 -0.2696156654507625424963718463506218846593253546261350416804260156084000340384668300447641470781748422505204913016829598430535560022292013733314297244
70 -0.2702112475222647355192001699053670893165257927731776721759283350012316599044016420824109486157533686982744250543506636610255296423291929200282015745
71 -0.2707819379708951778890563552595570797242997822485980046912737717763454267386628354898223904925194600639003981163564915190850486198606050792598617078
72 -0.2713291034779484168708405411183510816946920881174107550867932911588873369224522790194978284838779793494204497378967763290631184935907999972565711993
73 -0.2718540182887471648457051814986549188705056996667363409036563471277730401931797827826303196771385841278268109184129624049986446520683559036433567879
74 -0.2723578716074564836129225031254779216287262829707484908847262592100759705785699806268131197673769784211173908355841099690140010278103823353057134977
75 -0.2728417743114908194256104465727023940453378041830917153394813317836803600469319761497025370808543118395670555639621747837094436797333401881240573471
76 -0.2733067650560618177322993230435066315563691129240028555407333085506936959705088379074559565076533742818157744524836707197672791775203031554061827144
77 -0.2737538158312995670981727458991057326825789957955458585488156127231233546065581529249339474437330444874215541107672403438032949910238944366535657365
78 -0.274183837027287693065304921686249859961458796370414669330461490015811037268066821011126866417542015520364239110135646549952981027486106053682196823
79 -0.2745976820561435980715567397254587953592753157154456199485473928303506178849609187148661269417880468999442310895397591752925304542409435032809673063
80 -0.2749961515748297804092241871966426296165053817401483301165465040189576610155848582845908579472126660174099291226706505875083973520236885952292717871
81 -0.2753799973475985824725362552960741074136763455195536369575489152749501485490848833091462181297326483956815574313063314068234963856864242356983403485
82 -0.2757499257827635962922581608347569994410690624951979805609009294932555077741451634153904228189389327784030181969054076556357522618360157490616168384
83 -0.2761066011747813799456755513206974224708992011101768815031390446730339193989584055311058496411928646315431166674367909910536015034820569222385822525
84 -0.2764506486793527209895300438366224435845357997391320373617180277441477838487843598655719398516999401945213422569654056238850406445938711550155270073
85 -0.2767826570463579726543521204094581709911936947788635414662572529642037531910039424744420769556763798502113215289723522614483056257677129176659340218
86 -0.2771031811328781479146444627460666584298519286508739071320586282868346170794139683201657834129295619735020875049974940465380663745064594497088586888
87 -0.2774127442162811427963960740139528658401733963778299899735535206684277324406898946341764908541446683240041321349580312595529296751711113833398230134
88 -0.2777118401253348812441943657871361919362780118489342051873371546459379416674022170129315996535532099488925806279921889668241282802436163755681384501
89 -0.2780009352055152904375571329558687819267821411845922149544261198344901296044688669766391731887133478523869536793295857131162894290685802753278165904
90 -0.2782804701330798658514482472565273889785735185315582568862612289911676911095252245997501074054173015351946477234714572014325095024136192000648785297
91 -0.2785508615910537116982878842902877651669504449510834951209813600290256454552038269859150595044258398448592177207205469477828417775564087422929931489
92 -0.2788125038190039030217293295234544141277154572707743794804579181474575840109529723104675916582571640967216018739119977944100507010955897860166693962
93 -0.279065770047341969874611655503046837854877534248277625999856774560669708809958021779084581290189967501557499524203504586339449665652943102032534825
94 -0.2793110138258776573640535879150688474589502419070953333429464128845106169227554435255432299843908233887795562776593710603524064140386274682220180994
95 -0.2795485702554362169453531475324197645089606683934662792175982838962208107877916678863265946813158650347007064241339903545323009477169584834471535116
96 -0.2797787571305343671663172086676289035847542325046383096811448612963782680546609475182304411759786420188548299018637747448372672521524950234228438474
97 -0.2800018760003762204098243972810393891020047203162509611083089922507103174279772531145810987997765323280505713586036210071265582162965525598227262588
98 -0.2802182131547706704526268721635680652078344281235655970938746338620297771353030589828104163795587810580923760965811967734515697896607396656055732336
99 -0.2804280405409778437686819992272417974560270224922789460153915397841201617480085252037969427830116690918045798262876310141434594258970303792693118092
100 -0.2806316166169570690385789293208340158022346416371434889073163983025899422383392726615693264948272091225921510057730513200868355102442126830191098672
