4 -0.06056996657599809383520972345565521150274067139415599188580470185132021095915929129165277742106160179614
5 -0.6028172462173540587846435687076948317950431191027003107713418333648943411559835468263438599068675580603
6 -0.3610747853612385172523390630285057869481787033425579490135241718231881358634546187847293616947910212035
7 -0.5520472983602984581842640429698050172736322136305675054223980274957495796565239335089736635242025507365
8 1.983554050899212576366401399513779248788105262111839727958481101421509093053792149711547074204882671792
9 0.5417865233582815678069427737372353420353906565397512705011535916114283556045254355169572805709784076952
10 -0.8869875233982675667577857933246656647689500321979751652101076367876125083258258381828801672364297576024
11 0.04322453220547231226925625728969524147298371977618364654909235094408237818059912517875835138604827354777
12 -1.403265992351389075761455288423112526248500675360927336792908887135866085105171565210586325589208571116
13 -0.4634310716720246076543049378820387377979771553476952969110363991370276385119672890452238251015939251538
14 -1.190757993405891610085284212962567601201128081486256385469062037133598440154087031648968298931893717928
15 0.242114946530784077977455939376210333820289282894376920081777033340178879084996289932782735031943084199
16 -2.376694801483290851983847284285981940178859409311450680934565001115370857797917431309061306907054624585
17 -0.5387958780262768640164524944024911846347454449587393935988292103453993392957764675772421668424598711855
18 0.6943201112224989704627483407802855660633081160649468085439655098166713247561444839429623286918305620964
19 0.4372046201676564706796604591761783711673760770170216072929236021951127429223006472231992263270137799763
20 -0.4251179081098647092404771452601691862849154751780136955666864926115765205323131425077099725687431694982
21 -1.196199801859716334311901220750637427713285581669371496494053129105345073216702674315027340734306577421
22 -1.62465188523729232992346284456245855846197645686160838913799674722857630695083574972595970103960775532
23 -1.713661273682015544621559910136090734519167274177479944420781915970398361856612691250413695533718277784
24 -1.554793378484342682757490737048682583255201573912406193226087974356246165263721594230380102105620718413
25 -1.246372287913574219147783651271001495452264954233615860471700876515734713348878699997429786252459733454
26 -0.865538755533375470064556700624947173167253961392644350531544964256260016142293335287137418261458957038
27 -0.464502029396706805425015716443438850600162750167075557739534537148778199263467707812544133454091783348
28 -0.07504682621428396698799293389813285414625354461092795852211620159367054619380387238399065230176222168363
29 0.285523238291930748844766774925741258828879466092640059952335169529616932024185722908774781436871816418
30 0.6093369966768802180853647142167199742573257455029398994326503394369236701154399796153776351817086818632
31 0.894275822875075285175563361245034048081968185820510674125425372310972351134137337615165902531166105981
32 1.141498362851400683508164652729695089984076548474079784604424692483425955345511377012427474471999610729
33 1.353861625002799991836657905202253997971780278372811059433015876867532585133867292372887119600380828498
34 1.534956768764139166530624819176956019331016151558933644594072517339711941341250338200909207516399492555
35 1.688546237275654499097700562803016274466415033737917975263792265552311582925666563240709762051329545892
36 1.818253910704666786894185093129999755550476611601825659097837269640029237736748716598184614052216425665
37 1.927410057364480210415074209280218820550227175612149219064143062607293735449783435199082882344347721903
38 2.018988071674202819676930572031375596695777209504160128512891777347797862445947626619727793628712909634
39 2.095593532708091895225924130643839215862223972589293805839424637472493999679177492703890975749079816347
40 2.159481382854844114663809723999820020138701679315041845822867715061061309535154235717690744454623471386
41 2.212586715539814152005545234257852501063078371979199900620121491631996677929261817998611050062728826901
42 2.256560709151652347133163365880974596366755412625975851985092843290105194764660832650526968600239740703
43 2.292806962516305835022244068730165763825668533938365139463494346628835600568594555390852088085789437413
44 2.322515736066728510343839085664367222148867375077592708044108742114044145424765538462432201677377351333
45 2.346694935846772936847396902527630560256248779719529199886521151648715789400997630753613440915500541998
46 2.36619744595560396556260736185319488708129687283546966652814405117253287980165914747655778440198670706
47 2.381744839688148239192323984253561579237039013629470146246211629270963333505979519018838775666195517818
48 2.393947717968037002324865595430038071374834346163546345863938050634196492593843922009859730010438340722
49 2.40332302069575990318040244661860528682626135927881405549051430221075754612617424356251599876127999114
50 2.41030868441416760480456994207491476475683636552178521407168829204464092606758957588206660892001531909
51 2.415276009770737042980404768061617410632603633357490086010319694394077469317452734160603423212253386808
52 2.418540073456811822600872901663321790872944453391955070004437083013676518537769050343718664473113327908
53 2.420368482623135296370926929060782557235690857184597465224700084400122297962157979437004940411498480723
54 2.420988731421889543878065723474400660108495535366004630485079182704513874498250612326367364509243283015
55 2.420594382635178196263116814446518730071155817855134504913399951672723539785691490517067156506230139097
56 2.419350263930769729430426457935909422794196291981527653356936216155952658394919876935939684957687698318
57 2.417396838755622774134941550773972397875234639286148592634179153128410080250096408252607350325016862252
58 2.414853886297982339609911636994547637174214640975657776624793801423698696930300182959248677461424692551
59 2.411823603089532630477013029433829187263378694901984890525704890160661735801339619167049556879765579795
60 2.408393220314367558196926409121956808745671100476828842026655535982300702802437316931240432857264686771
61 2.404637215329728394304363718240190543848519604157059940572973788503505495664659782556312566272240033315
62 2.40061918287668804399551044267029394363774978549587590636735795116386922633621313791962229720529223622
63 2.396393420588585456538032460138679943170841358998100494432519484158465702420198121296333546697548189815
64 2.392006274352810722425875270034444937996084812745488868990363272532084630123446988082720333936974004166
65 2.387497281552800181203980451956593334209215450251016793817568587872055383586109011725300631573293528172
66 2.382900143959289965987302211292868661134548242381773036837102746134006556038002423273492118562061136953
67 2.37824355683911840727906632122536020555650215072695733594176439415233788241376616621717478623922574671
68 2.373551916526514004735281098396643235822853273417195004035401057820474907445318857738003346484223806219
69 2.368845925105844654917476690222703923453824808234160196897400649217842810581676773031037494643738038591
70 2.364143107861493333849878850114238341196039618652046649240005026225523282628096575721414191921464474279
71 2.359458256656436792006767919244335881913645954968632291739361103773030087747961645610645262119792929649
72 2.354803810320646647135822449625253439715837516781515388740106261325329041979526402686646066904154637061
73 2.350190181392863266132209828636554709451517902248403746899445684936284532971199615720675903466409519285
74 2.345626037106177297822329022275939907052940953173702284538581553605437196479008473993380174579840960516
75 2.34111854129093273779681654542444196072919660670411065526392949104149505768176708058895392850134119231
76 2.336673562847876878101987696998411012893085863911443446880700030992502350640517646283940475254196770208
77 2.332295855587285020529958366278553228604178268121588709298028850216616617941511389683288213913620590932
78 2.32798921350874048319807512420733917243853404854632479984242559956384891112627411244386523719693898185
79 2.323756604988806720614934784107538647208628168746839593731803847275584316081209781033323494974321682815
80 2.319600288831308337769854074388055018606906415657409965285086912968020274088794629008166427269121573472
81 2.315521914701847375251481125714294053151361829793263935990435783522898846538656172469248892797780757971
82 2.311522610101653272360122438674124577570490757941206083981063286851898428481171470083703197724518240515
83 2.307603055725199793548995046208884001088623338184137221334850046231872047691035350104135862625923272724
84 2.303763550782310750062324412512045689205136246978836408871217434534787164402082417097424287962696663555
85 2.300004069641289814830230720782742969328649359239582209707493835859791386974288781295835592022327022117
86 2.296324310958744926385419354007092085187927560362975629255139002224983237034894112167542752431297518034
87 2.292723740299047352370677443977244082040754403980720718543892972698776156801916954228362287283598835778
88 2.289201627107425178334008667187508404355189858143387432258413523841797573594437948467001360027922430942
89 2.285757076781897227503385519639549428651548098301889091758290384764984344777378131890750901496835201764
90 2.282389058487545757540606792993569619018078725472410793417115322634942784874554165523955614420174400642
91 2.279096429269430264780230236800281236611671593479035819046241109237003390331654981359910196367582478785
92 2.275877954945591508827071668197154593417724841998928100026871713662065517381157137855129961867671076395
93 2.272732328197254619284255958328869830246496097213823161326760409600362264695534000950644039249423067954
94 2.269658184217966796629493468651138786427752311720765149916165584952547042436761223763655444221704423202
95 2.266654114235690472841396620640929501821715200307622914216644572584044998933676521496906943747038293653
96 2.263718677180708338868976802656447248240669227552017271059483701532355925974628561854156757945230861445
97 2.260850409736641730971167169319652419576234167650913432294384380198827087733136785753387151847087709292
98 2.258047834981139182917144004245562064748609861148301821964962170198680198093511140959855314025006739014
99 2.255309469796177340287194822966735934570797630056755578728301987028953488159565994137862330423475577096
100 2.252633831204852346867704931743634855323015005332101100239575385308593662860707055011742882929722620463
