4 -0.3535533905932737622004221810524245196424179688442370182941699344976831196155267597125968835819103931837534615577280742562312090139626843031610307
5 -0.509688110173738148177606303910891525273043796577608841201408953008088232873316587707316851811990071110714183977572735599539489110559583552187368
6 -1.314646866454038768106675325555714344570430552859076394652722035938418003060293003576999874972759871271334957365207036144930244474791160650165161
7 -1.534962038023288083553977128398850162936617990886451625698876991527326237568041579346463350312490808622327708197747223402004634018033652573995878
8 -1.592015244960157313982125747014372977878767001309666821898471397155689481810974331502059908212549487569739494082027686902096782942373582624447718
9 -1.596246682058460310460922583652170314313040250965792185561520247743225828447721922882232748329703279274774361957545225247078521845497923052285981
10 -1.583399249982982526468173819213818093194183515765364378699415016932910968815517392761013378682444370279315631295165782226549695344305113255722628
11 -1.565901058227531778707282418567431047994498768346864340049502187689041308672696941392013224496059765063855651084225000078703259013609610409462592
12 -1.548208779406757341659675667241622890144099462630194847025591994925584619991725738659010390100905808482266930525919451523186841225890623319854338
13 -1.531864677743966376169932301151106020067135321353739823700888116695488927709817539874785785882412136191453517963314029446314278424060035004435414
14 -1.517298345294073321258833187400567182550190203181953744133061966135133650615836618864554488253249018879357644379844177700847140624497316259925442
15 -1.504511777534465043578208195485011734679353566475802999382627337141422127737830441862769222879184715422817394171274796567029806932762538182140108
16 -1.493352344501650153038788215241936076790248783941683273795819710256863944929714719514658439002263711970278055942985635993781053714706550707118127
17 -1.483624061563550901985266593847476178201191728610520143509857809119148065603437073135396466715097270493144398876450473008978014436904294573223112
18 -1.475132387836804160974576269476777376084190624375497801745596501114672893940408193725925183503308267509242817724225205317515114194843617108291297
19 -1.467700885701992202827777065690596531104462908959661237247413621945183848944146863896452689749374975634235560591493182840179126183347019792375835
20 -1.461175879627925439748776154765256031112048550379548637246302666440382655731343526759152760029811434245744303469083809156673261053105602377669154
21 -1.455426127536143191487985326131107165233558688087331601435200361889542370528389851508001745056064203493158981755813371253057490313024755600333154
22 -1.450340603493276283606565212143128362515143075914341795784805049091372306913721112602411097401017604570667293567563750680297877333562216618114171
23 -1.445825756301598678439756241129404267967584283147383668893881190066192066470258248565878248328414746310658566765734431372184123992296867230107931
24 -1.441802823934217591750684529910821485649229364263232862876646847958296207648376948552014552586500766752903886054109653960417977984679085964571796
25 -1.438205426083880123751933943298538495787017744194242400205436854590096947726661290480207391946888685876335873824623806955820909999554007574399678
26 -1.434977495855165335291113932154056374306598805162493636997697524015818343006770632693439640054772608733058605064409046045366559925354801634007888
27 -1.432071541977991187606527791935866957190129941571263327772135145671388672924084058773040316050574386119702766306435439383652741000702665431266795
28 -1.429447206010043269511798772782338545321197175719802612332766079939731956792932058458535598361199895095502714338304783410604185284970545822307062
29 -1.427070071696579757463938179315927887199895756844819542031558623375999968805395538416557547325955141245868339788917960964110044316687151634803115
30 -1.424910684932239754505664999961426660134131965168663318254282868446568404021889817421906641960006628339666958497469543728522431258052663446041586
31 -1.422943747376707041106007178234567592637313693960106595476889343209977064500986437331269549509545839352143497093178562035716712355953237550072484
32 -1.421147452274974276254477159543907545146502588442840399022517964017350126701294313012372184534364385890550777293321449589120809443150686857773359
33 -1.419502936346881297902215317597983066224840340522385529472798709311222556799095906448139892080862074631471355077462861548333832908692584003399871
34 -1.417993826319859778920450158866189028451940505163803404828623308609544289119973970259223476280809447703278358799869422482983680410894540326456367
35 -1.416605862672596322736788766688943368175637438019888622450677741166369105370884887029994523243800332291657695171521767286548116231453353457064501
36 -1.415326586462141899136560146663688835240506358844126510330290123797943793738688527071763613255507406105446121231509408373715117035595106092516806
37 -1.414145077803015529148841573431740049697467017108837620706113918643439119494649606321358506370720141024190774179686470862252401111245069710541402
38 -1.413051736748208262492615085257725489176289937194627156955443282222287648607586852265436177210186082268663504496988337451094043773834211735761366
39 -1.412038099079044706829623655050319073829984079471025244203918288715369222562953804539315888794704900810563258676943463016412144371125896322347453
40 -1.411096680923237775843094760326219419595637621554537081108541903241409357134268307708379845502387919401253519467654183607435330581413656455279971
41 -1.410220847255310217911461519994182718673241414602593662609303151123977093043420279822574633039364115922999879592596909833595614028027144046645206
42 -1.409404700246021393913419549315800585010666240186154227722750602942608596458520944325817500155672638291269583091338635729312633229795521780571671
43 -1.408642984162176813998271057671218249198907798687986379267922753491741008807781703669266219172678146054177021961333802463925475741145652595523249
44 -1.407931004111011588470631117575338937800927397297078141172938980198685646779727124404094173652391370028283814521400848012232568296250672896354413
45 -1.407264556402778531880257092031703340616772895860299728066372004344095958119632605681840505820101410809468157816906724447844873061596711284584308
46 -1.406639868693941047102764640571216868510421948204416268258304394105466529154578946230305468898201421964126441150703376650553164211387971797653606
47 -1.406053548389502521291929164141280659666206758058540026827862680685248364138195312439227254965607882370815281024129266996460857164216028101579333
48 -1.405502538040819939682048522697931442136725931382013370918214592899471778700458388329213451100015618771396888038756331797581695811740806967691768
49 -1.404984076686134724880110865958458464395929635320669195863085785653871973167918815002888515797021488717567385354926761607354951914214097251410884
50 -1.404495666254071759076585441116779145370667137803043808875635897996027303414571637813446169556003937054440753894314561443893126144901311621094073
51 -1.404035042292736938569095531135360098632779076328866177478247385679143103211183975813745694199095579336647507148431532585412740438471613019883157
52 -1.403600148404562789504742713892052916972939278675481945427739617508342167301160303317631181512346875363822751421508869856896089677509316819183859
53 -1.403189113864340817846848134506761755952185336828849229158175113274118169985386681381098715293840191824924105247066064694686903772798243520637088
54 -1.402800233978658147510923179781065684491838196616406170611710676524351099646259945992134129157541777722075331729157208248253263968657278214932421
55 -1.402431952812221061683790157159186557655439800464744610807137527768679788930692582114847444260450447961913564025176233388996912062234636468125842
56 -1.40208284796271975544856688428199489305481335794990606306169220458533085670590109356430271081671818110538960476244636887224660246562178057151152
57 -1.401751617112927603468216234565502128368732921623535052734375599470091131129462477510562259848923130581295132009582721074003200083830862465282863
58 -1.401437066128227259012134140511651704822820545867039771617823087601778483153955736609195044953067162995556000194041328327971319749000124711592945
59 -1.401138098501012396886076470773557577338965098005108328926725201641908967566281594544186333930255897997525737944759034200882761497645279641520444
60 -1.400853705971487814889895588829872493166266969524988675388278781096908109816623480682692791053849443449458891193106806927973983253565520667433373
61 -1.400582960178150198073870751176043630923340483541683514599958451972521738377759946193226210903412605033948247694025625152797280654933391990686422
62 -1.400325005211390379372208117447341215519315542424177805684207067919444452985219209510856658392613074752279461743639482674556007977275765419901729
63 -1.400079050960802895148479712284498042424593857585330855592467908587107041432574197599463882395526302194322504373473570836569110388908596212992883
64 -1.39984436716140524316741705425679190067043335129008863029517413874440882104623154342045203842056813325193047773468966823498961464311873521131707
65 -1.399620278056459288602476896739011868107313121813703696457050912415246852713595975898573678162611288905027519593019957138993879587364894623074746
66 -1.399406157605284296389024976723820499971405451942515668980164442085772887938375405520555974436679840282994877608839382589206808073952387625271222
67 -1.399201425173632727275389343727050494467006460805269090611832021107925011841365857060815454140498476296923589207760396675578223399457513800481806
68 -1.399005541652097872447264398436603964491196923909777907702871397527425668346411831710216503303159309463016083117756793450452363222961897542351874
69 -1.398818005954830376213124777602723992117104227300333182854131143617487565483460487957517835125188306937870028216467152442997610943405770246091604
70 -1.39863835185672115856727513362509268106633881515953671137168390065524296581637367392676247213448966410200016121873421654806492051953755457494853
71 -1.398466145132297719325427319292901273837098780572048180411499844252309989744560563177475051589048030073733683234016820481454450229370576691729352
72 -1.398300980963994273595141052230967830568699016255561494466608919096759230852921457339285208011391257201710732044702683167531800979264546013069138
73 -1.398142481591290708011042867069949196934592361177653758623624902250892331330751560204364483817956166750036644587607635924200121905956845015472956
74 -1.397990294175553085838949847184941496521764948832589370308649529031321846933606050748094394146992728394644913402231627886989825820579208334869066
75 -1.397844088858318998154501683128616004470617883976680999526272019154247152977629776086052377760799503295175249326166053671676197485091460378799903
76 -1.397703556993313618274662668204358418155290454257695700514105181343493902586079451102304069739640512099102015867268396433556171320074900091636771
77 -1.397568409534707234537996681036021947766213207606033781910726402844324188087923024665797972801868761379659945792147796817408118515562255551417489
78 -1.397438375566075279058828179123295110097708611404342567530283242389695630012060387045498455902348452652056011163803793580399825784880490516099494
79 -1.397313200956234162680835684529280587482119767719277500181388658896381907424620146109253145411769195142187793658948201155843159203175278169221182
80 -1.397192647129632020056497677730043451056203093475932865851397127231238132396145345622193050588235323365273367356305906119431713662514943355259115
81 -1.397076489940299748206553968726051058952754839091542983392301806603651606700000598383895424862341945448106882388130407437845924161888445335000848
82 -1.396964518639537682059548644240445643777251508849277177807160830559799983644316565418441044394392002360043225108670386122980657990969871380565331
83 -1.396856534928546864692196419081277706244629850418166628384733493136467000253420196380948781443549286546127478005557917070903939731984803298049777
84 -1.396752352088128367687376638114331043842666457267342771410111465105635122958163634477131122625759740408472309642304967508742455137902415367877698
85 -1.396651794178384386159198428013181540902627208888969509458511149738332843798096196640397820828423973122943341648699279897701140437560593392824956
86 -1.396554695302073759926279979634871565671836420376442324824756985244011481785039076962052213072280910662579708186902096462079555296666648106561008
87 -1.396460898925913329279958849889840315397035970424615743792202914345708988059707775282160766284192378741879592394859831078296932951334978318796137
88 -1.396370257254684822526651239770150983173121288917359027996234334624560386265787375522046857476338422199254757107323985677763275651604587885628136
89 -1.396282630653513231060486066309648073861873324846781693423727886727233029934660685845537097576205476020249586038245184328068128973322310663808821
90 -1.39619788711413420649989000665401859263512765520790635784453320232350652675105392141323326681821725163999624644286431569140229341060015692788004
91 -1.396115901761371325940411788804152168500019269389945174133992937613066819078397798455179370443920961773961531925425670475260852336072797772324114
92 -1.3960365563964047183081617812683197200421289379476115558114816402727049243338581225385536339834175328800159726916225116869562051563683611665562
93 -1.395959739073735429339439381593869251801371025678866135672263504917634458853392717127122199074175982455661069262039749327875953334712209140778875
94 -1.395885343709039320262371483145022701980475886004048063741892774607313125245788893692871070413720215316264146657987353265117037865526629309286817
95 -1.3958132697153640147776188741301289180390925572458308907010413641388826011603259693630179333018393822768976521196512270450327645363946769973232
96 -1.395743421665355741990422376202524307442467484278589964025521307713120293258842262289706269473686211487016946808872146403866414290897095264483843
97 -1.39567570897741278310709758236586147308378505322436697691967176308140097319933938452773584272112274669602362534738790164509868247630716776054703
98 -1.395610045623851183754027868628691785803665639218591276262301115067585049753360518701900597986142646246579990085727551077995366614976877412927277
99 -1.395546349859338705881273090155271171796578785171926612273918001372503608336864872503123728927697443172705688438670680457170207078483833882061251
100 -1.395484543968006663144615125808617597614778730256547938352013244855996690864269401069546011777081131460544799002219272407046942387393150844944814
