4 -1.5362580511623308593217433755485292445388252219710654488446911937654188817426463771633531938385455358675774974771129588280942423531495849571835
5 -0.53959036024274008568943275489130691503837885910950734834662422776049459105061232370561148621962342192268685324650918296184346147101830786241235
6 0.011440694604289001227319856527979971923300477753465079917465419443909508667931153396638346810585231029001702619935617645249827675360157721392374
7 -0.75884934580918337379951419507200222942829398806848887645720766330396305456742326526269327013978327366696347721432974061163513513867315996147022
8 -0.98907793161630152203199591801374360882024228977000396307508883652206375355018750809281989607661201338546104701492994874617287885551136830213782
9 -1.0652737274538785989595689236459391484258345043879390615627393290675092380611856351543563520099775045666156967281255434727287043283709670565543
10 -1.0929909244368674439212400744756301954648706238896136080978471175211911620203466349501268724274842851434918211327429429308308888966790975282853
11 -1.1033791655636746212138883118844201789914177865692560226680632095207638732468198434455830645784230729572282012443433467581248765928169806679464
12 -1.107007969177617431883013534328493749820534719824868327907691638109625359811002503329781057880403860118651799630787515562521219607334025528164
13 -1.1078728184539086640603122735606660291792382562033730494091690480217036875985181122762157852705700834184325406061453865951392527700532964797973
14 -1.107603852626318447900573258120772871079646893316261043994277538499770570086155287457649176870247735490446887608467020016196285153350164292561
15 -1.1068998002161264527339291546729532922861724858487401466149506339090904065552698983129858524874597178083714900251916109279474910022828096786654
16 -1.106067272999471629482308349775419034123759056975625420508453000336205834433086583266856685938183921214574085856214055379711453243390227235401
17 -1.1052397565114584773522601000699127916920889252706630824915390066631606125009708846867766745027676359540360475844300918083066330216740446419966
18 -1.1044719580188019111779627991740931855943902521484790270165935975797021129892144569665670834867517369668425346138356864619562546439231734790471
19 -1.1037823184149327370114420163303420411799920815072867055817020078024906408755311382602290919190040174828050885974411234022908553398689468551842
20 -1.1031727924775698712740569959468695408497672707210418537157060852483866582504249289038664605459363186465049915720455706793509410772228120605413
21 -1.1026382338441741805805998339248124419224719342091109883378616896900648037041713908958821497896424989278628615220710992748487375523268032862636
22 -1.1021708708165235253689268090851335703072945781420402506936334689679442609270080104799036737109915572527935678055840849552029709400110376282248
23 -1.1017624101712350953698381407494056748731759274166041174988626088731547948385743290549614768943248301277032497887371280649328975723578759558969
24 -1.1014049797791212715967253266411146648081107491565992138034110501159455310399612165384568449434069231835933935630621754700066010634509174609821
25 -1.1010915019957956186594386241325359372229885346382441494220124246607187818488968533089490558310041528822132277550752806118113528412913427367568
26 -1.1008157921742998968313502074949153682820147958606332908396732308926987087082830063377220396728733276970489139493133647640583815722473001113446
27 -1.1005725299788361135275878176584240008233964570873701387176507211918818939359168463579832282775419704490453911688794757294236426944729213049912
28 -1.1003571775234369893745345875702474732735009276192220321362282358244654060537910340277346063043943007005814025696494401922048248488919565660701
29 -1.1001658808921247510074348316982590874779936326097208543139072926278963786651122964142478708624857158871575750708942567419716193262147721060833
30 -1.099995372420572655627732872203155908006552260319088804165549290056270560646885991480194563214555679729976870363933945063336393178286407213446
31 -1.0998428813271608346612020880332818482651941531969196739016956541773753390516180280058303544260406062176010881668843764181041556091118591112394
32 -1.099706055352443056734174486955467167950611466081114219506059948871670623492829962795556408270619326124134515399433650025545977631426541375289
33 -1.0995828936680523741461670744661197732644722858380447711846164736407256443054457778507827812944120045169316206094540126842518938841438411773839
34 -1.0994716902309972563832502991026980385595418496934850119740730454764685607040142127272627289631190062594366667983824165951623009754358566008733
35 -1.099370986346055672129508152317942403175741976154154657994507425710190566140764758154848858342821390483630822317759463469104732808693323367191
36 -1.0992795311191743634793774797042617418828520913744927922052329052368340739526762545714038873772445851818585476377410829607244160678207931940078
37 -1.0991962485604669999679843560268873341263695223856402996491937110135952730900952276342559655662397062001291844836962386248718980454257152216399
38 -1.0991202102341916338219097250234917829246199180167670362516065914213103445635075468554626213579457602240914144032702893441549312338710413087612
39 -1.0990506125083143199425636487525340972468837371432313152006878271020298385205976101264986614493573620134812325173423906974172965235171278489066
40 -1.0989867576056087255917462630831827942760320505028407316421427951627891120757758009694562781557733097965641661557293052280737144943211917627798
41 -1.0989280377921750919108743561793369957874539861359042709765656213307767997208493737515457620672589841891502524218674985324375969752994912888781
42 -1.0988739221548238887802481865885503583347748992204824040458867422226079063515138185388623369167877964889045708324445665726217967873882918575699
43 -1.0988239455162083374837530930133406720681388488836858636749306411432028836251892099537100095056972631706326127862408118430498108751877065378012
44 -1.0987776991175811292549665873328485934537727926394930189449834239778195343929560779557387040076110713821392722954543914626931283381485708147392
45 -1.0987348227657692461381485672063168371564586324177589012119881921985290558575946177372320191351725122193368562082753162177465903144025465023972
46 -1.0986949981956190561176499403938944627337346637890655716900494491397413900940077520977172500094188994224073308339432662884413573936513459812905
47 -1.0986579434437985915686935848934157841229040840753124618097918545016131413466667140071550873191448904575707888381480903621209377092763271746424
48 -1.0986234080662353284613349394211676893454497717654547903392155939518608936830469617683228609103440318436297840171369642694288459189470289412542
49 -1.0985911690611250879397944627180638427865530953640104098463554443813521679997231848242881855613817540166332590657785990547578963836276854379461
50 -1.0985610273836263024681511052202624647175369460082141806905427411882729286315957175357127515842320816693279571873209455846221993566558277601283
51 -1.0985328049580854609575708668843123957760062645154385011417939369171500958851878369123161393945247838124748601112975663201363203078403076219427
52 -1.0985063421097651503101891420213392024379894200539440592961043688652348072906641106548048728294901742374191758532528771753221344061498916730794
53 -1.0984814953512480357356091485570960789017507187148421362765697073593360439458883592912036508933722225674909134137517715624164673269871627956089
54 -1.0984581354695201777422854142212372098560588459755307651530350593776615848638805064548519527153078388219933118415867206452113183025585695457554
55 -1.0984361458686408317390576294670525708973009278020489462123221938836831634495175457762340958449555680156355661313364290886974530561226380902267
56 -1.098415421130242879393780193972774562616002862774694510866850883136959573334315541524185382183763901693455114407082906173684682086716956914365
57 -1.0983958657601685130907263255989008810973208046644100442166597025570331601817554971622461088992781958029535844458561629187248080001016000704393
58 -1.0983773930945631505211715529718174859960228325132693467589046211021923860817654280534068773906784477876107438245819843468616512281607660072942
59 -1.0983599243429163610625495120023319359826372087164037321351206581633379749055388531414130678947240136481224586850504846315068063322744720282639
60 -1.098343387749005365143552068788323912151010072644687308517513665978379783975111952561194161762846302012418847795444222911914768919471080070041
61 -1.098327717853588976508978698424808953783258931989211268803208629286859870366852733056654305295912392570321255200111387589775609449082579462309
62 -1.0983128548451189390504527834741050156767022261818942256298402854410541573392388652768218192085965952241447345788251271446268277782818228104102
63 -1.0982987439867639300528339716082238442499498026541338203370276335373172990263059574236910176695091539157225539007359354415830548426258606333263
64 -1.0982853351097463752463969883464025496719892002549331852843210976488540650736752689812955504804503182105171145982107084492191281164885906272374
65 -1.0982725821644287184301114358934144305588694417321159103673466110250660142926587639884294766446224571742140903244822597859507438300776859323189
66 -1.0982604428217990656650033603764685862857434522160243110502491563708127655004146258382475575611292039420191564582211752137350652660546531941824
67 -1.0982488781190332932340828506040753265930035591619567202709646909082529621851386633880176581918630632879606291766726002499641660875659984457786
68 -1.0982378521436823418823222023759962590269259069412423190124928881048308653973848159704932855679837926895137222729907430508874418409191416582216
69 -1.0982273317517747607896456068491469163552371209047623270598936861912290282480690709761829934325700107306167934058286555651709812431419679011429
70 -1.0982172863157565055226979079505520821884989483871893928667575779936651073635086967323431466101294317515872204012066319133414083231336120430717
71 -1.0982076874987298659921995231671709331299315265357600961135212251557438940330857269576930256709666228817727134414546769541952920166092037443906
72 -1.0981985090519156133779322278489717976030006934937400150190562828297291437335087684665102276804143115682876104543269186090751916472914416417659
73 -1.0981897266326590179256157965895472603563051408493724504922157408600324683898231173904602209239895005817272630094887620590762399255701517290919
74 -1.0981813176406413327654707922242751695546275454611193696158074854521057730274074712886604873682638086802993784213472186481991921716425370770441
75 -1.0981732610702520588601426793792937341663281292471007745085993492397409176766783999214734809968305091346644406842548438217820145245596376254971
76 -1.0981655373773308469980830876249252352991838983526133326375616672373096113164802556213041888555687323851740227336258407048120375007999463604577
77 -1.0981581283587071768754591338731795171265779370078324131293726782017133038518725604933111614768133210183654452127116333754203065068349014444915
78 -1.098151017043155970791428979488364905390628215965682522400688496511516938388979147129827501291897277176935804060539478930074599531120463599811
79 -1.0981441875925522635555033091431231063414489860273509873949746620005439805279680391057835587273142445540013275637180312110274466269568899206461
80 -1.0981376252121515255819566965388654272826107313743615689266577551162502644306594562855759401791916859783401049527065408561017844237153381348544
81 -1.0981313160690472449559418514462463569951791216147656446917301226338975760837266009737533242953637087659376496230492061810042279543048474212122
82 -1.0981252472179664837462492128571533816492593029973297316808248308407147159182603294655488983076788626363639503289630730629765294229660741121703
83 -1.0981194065336595191136695828443884251240537736182212642137529591877910405362937089124980527449631959214020590046965973000474713295873125409414
84 -1.0981137826492232242412683083218885342994378232138432344433543110690000405060046989924954998012145617768507402940748443411912659503362357165298
85 -1.0981083648997711298869431497860183004297718861760186615139949394792647906241585812573307880467903720894627501335439497398772623103700374098896
86 -1.0981031432709274972239293697081211298906562933128647456539628755514901211389030187858062682694887129665972117625549159778210076421865107585305
87 -1.0980981083516793952325595448737755115767404870211002267648149699865863342289904012054405416601168586030421075012521463318917550504804982537279
88 -1.0980932512911707151726839689238444835839859052165180177668738145747916777985851961347082337792935366498416537679278482460349098802266871703374
89 -1.0980885637590661345544335825983753838699287767231546785719495336341631205682431635071101716951736496018260113957948669575498928772044967137521
90 -1.0980840379091520083017397755011957373484565081210337747254544413475305712997371436218293924839133942255984461423249876725248658234662820811295
91 -1.0980796663458756585711603382530983946163723964325080119902879230780588664031531791704010655971055300998935186920265092116853828243893133107775
92 -1.0980754420935551131827913689040427137945063704005460806162265264585043376516359741804682546600599438855060567841865925197429732870874178250773
93 -1.0980713585680184877205843495973206288154444259986846291495124801728277126580602720176309123489356826110759761303130471682257571809110516437705
94 -1.0980674095504563361951455027049315596503716406423721535598878888394035467868073133100055662784479274719952768923905436007814421962932320635831
95 -1.098063589163291773110778635322543378707406006305295454363933217510227943588757025084306446442830059385548374242536969071601837538551619428715
96 -1.0980598918478923121192628943466714195577361317739233967876272050475185190346836600300295410065543021192341805718395929859848772833712145974983
97 -1.0980563123439644488741064878101835371263338423413730022093185931678297068273986753296774296967109428376600604684860071642614178234159520057996
98 -1.0980528456704872788994066276750491531116602811713520476574674775642116308800551220655152923235770748199680546726961828770478581914164824291739
99 -1.0980494871080550956677413531342975006718071376871357037461954094452929730829266693861522944382819134292447948902919411652245621033749328468902
100 -1.098046232182511143852036072413723518366879340215144589437570781814620700485788498221819376511744797446963878970851969664010934078714048549672
