4 0.62544354221988362098806633826490765073245877267461214202496827707980511009904387884760114591266606614091351087555412699725915048325890288095
5 -0.33456001129724485154382110321314032605587783102085415286803586651357210131654559891731381865785460028460822154312538198718821776671612590518
6 -0.80278000333233626075868116054637890233730129080299116740991937942036500374089258428950633198037008311047998252212188907929950622971991502339
7 -0.23272984520221140465299727844154867518487209678195099136921108846938655462762093768109478167048981572802446028285031329441878095091441182742
8 -0.6943000926447903477547603449625397030319990622488649004138855803380116341729990037522907968118829825038632275476886594596804661279321192135
9 -0.74430828667261776789508964345020316117426391613084605795086035267476495333493769161924089867236167102524827054929099917641945641546529766205
10 -0.70704702250392811940439427366903394099450722631603030704208160150690773057239335595640289722998487541484272971644314853317422381672261828318
11 -0.66438750554352964219833643353521610811456706920386549391029146759526379044679964505968518831508248217118619380763007664478011511580364684912
12 -0.63076066831734165762632404703921050943442766828718919142828385283476870325006659300412106514087881541892875545257893446935980532485733491018
13 -0.60628953160920255822628223220670209452040278235479154619023820844540101034244687507878442851895035813593389137576785209003298569999375695872
14 -0.58877582774619232929098834584335833326245517813482075575220159423653536830642800560913062653240001593748768258014829480695290649921915365069
15 -0.57619327348161760073545571771485910062465149918560940398939234943179302354214435425384548099640983824776018418658620086971497021864796879578
16 -0.56705029231876628333508843770504791569890635923776717377801199747375799459080408382284509739704226414768581880927888642518772145339628803444
17 -0.56031316414910235005985043777477272409662820348845368837507333409522898718404484381976763546698824279189796436055395003372738278214307566009
18 -0.55527604051505243921253281307117088047079319929071435298316926130033409294240323155533028632831401492087128277260741545120163963268082560028
19 -0.55145592987099526635814950058635178878089727880509092662380275539266985531855512142001565005670013213275602071827784654453000549254951316383
20 -0.54851927937823841111445414473178756600067947589030545235841677566895064204174269384996589263706027743130290290661606930424319653687209556092
21 -0.54623291550792467760287261115674046606483418197498157534376008799878479194580309244162733761751026799070584263580143230336814435547643935376
22 -0.54443166013467786222295849555240231644860299774978013907692125173441999190846563865246668264697428982853470865267608671047335407018084693549
23 -0.54299692226953812064434527636903502740834341044012994835366031680214175035589897342162899160658882676323602140355826873972006937993342349083
24 -0.54184243515706981767239831455492061420002660861874965066497549384723260474353814673615572052785272658102202413164931154781634404512445152583
25 -0.54090465156429042741579394946168914579451137806939452477514880987077199008153699554172844281809177147619667093095728996696417341852399908779
26 -0.54013619789807699259783550892882548854178339704180226291394387895943713869029400492763987241461391924597801355089939570428676235243161279587
27 -0.53950135729767574733503835574226901602394197099161720032021271957057695402519721432760848848435461646881654080906412434853503008179381059564
28 -0.53897291403539139356731484647415889822233817842770271105006209626263681679011962957664062100664158882133430266830221896321424490712608065574
29 -0.53852992221327571155938264211380771301313516955869751114045634031673555050735650778088083944896776081786161497484855215899513947853186977596
30 -0.53815610958400562689036000177909998989968343188985787268562202150740858719285271054127258094604375177337954007445690175471119643933490608857
31 -0.53783872294794182297360701144379624440993938143275327800834766686625257000800324929474196501310407138964742742843243086073694621104851528628
32 -0.53756768407516412495848541515542894694011782963356940024550234330384118918387567138426144416454858326774304252621305401607851299015571947552
33 -0.53733496639909063167229379880491150074116104181359239625434630792253046660583139961724213166407203269858256692640575134060574870797466808317
34 -0.5371341303243563660338440043743546300496254464436095177261026342714333724506803842814152505962542957903864539032859050639558457948802979054
35 -0.53695997363749052022177966879596743546991829391334775320321144427542404949327835098292156106286701555960615068124401691821404204425783050311
36 -0.5368082662449044588765789713417203076554426401181619634720726177737014042348561156922151689574685164083295203779231649623115904645654339928
37 -0.53667554725409671178357597188937625124208980733798108766646729823511498948313141087073847936365544429211523253770102187194153177587946076056
38 -0.53655896854454248873366851723412839343808652868982459851024746568463506722252290274466941362784228936771821197235208892615535132391239308838
39 -0.53645617329181914783397732771258776044086488283513744731540553770834875411321406330992611146974265908078291819956338152256835550149094438275
40 -0.53636520097723130431539361046252985521834863777609999273596283508621236595232464147892305728425897381147108722230250829353219504313609437483
41 -0.5362844126162298146309196252248128031693204500374818806773461360065441366915295312094896613044229120328699566131694887298538286879386194468
42 -0.53621243153124797182648173083919580771985144829630865800772609204868618606700898939563677628892227969518126884344833624514150106050304538257
43 -0.53614809615606590283972899883765112380737117259678869656839245571218705526001213535097839898655861375981684246007734252018175095335890003687
44 -0.53609042221273179392864857554848506657762270362059850306751772109352957695603574629668209403504931233636040700396405548538218681476691047644
45 -0.53603857223460941305072772579643616913520356205305039749558516574765566933641143956579822459245512138904501314170138537080023831796254995797
46 -0.53599183088106609844600988195896456798362557417025122455809837036704135295352576675166991239413992612898508026435547816194073946810851420476
47 -0.53594958484387518503046745653584624468730304808270519626012709446601605511027182954589341096146755534019891699820451312457482297439502826072
48 -0.5359113064135437559371689214995871600254083194274562581481437472947851836489082063690985361693546677293779431362500375800521298736918129641
49 -0.53587653997784328939709494187665385370428339376009195240551443486055357194555510340886780184922360204882841507475813305811682196006598798401
50 -0.53584489088107152335089924053251035499481372809277266714097078123228743503230535642407218103192768423331223897870938086864913316362095405168
51 -0.53581601619291079602729714723872313072206776114241394421746168068002244354766633327607032866220996028940489436998961659214073500666531045445
52 -0.53578961702894486733242729066231172864342094918892812516450018421498910429455254291683147710373433504763303450933256498195412721071175642287
53 -0.53576543213746189404055131489730069989149690998153250428406629491568523579109425852345483374428329274699853227092164401127887145057236477377
54 -0.53574323252396480092253298799774638078025716748507781658251087731927923482553458242041708716758193508827195541215257797853353926724923505176
55 -0.53572281692948054276995746925775772697364451679055316342786928255564028978762383224599033346011000961190371354811738911991464007953431725501
56 -0.53570400801406240204651307308529091473003750538092563226857126002956299593958719804231318029600598871198081029013343388152745197648936784633
57 -0.53568664912490723519143204222240090645331081572334754186986837840077737609163143688805210517195640776105914345966206706683288261090631007303
58 -0.53567060155086015939814225530315090893408889751694181753152490064818198344909797609150895927937324670886252532063690941783885550680217875943
59 -0.53565574218297857638419252170519406912006226344321796424878908326438540922257956458186032911702121203132223912312744256183222960913492639744
60 -0.53564196151522111593040161299715347644942970064607846822053852522866633920209880099017417120732456656780462425650012135279544385988522846152
61 -0.53562916193094762763529771668829148055303015960751204157245065262326121517799925048285505641976432971065395189071630632493786304904881816696
62 -0.53561725623033400050663440348714418378617693826616396079648827206593438662241997145130450546684724285954500391744775591877378464717497023289
63 -0.53560616636146620703348864987384716532228189521663133061492839111039921804110508342486164701814720047946295052525603536665042307473556078652
64 -0.53559582232413165646760820676677409271224718310092904728345847533398548545937282664490136992618044042597431620414440094507390120249185303375
65 -0.53558616122044875888888848155979472880348618039405756479271754046589381305646169558571125508845645308894872604728227824650378812586673122456
66 -0.53557712643068609374523224552934450777881913604981672169209339423419520794776859487587022553745799516213530174206691121541830687336973468965
67 -0.53556866689609443382696240714780019356712256393963613924645876738557124894290271332773481827590069795365901973338791195163925891769745346695
68 -0.53556073649344665820063817074752646882795258413397735811731190134309838939679678716317253042992583032692808296543885349051581679487933920222
69 -0.53555329348836323445789141730501908013196077048403092754280994866802863706976957075833091418510275188445030887636926859195009146726601170665
70 -0.53554630005648359979308283404228342677969970922918559629880469894110078690545588169696625256411370505182541090126168140962906815181945684516
71 -0.53553972186319828879390806510412638062362805444080775115581110878415295552762096126131082181951550017409460761501229941083484718985506417303
72 -0.53553352769404117824584481462851037965037426784515447467278785367518100321518194000742181535536353873417565815362744724242402095794100738077
73 -0.53552768912900292413223477123319014369236498885929112146748485820364396143366103343212440420783466922478370926274770402977126423840823195719
74 -0.53552218025500396021414556111158248304756055966969082729092905808762807721084896435477798592154442513370927000205049663597627470458428189265
75 -0.53551697741158967235939942660689159258392386094179340799894874789592247402533802180806758190049470954670238950953622506740988001357073802771
76 -0.53551205896560724200929086882561736429467208244263568864449173312929993315508515489868804333109146455061773582997030416064631659464955789642
77 -0.53550740511121426049252823710821924337763105199146213305708487871098332583151592603277739466435754771363997746279550649350102005213848665059
78 -0.53550299769207092719464200291678801807587265524242539364172287714849035749266482239576581282399062824886918433896685021721016040045027028502
79 -0.53549882004299480712367048361567259896519247306110608114370075525425917130951853795161481608729395849458357636255148516599030587500038581202
80 -0.53549485684872161804715062128570818270864969940734663532597447851706730461279314192442124715250098230242934314899328510866262642572593287913
81 -0.53549109401772720720892378673684589744916947881928041411649576453749158553369085970423675073466507754043132196675011349925927452225910278262
82 -0.5354875185693329711955033369563638405848544682679445880904006415164886473179612626658402492071355306552944590180134896161420392685441080332
83 -0.53548411853254631800245938157335473530989340751560270444446693578632891738102653890257745878970744187882484255630966110176221002183552121687
84 -0.53548088285528509463058743474521471128460279341238564463349614069544916173584713288143900773679830100675935605535564264896880483000064385193
85 -0.53547780132280500688811083400900328759236854847115726826996936906539667700823693042212217511968208501356875182181364754406117627896972719451
86 -0.53547486448429597316494380562068168252730323618068517331248968552931186159401330069580925901511874096697680118779072738965945607246688433315
87 -0.53547206358674047607096738788423536925699605350792185976485191302931307919664837108860501636148067113103134162698437019613115838815002099952
88 -0.5354693905152371697896784552207461803460818968744470092670502087337905314803340062383819571611438743283754417841979928782399197419843173868
89 -0.53546683773908868905201136895054552334870752162236686250486034836705877279005197942245643594475212899149819553104236278911520103299554173812
90 -0.53546439826303584006166126005279404581000833582480209351380509512795295559606681892830004470358133741457139904965555299037950545038154069852
91 -0.53546206558309287678970577037531880738941734909720944442093711811099174038239829693124054083589952681476167489903463906360915294392402414368
92 -0.53545983364650185981021700939350479849535034459545050134580789953876147369945389212911586199465827786010472585557510078012554345766126328734
93 -0.53545769681537942228670431100451935784091623098771129267039579252650873574521462419206490844526860001563146538565785309967031317088865133906
94 -0.53545564983367770723458160283386768334935459446269982863853912142572851648088994626633354285906828644849928456272108234891425629184433727585
95 -0.53545368779712371421270159611897342727886136122997688536427948670673360752548707324711354434221016919010807433001724772586040511666930653618
96 -0.53545180612583859257596555285338568081499799868103038865376615014317703321059557478306225825947763807653009079946280846890432599922742680788
97 -0.53545000053937122086188830887810842773105363866973529272029144324576817601778784609507731049399267071431837782124865028040882460820237227507
98 -0.53544826703390930121207723864178799456551683175522013061873247831971596576748894524842804668333218909047529903457513355287158197226763157415
99 -0.5354466018614566764468086260127614999399251168695866778364311196779987605499595663763914784622081721072675961862272387717744931809360503313
100 -0.53544500151078807902691313368486017851228037267617057748271156727992060772908520500781613200594897931991502820945734021980814901415847985765
