4 -0.903080257719596879545090607933143470918758854745636607493997328558318708235698497432392227786278219320854013495514328827118035706882880872
5 -0.968558686958289411202686582336912418970168573526984767781423815784438985733518684344621890031435361724010802453139114823856499400027110684
6 0.020970530823586561512378513266839817853731417186907854481751462456375177411551466111598674965370158820999563479318702705418571140311523139
7 0.466468376592831340032676641041662060422959163632951876615659969611520956964285672725145970541883298335603558098991954467802102926567317966
8 -0.583217686626938383219014367283329445611182737165413242531795170257927164509311450740414861592253975984375033269969327308902960206969157164
9 -0.448672401650381533514414774510133760353707225635331624834023049176052629618394935357822407170796276218206528515452197116590682088698047431
10 -0.316938320802189791914494985404687333926473759348324330853466487781039539672465650754120472203129471576679378375006486580848716524493969925
11 -0.238606470061144355893540785042097017487434369263783089089503274110877969675176322687327179151331538301414616031943168930387624782988809805
12 -0.190097689345328857207370300078066671989146543698284187771544039757023189136025183183739243357844078194208299288503522693824263016576315886
13 -0.157071354318293083075505465565872568636813934815397612688399707053750795502133647361484659241423422105050652164155093819640530423689613379
14 -0.132720162392018967823126707365072311546649491566725628157405686097088279861375901822741814072751876831549037516446548835884851008966554493
15 -0.11374864788357160137234987449459717529843211177252184630107561315094797378602249954123102737806112400249866301797942181791629425285625402
16 -0.0984268317306588598117149854407705338083333101895406497247969383801380100277376163304396259034586248624863331521501201802609216090086718346
17 -0.0857548812668023710437539750615215243090378160370697126301323547854247854663793343409961625300761874247433449571550850642381730498420827571
18 -0.0751004201500666528967281103114775425958983704981570674250133341960412911060347695193410523074116630126212621265278821605609651062727766973
19 -0.066032758788320207290385564904029611526283810761994689284574544996599552933274344106168871099472487524992835191567351590755816044999186475
20 -0.058241729659741824460414600079449606955229919677217510491020333838015774198148377333243115483684146608666087832461863264807469364647573955
21 -0.0514947734531966891840296137787786037361768027117916083208909724903914535835969741807204234277069600937078636039994501828886901036293864312
22 -0.0456124193431499081834622445467584241502933664500346864813276317201056139898707458879309557625718645447925156165546855782068504671593221682
23 -0.0404532311323442353898260163073016253055274051806330537143903147986785454832710704545578234957982326831950368112107616772532033430158588042
24 -0.0359039763653083606775093750925645504420890455109142690354194354949637035963403447741870066806215682345766715959834618370708947108280784981
25 -0.031872877402743604721928002730161662620919758208663094382503732832439967266792255292111661975040921697365971356447748629743660837604458807
26 -0.0282847945987415923152874908464182307429095115310368731832657663288822106122903887812971691740791444776243469871637148634120788382554875583
27 -0.0250776847644002120633582996738681072431627470732369782636213055715155314368059727911998427198065932243208391061184672915405822369942302592
28 -0.0221999374248198064448129070402604358038308266165990088813046793143138263726002987772837235034493311737968250683546235604479473456957120568
29 -0.0196083356492390866067156971028649571825495595550903161446256763388347960931874231983466826633872171964708804731878488623584645834797603169
30 -0.0172664729644891899503766067725349500355267152283239019864696039352767876755394150353579699189398089752543492869399203337566795262224876512
31 -0.0151435101654913299466409194808596751811779798352612130580655377235858354051623152580096708352344585214962219608410889973680016720217388329
32 -0.0132131895711409360400868034809680429118713725185324587621922181731744693742845750636115146403202208189036700136309576733043716598669692607
33 -0.0114530468577458053650471748511065181968228180401368425467654453302798599554214624916012851850934154758351576969730457462837065540266486026
34 -0.00984377619425918667444310490512663802104181972278746201492100305680255075563322742469330814745000350133637687953029634566124486377203661774
35 -0.00836871544246742363797020265776999614616048715342755424092699751016556445375574752302883343265336305528132548752136914879988947742267616945
36 -0.0070134261619378062957519386357986570934403143588588444128011257304988396493039146015833829554517478333368504864085230665268463824197343363
37 -0.0057653490204055770895348392790754433081308344696077848456923195019437298129018858689639208552364277243822845205451640800494717718485477059
38 -0.00461351957643122005931790377115592677139706360654768579940047956987816935193396751517545012912208174389886483249948916942928139354760800044
39 -0.00354833269176027967439687183450881609732377000628991032352539691822178943017661818391291077958845141494059815913793580139143646214901884212
40 -0.00256134633558844210944578307743760540300145766208888355358863195192127555652976682330791402627337305514844637328848436270232854480438701715
41 -0.0016451174661468129552508733554230931723401877073884162889025402355961520175424829987778807794028017725316605425927671186661404772821297227
42 -0.00079306416312123567256275980252540338703133011349629756852588832554540021465944713431017467254800087988736399633618463009912519937850292071
43 6.50656123209934461963670972545500212809535430050321173005795992297087448487272230345545546681986357742593897672577348876190502513229339572e-07
44 0.000741217694385908663484337758056239813441593021836635359591557509612700316303335916794566375669165437437866606809079347673228609803864971342
45 0.00143326494732418434560813229354667186908960697426413814789627265722423098353009521546697982212864547115422475749990032077678054414526657967
46 0.0020809290630630982939460430507767193840869665086859493995677669695228976357186092733662286365235029581224798584682546476529962107975396263
47 0.00268791640741478378460289138371683057464345386337961769067568053534404997213274774020591078603672877264014310085149991707984556996294402085
48 0.00325755549020747611898227073435667408963566045850886975379872698999585319577918295367927323556366960941676787549014333724219689570042119374
49 0.00379284211592071627577351395306481495774582522820966659964281301611616717913825741849651747558560455797197000152111672267065509245037229308
50 0.00429647838552876097118489174239199288874073753641636066400611621737102483065897820340509536964793470296235791314805810302019320168694902802
51 0.00477090648462614064262376123625383571035214375147134426559046443426615848020374801611949913052624787349038136216093260293358620914267075203
52 0.00521833803654589869390276117698667112329762142003085753002898171615676051022067277967082392760250569166895962702361518380141975823794823563
53 0.00564077967122719189520905461676666807350612175098947822275343697427925261793643885774638190622518875792248784964625152003351925014354808028
54 0.00604005535548879900709855589043506298177699126533033895204078428966588615169825367687434359846493168383321710307674860893160950678056339261
55 0.00641782594372366256592037354199976178423341838998830940526005513056328324398184001765515988004202671752778953292062027365196351999081776413
56 0.00677560633635506035022351225192120932054250084110835857998948783255305481572726766279342138359007351660160964556861537332861611694461400455
57 0.00711478057390158257203705558824365731371834368365911027521790680712203237940903708666308050422880274461603357535384386930991774124131315079
58 0.00743661514495436852972525221050701549168927340742062531398164465548051417698822307334148453741047751835486196976922086246770592640486976708
59 0.00774227074498178258093451882137399202726638217677890718606435016020831574586362653341849449606761231286379245838515109150993844530351470495
60 0.00803281268819577962948943692685390491123315215754136458496347927952772574086121823765083195380127433137667166024644344183829694613865021947
61 0.00830922014556768537432366527892607804696900837420111819603754069311240993630214428018628190864815449268142434020939835078238477294265441169
62 0.00857239435751563122408686538502504977363920573555960031000861408508326927326627080708881776489853612211858336421446534689172710391525804337
63 0.00882316594902393378545838238055059921916668980334595817204891885146955873774479759966912029898323876428955863463849285014370855008979407295
64 0.00906230145736014229664029931612978763216437754685480602129632868658018455566569999933125369226207787014824589586337320462494382613297541999
65 0.00929050916760615013874620025984383819035297264013225416643685163254292549768653724824597801514923137946606053266419712545275515850296543836
66 0.0095084443384857951670467199511534883176670256926451374839609085858253207838500983936789031765465683220630511069704226262648808431889212801
67 0.00971671389009777896541980179498701227526688873425714005360789795855534509104212890340364756659524924308377284764999609736804485307189525253
68 0.00991588061585554291660199526945332121384745240556823454773743220470637114170955199521024331160362710142435965934389156637983761929437858211
69 0.0101064669729508114003069192305484945400495414356144828683789478837932508352237290221283248892323190561813410524321688005713833347385908068
70 0.0102889584987915456442304143522440940898540276374276403191918063340850296282387234810293756740304900153701734590980477963646875896156081643
71 0.0104638068949482963056733792106005238623098016978577921713999325663802078014648791266027670349466154504572859255456374783480070324606090933
72 0.0106314328150332994041984543715003612528344894533646500523165549931833154353872018107453122232333110449020565180064691634243387431508548715
73 0.0107922283885148765153223752296103053840605344133326504208086361511211556372603020375740677691212659442070649310036837109953375837346242594
74 0.0109465595086354526409022823125679570525289554460234558384072091039248526829413653166786512435613563152191478938580103114294809794888119743
75 0.0110947679092701933862038059797297640478775073861287608483432315540858200494293333659090536698365108839764094817855931466911559271297986286
76 0.0112371730526633797271787326719873224472546452036336880908405254069535728377115119855637941675101177395157247270705558249498797862220825401
77 0.011374073847450606622344341696985885035977879796126751908862226003262974146221531459902635625563206873658749687347471486493852218097785824
78 0.0115057502141652802006330963216522297592607140880187433411162124505447212780945390145445095975638010954371724077112221222983948930433487916
79 0.0116324645134939379374035900256693361269342079517501902587425495643340309217815708022272578706745050164382053869928239418590359535934183189
80 0.011754462850849317007449595618614998205673781687527777778330497355897117197868022910000546789654005565993134708135990753071258395593801861
81 0.0118719762693409714689275189581620827252437835925392671497735087365215165058542772501339189909691962199779615273498292420773177514720597704
82 0.011985221841913300728422723204646552250181734405780565706484059272673279450176872948682156799770051735050459790765535928503285118195910671
83 0.0120944036722666937283710339267558069274534807611115307192552771174354892254107863176867122158472053478079244303899684388348236552418976005
84 0.0121997138131590011217079083839980237895809197976811947076017232393610375134615498752474454736748526567357681832100154641887302278501965049
85 0.0123013331097844037620989390567264410512092527154928372226927628939339963526766655797846000465768497132650180117738372418618959004097602422
86 0.0123994319751300134394483218446939981156342315049590267378437438317924210655594264290706236944916869657240203497400296789012911529374375774
87 0.0124941711035043149892046122259059712650478725647151250138543280055392895063278969207978882195689073486360570070674872298751438441457069802
88 0.0125857021278046671451248306525906639114852237301532378854656571500862176905002730207697031681824081787232623910113787696230267701695492237
89 0.012674168225533837936094494174168986999230333084390378351783924397140701644875635064833800073811928640821406581770419986041007418693636362
90 0.0127597046780795484294386863386921302596043003281115467961173557381388813676387719502474078366911314083610832460668570535915293308592123557
91 0.0128424393873289203651714700669641760775945322158529379374774554360372377268717653328691682525344434145455689007274792729520815752982244036
92 0.0129224933532951951099082940745795248638814946835061468085082258186755533229804161355570819121606205395398133351923285574297629200395410071
93 0.0129999811160815520892262351520040053599002944772176445711823651754094124110687141835556637049003244308398832941817339831004952739128550801
94 0.0130750111651914445779073473075056228748328886347421866957949598464240729928142451623759037127926514276505308224953646345790671733867810834
95 0.0131476863189123362714033795625363417464002183639375982101023015885235661223140788381248317889254205008860753623454378367924037056414530185
96 0.0132181040762463358241506445687720441918124342941875175744135205921370139990074955993599663925100921942301152830850902216438872251104005666
97 0.0132863569436337169049174191052506743609036406829016609329683203008003686129189990549483561653408988445253721743350758593384177899771972464
98 0.0133525327385108028939870674507787890070901662701704804386915670081476159588043336406986052927743679166569125598807321824240591514780549814
99 0.0134167148715596575421146551482221468971154853596711077226511533665265788723735337453716606073145447366976322356658336833299048046715955053
100 0.0134789826093412256277369014272772390490071441864767969281163223004132933204497885009394831255178468022782567457141340785473186463806458509
