4 -0.1515594989337366670551118700642245251527879667423622721801374407036817080635777337949121370020494575788676741851205197033603236287468235
5 0.3822480671221426570359784867487476130680008939599239228255737789075475683062956638016572545880082945584520304481363503460823487605203676
6 -1.037675373463317478770216737951207278472117983809368773619436980854433600264847551677135664975448649099218199889038325817854587626546399
7 0.3731169729923530914467917999487216684015233509134122063169421654713653640308876618787810158083783817321007159860881657361229144043039106
8 -0.3123147315663967646290540652190855175993680167832902347130333484044211763251433094956141853823354413461518323313142088832627596609705036
9 0.6454549194865846227393349158727025064164239288170644337088792954281954664852127885753434363773255854232458540762899419471281144850915867
10 0.7703627813516066184182491649153051439213011083312525871846348149277244923504317399162667004300422111687228584639585109343937828422984617
11 0.6671784009677861836059712283683362584035845713340883938830279825187384654096686337094648653600453077184812443295084681105798127839383405
12 0.5301627186125275292047328551563077046947728551983871704894918586866882140723530154099359415923275605160048778304911774661510422615983897
13 0.4058647043872340968476213374083913146196539796727021723679104771309522044034901996971272020537274025534394808442008385820789000664907638
14 0.3021235741968250750843314408271506749227517775825473109626491238349456919903475354047755375751318627972592590937574609449184477525147903
15 0.2173395767293907258747491405982899890292576702305824785311168539576385315060630924372283690121661833989798885886002237723982792569655802
16 0.1481441927388761345369405842968860960625236080915703917039996111888865111229475745402107012177811188520208035394695405192688404167114482
17 0.0913511533661157713523720912385372137183713610568549927296381466830033425588325996098733759217997783727474263438642038926716726371196137
18 0.04435601555816720537547764629810307311099916046664507947393645347063470378649626811660144627818305685127709221028859792439062687037264444
19 0.005123355982446877058770402249183080783715615816091148357405853583604585380760286697182610634891997911594173835329107174355367638574961964
20 -0.02791703911534787053675610894764137666944342089398333652322069705030958241059798178733501530874074385676943776129494788702372242592917334
21 -0.05597602629423576083388990672929142689366173574796852215220183367561892923148943061778114668917263838902456091772122032468464621409451258
22 -0.07999207980463309074687069833726893796881460028232763161017697418579308275419405948970313618209254101392558517332816075131038871805447166
23 -0.1006980003563334127543080346879148726102253747593837138415676335216247624148293213904531351304108539065933269065718826544409346994789866
24 -0.1186708202284956724248784694907676823708661489245431839553226450133174347156816382149817620199985651823245805816444989329154557619167857
25 -0.1343688663386928130355385398798925107104882951245634714290868318401459705460197313666302009295234919904189903354359342891552313766677543
26 -0.1481593084273720106650568210979463296734829004779574370769037226463437050699216197293500334995174773728015816362725832058235320076296965
27 -0.1603387332963747556400482123336121981615603220045325957218136273421257420994519567658008155332654514150537367254813185396062230736632021
28 -0.1711486147417012211882478151468554430828824255197907823811412422120687164963838776969435474948063496199038376357947443791376710597628858
29 -0.1807870352514219618339789046538325600181177335978601622049433183985948796550482048445566535226621753777142713405614107933637239841202633
30 -0.1894176394163098143584597037149714353582334812482431580960586377316213616732578792541076522331528611673558709171367023023039968264138152
31 -0.1971765284472031237900166749465116165612123070642594942868277352886842405371200255444398323505206203490293428345236983873771876261375956
32 -0.2041776117407715042719533254697529075105283458790353459762214953619805869224528550061315021377586416135348004045306588629724666022004062
33 -0.2105167930855121406899017135222796197692264210707278950154505178684840436442145898996130812069442851261090815625054304111706554001509353
34 -0.216275269804235029716588977716084356325802134583627067827046271742537136133188486473282740838643799216615633600629284162698782468849162
35 -0.2215221514751680180117007273682475516052605126532342047140154749281726014229664195356681887267909796780641262656305167838189757536125501
36 -0.2263165528310207880772589142242557269590062211363908414359142695958671378572290621734605294943622584872741621551452707696795926859466064
37 -0.2307092773707951721127918307167023678023291697460605745895761049124707353615425072184120153305758255023079684996911730970071220422557712
38 -0.2347441801761636731394395603060747421978268858802517958204339472516921192018415179132123558602707561288145408784980055577370713880411258
39 -0.2384592776132836305343893221449726627859326514816933972767508821601776566357910521515151767476915256884376614192053920803460080257952297
40 -0.2418876560449673329494660931766844703809250338724962210724287597892818005718982490992983549524120618798625436967869021532015018436858998
41 -0.2450582199675682431422820019493375116087537557265784103579237068458029136183751655780830796208040113367833552424347388825378833557245171
42 -0.2479963111101334698331994970938379036880261365611577434380839040099394412208764632063884791065122726629270661818131814104873574854992054
43 -0.2507242232593853910465146504163999329820312905022331442790056404097946633965646598028413486741952037386147027657121441988684672398999074
44 -0.2532616323712106296649613535196305927074798614256587927115690872883748728361001249087556602030899159071371966487842407578554017445611502
45 -0.2556259575081122072059985366415657465925663721591558067590850856378549062046623261022479614050527988099113972362297538980242300526985436
46 -0.2578326650153714843146175575342010934109103100321159343782240596588307285261703145234969782558135882162281839236148311408426105804551614
47 -0.2598955259033495750082692986613878277396178721057097930097729825014154143257448395328444100972980943586387472866946118141588714842321901
48 -0.2618268344802392824573526260035122185187959888350016722289768000527757580671673157319954799505276045509198452520723344095282348857176535
49 -0.2636375947590024793632829851231849869867479598077715603321056937886907869852110115973159487910302472131214061854783790166763896985377662
50 -0.2653376799537113342842837701582190705057887460527129058600634910821708114340142002623738630660458129865191347609286220540260736684249604
51 -0.2669359694152302628382529288751962704311986742156824729465226716608412847763631593132302790615132796239228249466343368992398852530888494
52 -0.2684404665814808108779285939151802231220748974357474379877741817784139917241493636072856033237708652134682919913024571486588142493521606
53 -0.2698584008929286530370904039646598764579983357006779855336853958676715466308439520675829052823654739619460872114375723238836975592053367
54 -0.2711963161181074529723658440597273380527998508732544044970845546192550834911525045414474513822727993679610849375105509826268812668538072
55 -0.2724601471226112372052986603558219696218951845545914589493297611752937542519872114455484343621939468116017571496439681920726782439135385
56 -0.2736552867790358919785045896328093424907542089155679468506538384906592037745040874229791461489623291820746794375628495513268288443068895
57 -0.274786644439912518046195131700774615772468529484933114866860827115931357161284397911979203463186036260909565423324880446321758354492999
58 -0.2758586971689878228065174496331721029941758185167666678616713847081306837373598847046658972133586290493513186128865308390793760975055893
59 -0.2768755347389535462927869218639525123365676975616286172677050553076318837892580868904406082249769863023295351475638763212958423849859282
60 -0.2778408992484981646174445383681085448342403487793131835081273872627951814321804457068948634204718421634710921295018947692058495303038028
61 -0.278758220082431261288446093830603433261738983452873349217207586259680994174134663714856758164235112611480338931273593293054755309416235
62 -0.2796306448308676034362106791663745518804377908046424025695178471299834548361445714433120706098342659779942502960981483740917459821034425
63 -0.2804610666932328252899687820651244269980264816271875602443028675550216579878722789339969302309178733564741594666172885343785301052192435
64 -0.2812521488170775936864116454724542244251285332242236044469613446843686388901810722572091220413996289033260365590992873649376630523675809
65 -0.2820063459578574636942009109353416836053166752898183145160008744483876849472093343182845415109737524248025815946586049204566526363666485
66 -0.2827259237919125439812317406404962244647315745303776646478422546705424949879440254010484838931097338288823132802146125002285400222512
67 -0.283412976169199381823489707531424611574500006810674611255647481567883146751949068402385966236393717209531479209507997736683431511803321
68 -0.2840694405535225522624734174994432788756404056765980192269400156182038268580158882155733462880258997822727216029690585830057689712946838
69 -0.2846971118649634351531120609486884229998541779722725592615708924146400342107734411903288625999347239497847706768358017861544801771970846
70 -0.2852976549109834023866942529451764182017249062462105146644054368799413013004917622428343053847107269786706067701375636433362975308171845
71 -0.2858726155685228123892108312200267477418694565592289359745768732467556452245934636690842259293355738545962223620088865938413144063808465
72 -0.2864234308586909079323219692367477604738796825934221261929148483136663161571328236258811221243210337211218193202807064900800494043256017
73 -0.2869514380378166955767075926222814606853031319351901836398513331194065115194547830509164389789099920817797408522051394755697039061315788
74 -0.287457882813266441233790383291481011283519345428806608659561699076182295847899274996837939796451007822263354316644393726573728700164699
75 -0.2879439267791608740553788397171724768493319436486089897682976412151256794551222152161023205916639437299742713857267091620426940140852785
76 -0.2884106541556353331638941633197935088562329099562895191405374076999572091197809352937461455866739466356464476597146033148524818321412667
77 -0.2888590779053189092616356202606327885651657314297654218372753588963025868992248039625214610875981303187890484858337906871725267611967432
78 -0.2892901452920449529564681185461957814219139235914675251415199154270305456679259456901493748363724317603700012506517896217080237684267863
79 -0.2897047429392599492835242610533068380690616289121769844672319386133812624808776568518994036503561182887003349795309505588716665892893728
80 -0.2901037014390138436936690682367931073892922218873800289781420067475576718032561208889560935625769258960107632788920238871335667774384083
81 -0.2904877995566593030346007927174805187616026112296089138534062601538173894792577085926694476132467539290859674909524143964932354836566461
82 -0.2908577680713468312884877304737414777016633573490912744893870070476408520048477861275426453017427111979053512546378034977491840185426726
83 -0.2912142932879805570947353321403881465744895279919549740792591981490839005509817584429121619325101576139834289521715975000461300644122731
84 -0.2915580202524133544596181041657354151492465258544871446791429635767690432814154345200442116553519088667982345680346115568302254251070978
85 -0.2918895556982391064150900276275514758488489409633387370990384339582477986055957075402054598204184012615058754973895748070970435118544947
86 -0.2922094707505237728370446043000838741579781686834961356800628413308470215271140400149843441752436898412251795215927777887909329475894221
87 -0.2925183034091533907100498886655474105782030005495627118636634478397732170148043971304951711232652085384805831306472897344986178078639843
88 -0.2928165608321213627855744635307308477952776562985243769686529161533451658456262117864188392771371233292700226991061616145679556074238319
89 -0.2931047214369906803927684414048505621574090149194245218243788555653454949205316724432823719559772761093547223873697117009647665470622673
90 -0.2933832368369156309125233154736280861500222020906108671913784771891305677077127609125230097825305693517492045240945963924663540544351179
91 -0.2936525336259631005357352575116512752440078737830700847083574728092805356520882155274571259113235578460180252940373628102200150650643171
92 -0.293913015027010681132705137169013572416899390973052808640343765602318058650327133929026373276126685891978779640713896608252449316562711
93 -0.29416506241419560496513810705906616459552930493080127049945365622338006943569404938614159442434590154047221612937808902540944903487034
94 -0.2944090367207260733985193462227577633797411465676768690003229738966111018834888050569404910861820983475952526624676370719874315795963649
95 -0.2946452797418282646256929749493960651344500933917379314700772942785122129424283625217050646439306763626862007015556135381023168763512032
96 -0.2948741153416737519990740498144707888068746912950726011156227045276751330325568902763512998065047359038314845379123407274052833175375848
97 -0.2950958505723006061831025626354236244266621254365079057931066358570099480239568755123208436574336295430251405709790954282125777380617688
98 -0.295310776711796029444501779765143745018202342897497473077643671462949478362923794506390541325038721928358857364897228377195893466645639
99 -0.2955191702283392790029293150953652694291486009867323458622156389692812333664409037470499468875051624829070859934852792261443102583349242
100 -0.2957212936761023602165111384327096258389682877265670535291894095885433262158701840045406430563919916763898813748379223366823801110488144
