4 -0.610756632212793777439961551463461844058804471048131269459711547404164949981930133159461898255869128235212385437362053554904869427435245
5 -0.427278243156674907949094544680923960677863379619815158698438348284869130021551158522149435469603572931000208312651813631702870805098922
6 -0.473567779311254629385504176879531076314377011421253758026379329816023518600812764277742511178647291745189345363384528895345437805974889
7 -0.258876765153616014386832491479636254334570734194328054151213471291623240392951805178731962926945727652539341083922183535403340540262948
8 0.458869906193962615726672304714402308764929953703544492053686694231206669638419552122819547706085532528239188956121715109016642230298073
9 -0.538821995854199192133725782435921912273732044165970569117016897849439499456780759646113935822520070638848255946159155868119004587046772
10 -0.243839123505577286986753229862794344290861111708139072283614820436772621730203056487599495764375140698965001548942727587774695716000128
11 0.120847970406106304375935343441460959000359956861801240092287776530157593868181754949639359200318724300068794375985846557582419765046644
12 0.376607864176697409771310831191413098512501390012607704789336772110147229492908893054469654794554385280589267767426996864592154458815827
13 0.539411432046133815860099486528822238946742823477970689869782205841674187441150133592342055924868784352382561223276764086107340789918975
14 0.640904481536343937076347316391202723523356855075328438891292305851767931216780405170478004501105469161268647514724440387188127510220887
15 0.703912843079892043965781592058665952534239386088230836421552223434856582770520256300863274706637880051015830528989216853440412154062737
16 0.74284496030478296481102566238378627027853317490036234789367926898852951589703728888532833084561626386101985263352236220880406503254016
17 0.766576221970178461313651302256637087736549385302765061698937119862428967620995075843539688734334628729762674814821375662404899115927544
18 0.780600640633304686416125666657328626557797645095941549687834319720978793761929112976699875381328748061726189916696088675988887102107274
19 0.788366110996605188281995830959031756323453726545204360927152961602257407779392968634325878129298539305326762724824411179329062347766253
20 0.792070526589844144992614888975054687245841779868245855592607723580075574408757687782390387392462154546564392118850169991466453742624131
21 0.793135997251428152939610590115886042892939620581254108018516092251893129216781754370777398045905312578029368067309072493193409174238198
22 0.792494820986825649711684065556493383999602898535278742300555313719229860907575835471446381752112313301512499724353613481099550234980647
23 0.790764849442462961745136440910537757967063085856756312647905460275902127176492555929426955273544991487407789084182179114242518063751485
24 0.78835894931445888472602844506503241970226612135087357151941046161707163416143479287915227372419717199430159228716603957027625655729928
25 0.785554514766709973301650165088930149730634153410190702422113587632390118057727125402781689274686606295484375998772150618368470704559202
26 0.782538328700680712076890537627828910719098513977448858780035000460609695834959402132456368971830458346789170714066595639542828196099406
27 0.779435946703290782457647869203240346632770772740004673770552012731422831956653070900839656634344113075056327359420824101348768336425619
28 0.776331203181857015209867772691796694849521379291566477920426665166750081648772076035049592303886132006474652572809226812923502034598552
29 0.77327931677553454041905737075575167807583032199310487698080416560339909527516764492665134569731899647103631873955284555037845754835332
30 0.770315789697820945432448917528707509731030651901321918432162050081416846734292166722395039882932567877713352076701636273492821571696368
31 0.767462507547103629968906518220270739485913034494218347765645956733781994214007776331449351499766958449726541838553575842177958268669541
32 0.764731953916927457854363807642712155942987684750989124947263900652272346156007286207806530083593758531165078595508679367488516996899776
33 0.762130142038349459730198532478272648802068635930378750929313085072078676572458494112922054217251696963911858973808273750073587363767561
34 0.759658664958927113237137391526648491816041155966160665622531581873041819609762914806685700224812312414396502251809689908129749283059615
35 0.757316134942949279331757443452755591034794175782258191891652107528029839151747412919975508656714038294898115606212751846930563753264064
36 0.755099196461421423719547397634378752407740544256381369666118998078274740970175898976221166115833067669302877660635621679937135670183887
37 0.753003239532454259913558861828616671506852975691202900285739285602732461081346254655109753776215858683223974000047080716141563686574394
38 0.75102290131419138005693070740463813988242343040243092013018013772552678369968249025365742038371965148476990001163296424044202547039964
39 0.749152417381528948971299255045656040299197176296162354349338023557130272077913405061174119381221552528928483545902211966519239979684199
40 0.747385865920404195468577413616622189401444625050067960284008798098364967202453710480174844497353881932226722099085645012091450826931423
41 0.745717335457644079411718209856959466505212240549483669933104898245190304336743389712452668429604857166250145869453155604204962847859219
42 0.744141037929971512188896530092269010868276105977610969782886017642531445579735341834586368921801458681398821671911485264378487858789393
43 0.742651382693183975053654164319606462567230173535421450315212198097979222976715676501028551232641484120755864392839076889431085761384006
44 0.741243022679217738046225086304684768140761209411133578917036948384755121962142751328306802951437129675328595664779350170893515970511474
45 0.739910880778473736740961181563317644517155465918729935885233658320584939127511368758219496155890843203739729739878507448890430150266896
46 0.738650162282345978413547876185368021219934264155700616138217253910199551002045602219760439627176611920402402537607347262233763570313822
47 0.737456357606813370129411550126752266073045266655908713137354842564049876268697845564436897067164309734709810967671044831544514173594981
48 0.736325238351277279474747731562299930205101756241075316125874520735166895721575865154938651038133155192342264613383228444154156659781393
49 0.73525284890050467969720577300560465849158239246109721451917099976376615647884497464596973982993373359029300020489544914292010403795202
50 0.734235495161787065096039747009504197786769489270817157897759686822854560142099571160711901474099091509987178353012825648235830256865874
51 0.733269731580408136378792559927252026925525110819557768522651946170484675568707958494066384304610585475291807653641164356050536109625328
52 0.732352347248574559609721313557177418099524718288371532966531356122517677238415291160778566634880944677388113798934831797865505099995379
53 0.73148035168328118243684814567509437884577969517645476624773735260868759035893835278355860768368193345613455104693717334842505860056647
54 0.73065096067344045868665550893816321624056500736621495914486756289621693216767350389574387313898534646592613159379925045706970362519526
55 0.729861582468793516867007785755020838921441622286847500162639553432108057229671836983313599632649328301782739752510911711516154612122767
56 0.729109804490092619055330507945818048770514879359045480918482879101620717872543256541433769984897198045162007790026616731823028041293651
57 0.728393380672623943972981180102999086909747614820589594213486045694624381505978014913265711324497608416686782715071552487743930907562475
58 0.727710219506588307670674573608311993266416308697864008721303921826662308750867738426594353067935619636199123722151448644112031209521279
59 0.727058372803214798053236785161590076270633813622312648761950109954499063804247436676848863615904050493035312897558388829888064439119058
60 0.726436025191086161459442790438557462589110053374466493889666002503891050087538355316262858158179321305012148820692083879671114010314652
61 0.725841484330295794174526628004676973659896982886805170491382878017413400014685021571260117600029710218091150671874532945604542766515839
62 0.725273171820726550157639425234542897122813232342606438898688420361286622075058587366452467216303623028063252394553918480879765129963573
63 0.724729614773451601338072789632791592458204913742702231618106252642081300410362369700963339868909603168457451923741783633546276370338589
64 0.724209438009901347108983965717330976288216240174836040481757603196577449811527656967335839893636297042357206208200448842368839082714643
65 0.723711356851196846099804677194550358197576675678161100144822978889511802917722308849950867914925850542046972300564989475168530646066283
66 0.723234170459310393437019244419367868173554122015765646166622480380752989692262573793372090220343927302566975474146062556199245452650413
67 0.722776755692026629375023237607404844115633352689999623915421494891804198028411686231119900090988553064110234919076988152301505486941215
68 0.722338061434709771650748155288064935055577923524779554984835436056342669036343642934784671101574163051655184930530877649743963718545024
69 0.721917103373389095603937708429252970449784073981068280209750121365230061909739452266205649546845481313726451762289018863657403340822302
70 0.721512959175476308262940242036782247313483651444815957901710581145620636824678221057271647699325909518793507733739031246060274973275751
71 0.721124764046394776936932762847843297300697312083163488340621389534133121645216967678007827181496227853304106582443235817447905664054476
72 0.720751706632438149900403278794568460059997537703162229754593596697009733791833795780791554535757425137673191652054264779423314381341228
73 0.720393025242218535727380192475501507332419946223767052438955386182869646805538809945491788268083106251575054559108310723693182866828853
74 0.720048004361066177579844498115179170766024584925252279767048495778126128594079620672621783886665264537870943548821495131081761203865283
75 0.719715971434672585484081574752542385288647855828197042451822181579903268548885167421299754952259584711551506612693317334092825016067192
76 0.71939629390010755622184784967616011620817990211979483268505659629110854317628434041394149874204688089450269202734348007870099476576975
77 0.719088376444075692256511032327589012253400776116686776601655690600660035399553521328447712583109045008763868609912470693268035402415762
78 0.718791658469904064662581124762246191739441459181602616463283820688109515349487668329196900720257350878967307676430527116042332996571315
79 0.718505611756267877080340954075300012629228171471819608575443520229695948696639764894313332839573993928306520260331450259968109839745684
80 0.718229738292066646924115494718765517789712243804380816498151940789763515891025670737101587088057375414440501204800288243839322664022808
81 0.717963568273162807789472846163225156912080598884749814848287622714854620152955502682975356420983284736888757541850720096499357355713876
82 0.717706658247892358984863081564951090970781693592289184952300089496697850777975527026850889709065944673845700128663778568414344997838561
83 0.71745858939935866793645063609080154897444345638889074225134830703899897378066802576103620713895446326532960870399538482621346781568669
84 0.717218965953531640692120573786312271798922089211712672371153216919815116266756844080706108700555245479503167332332590925633365037207734
85 0.716987413703101268394551007320704089747747473177032837318792437028167376104322967351533723997878717154737856998940164704688094012614528
86 0.7167635786378830794485505334015317442288718184993111042981622130833512610032121945063565384413212312468596321902450138837753794741696
87 0.716547125673349185451608788272219441190075246226231555838718900135938444994056265976357069753430489950912943633130976955155070403844721
88 0.716337737469568084093651534462293696997323801660598532147527809165449188119673760928584319983829831067501062571177616663136504002240597
89 0.716135113333484571191121225904210373219220052520774391170543613884584621574963452333442480896809717033271694518419304800721040499518007
90 0.715938968198063097678739858118287931376731842936814646332216844589182952376098994747524689682933611816030236978122555198492021590883808
91 0.715749031672358434615491122281756790785069357406435683665768636907379120331076122429137409335969631527527681613141985602243970212639636
92 0.715565047157070993295130574424796427413894556874119146817437928610385455308642194787077382726566988364944825307910586765928941556376125
93 0.715386771020594670886412018805648278526641041995085203110666351195652879309150080685831724369073139820248891261867597439048224140165945
94 0.71521397183097641722526655216260854833486733524107119798128604566532788690623896754752654215981345877130601799823264147054222714036076
95 0.715046429639582302689105390056781962510109407258001158296177890650446683031781095316537320266120863128321579788550691744549403576059206
96 0.714883935312607879415433120192916581187558942373289678392344107694823762569381881565172510129556439334605814202417825919110257757221232
97 0.714726289906883967295590581958857463789763582073018059085136017757878171220430070770337631459949995220565759694664952361549489875021798
98 0.714573304086715309595585792214107776728472039048117028175345560274285025658224793752665670913241031056790321729483391881674059956015344
99 0.714424797578751245361560703692651642499902278937876047582153670709899973469620502969702955733533096832605585441210861323879633413661329
100 0.71428059866212683693809212246120934184651700720301699117372892293809907949661404224163769749383541409865503768193768764800045143906556
