4 -0.98026479651556768114350971699858158720552939928436664601373681941874773294162854159416632672227031769205419345588368038420952437792665
5 0.1640265063604805390191334381361685799252528016370006182383191984189933139084839896620790465150410347549851422419680440093495519343914
6 0.6371788071679465602847410832245944838177801914688362402348504678266240709364794595032327990527589058191173038791190208175842313558786
7 -1.2975321088102438045438220694755598068271652823456830422458488396339651711898193568331447390614948528587448529536832420986841487899545
8 -0.58240709767556168249928933460629124949056751481565635818497376698272684008572672871133176410187266449630245666375291918115194513938461
9 0.6057089762436409137821426289123416787106969427586555739717507876226172138191365014391839595977649644996243353634218110463229602729784
10 -0.028326820359701971589174677685200468899092494846517064934142922203086805687343244723236145545971556348126438334729731315402078289153144
11 -0.41358736614692104121227190493647316575372578254835526470302927399144031881506152856506304936001838379577675148230001514466693953647066
12 -0.54181170726783009958313912407666284215988809004141701882083052679023887575014479818125440071549023440209615563456357885429849474767073
13 -0.54247211128401713874194919551671831762241952729471554800348556246774443890743445030057809969955149476800774681433028354334698100431567
14 -0.48999263231167737804491325135733182948124199076061593343792557084237946413299247996315215582601076529865234405153984756375699293985226
15 -0.41942235836723828166278104469639976971713288131440589891683906213731045682095279306405808273030077462366876812958567919490643406184405
16 -0.34627928021285870320534325046455326486184550217553403878092565213632145982798657551201003679052314417257102280390735189447281142885472
17 -0.27703230988897118919964175128374888707762275665189176333342453215494905118670425902696121201815476764545758878992875764655892560418954
18 -0.21402925392497371602530267926072403930006066519243298070562496940044172961355131109164450288133705612279749802880898318472093496617133
19 -0.15777113950413677143407368671660764068799298893076329252096423376569133860222713215836002743709230157000227487305573075435217511199761
20 -0.10796528384755778068332646050570924325023177347640204800461587966650512580999409748367562556744477209732698231426271119347564861118989
21 -0.06401420799021342170102461252254756885074991254441809755974869869876826581566128623367548800051917837427328337771668605298299344310295
22 -0.025240413808391302250011448736850404030916857290326342371913438678226516085737943901074200899957650997147229220898516357530192814170826
23 0.0090139846916685477369525484296344439236765062624144300816935548351473620485449294299001925501548098947454472759493424082520687653812739
24 0.039347172159773770563067473431739873950651618682948451462115251700601002491962685248351380216571739885375201909328171668830842521413194
25 0.066285601215063549618849248898723293301021463369065583692764070953349971698564816725068776035918858891412644317852558748206839969226149
26 0.090284741689380801797203220621265688392798442681670907116049444099866654602012799374462907529652215352212495673903433670065797128005112
27 0.11173517572205096353281480915518802072199212031487634406627160847999317325051401181273001855879836201106227077547187131444197276161598
28 0.13097045876644831176542295671582457744404210723896667044845592883217875108420613494927540254319067500601191769074210756184703473978358
29 0.14827507711884336283675864591256284021978711390665457156401817214929900370757836810621951666795049657625139320638849865943762016189828
30 0.16389178042661652831984714839293384129629438948461596784824610753943082757521191030172978532858788497160451058912616739904964183821084
31 0.17802803270671818878492570517604314024398189428967925677126471260845885563001261523299081264545719172374069566281835755176910871034119
32 0.19086154674930686585095821768037143941787850573020245890681294349567185184689087886474338630920699207378464940428301878938749292012168
33 0.20254496516959266101988068259092570833726849806072786336382689645886423672814836060790037122788253911686948256443730305211982508108196
34 0.21320978843955523131096092168500600504262957069315635114845574824224019133501193778656693339813763253681578293664197975414103457072434
35 0.22296965758983800915733718663718915829545170585007966191439335617111610682324317803065172053231245887866237958843992216502299302036486
36 0.23192309309958208674564875323494515149735952217184910234820311036701390391439683575987839689341403167499685994659275024951119944641438
37 0.24015577997266352567573341835566347257548168078455473583022057272213584169741573644549903037505531367433372442369672019176748351945721
38 0.24774247616129001846954405386045391653398577945418378490791330980043099682041746424875104603403060042856875825618318092471584280884811
39 0.25474860921652422838454942388464176421383692210642570626715701809181164749896319598009626652637249288374373757538438749909615542207074
40 0.26123161509076273914108600181959848919589058301623811890234861649997460398564638387866077461359285519808866385153276931105735604988413
41 0.26724206360932318849651481070475973400333184083934121969504766397436525778179114629794937851222274052434128720155245215007032448950261
42 0.2728246072256786115524429894864315725321112203811564648863792520819473581159699699271852130042915885332412844359183645685224099510587
43 0.27801878312501443893918561281401708225468399469178912276776782372350448303749300449325922169775344818241513974318059802920537135642749
44 0.28285969335592741309926868879843979718388097859202157099976234124366578239468528507512759839143399735974098395396631727776028011210081
45 0.28737858326385652853835348334824185584115291654887069743030585611155826289829717409271600274578060304153431742828080338285966828343022
46 0.29160333490324295926336270691114230109643231165968250827481813362931512527380175069491259167762607328875670874019695053035484850283719
47 0.29555888917236765293076459256479909145359257740153908097472171622231779912170288980926909336753025128417760886712987295362703943296159
48 0.29926760802248217290710028645512136309559012549573770568100063009704318495086264249626632959464852662825128011463861972783522074373521
49 0.30274958613971043724167179008730981977794707877603139552295441008216649898484446674433532947207340858733782139797540662441275652594625
50 0.30602291990124582194429940812335718116682478531733657964000904596420683963022383852725295108125491007747856794356034190727184094289153
51 0.30910394009917787721580054639920479671004427926210674693695768388990257569221496797499263236265977110140890680257233701802054420113077
52 0.31200741385131480122780370702353099062401392072837116558387806228416612893375978391282145382347167233162154453473470385466652346633723
53 0.31474672023459664623587346687166558086054734144267929612970756871551578443308977668945503686357363253332500738810463228116426545244079
54 0.31733400344761367646326493184648597458599093854288640550395099101222084818413084121651171370536763011234390455309294428037815327619806
55 0.3197803067057162798270093931661395527257511030066179029094789934396974408612983870568308577376093703247571195603012543541904752566001
56 0.32209568957211131731113768264461545426486238700054283021576960734840416813016412977593254893852050151353309551707281106003635247013128
57 0.32428933101250235164610402761901541550224831654896618018055497735574770354243233918284532805726959203657256028338517280385618267360475
58 0.32636962011412390173663326054191757295634702901215377092131474797377706441087503031315903680552095901577110659695292858735005539757056
59 0.32834423612017605040191121226966298081927557082794788171346093520610445976829394034144088711174465356488819139386694962810498324436261
60 0.3302202191877151294018564284908585981145009947245336998107644606791614351261453462767978163464046378357044220215843265556631500173133
61 0.33200403307287674118701110485388243007264719186384693121374626889843232095278905013990484260430840543363009835493542001251448239776283
62 0.33370162077526692617243394969309271702485186651457937499333849322698866492693252096116716678518960543306099473237231606991922453924744
63 0.33531845402802717578895406949074015235233462069513508167309618995854286116630590176438153341092559530802605114403767157179535778767426
64 0.33685957739700462559505246704430056933707720190633831314821737606386516257672305672415097098180519977376119992439404250286103828088335
65 0.33832964764797569397597778924464532365865436406564918396653901322728938784501685807108856555092383381412743771276547195355813885874001
66 0.33973296895195765071438648343772172988382220527181259908785548181302566770652600794648692850192006123834573391364696334005855677812787
67 0.34107352442279966175049250549402374489581535687624785402100617395028032357707460202459526675031886576110816505099533784423572004415204
68 0.3423550044164020307424841169934588092231914333813973715151430591931358911256276997503258020353658861380536181899014649248131614186985
69 0.34358083196534916829034048043321271989798716961572894025277495735319246718631326394839792219513063634099430740851479679371767242628839
70 0.34475418567502530974833262310707978043468331181414896524387091198038960229628428999473914658467514374937853084844643996391816774238923
71 0.34587802036621581052301824576904594657292234820506068455171989587837863122359192257972822296260953400464362375524462706747412217194423
72 0.3469550857137797698385613586486506183453109224312607907404904161526284976679359118234064537472211204513680323453565280468073212616025
73 0.34798794310037193065422023627674305990983616373547875263358381598701187214256736377831708948370614835885046106257593006421722946749445
74 0.34897898087768717373586190195227238837349966922844742870274994238338899309929792709058540379183140000295101639093477517047518469766481
75 0.34993042820470446866018899912952554266455685605121824690209948941663437757320121607405913615652539518895947225355375033062354161298173
76 0.35084436761241637456902055088726916546704531149530372114551738584979236884651049152183400668536641319181465359828274217207870873474649
77 0.35172274642711981421670549397918818216669826164891084494195628442424320091589196387450666006525158637969175313580561826794592482146682
78 0.35256738716915316756862142181998374037859753210759507146221838089194622361006876386236744380753925834752413398781985339529525483902074
79 0.35337999703068716913379780072491401053423065706254135870489523575458753272836928824210472355170685097882740541471072801224839546703577
80 0.35416217652455154493388218619118519967516953979185697072847159009990863332240064041677967030939812627144531885362558348806185082378154
81 0.35491542738588297350620418980348555300775070477035736537986042524842740871795072879276686855708929725538883651425945400335571241893517
82 0.35564115979942228143537200929041626744112079615138901708000370641629337459681656292847253753343908061073943974291412151120739424828591
83 0.35634069901740657167836085418244171312643819660133691924655052100071923570635628260407470118045121080688255684364459489393024757489645
84 0.35701529142605514389347866231249316357774335237462047728966917825472225995687638074220391863688217984453203740574431000242816877019236
85 0.35766611011251614049881454659624169671909627671274961959296690706181664527689913285408608827135029690245798929058413952343948503151436
86 0.35829425997872007246398951775910375178514375715992650531037544734460470680017577093376124913247846480836895472605737141424076095573078
87 0.3589007824437871981611697493391497740563557346857980152952351441753054024659647445231719644395438361195500968884275150264757379199491
88 0.35948665977238073885053668296242728179242461150208503022220932356324492708982224871488565418035614119778702359660139095645158411697073
89 0.36005281906262008737312893468367789701068210829060778270740293595065850826312304544905542213920148044939763365408045289428714232598183
90 0.3606001359238093661086129668211088923283373693810326677749336260247157887392750194319395747572938513580978963936322208882837104944191
91 0.3611294378712464105040978168679906504894039287879115799863318229234968926985886730040278095805878473096431163016836390227335222707673
92 0.36164150746271154909305859459709503842247011024520381612858707482815235983584865720796842314443477524960077858166132193004752171357134
93 0.36213708519885612146886596056443643739766026803553000251610670023663546132478092391353056312466692765385066294554191818497425020535332
94 0.3626168722075840949706997711343268441867640880914424845673830115454610344027527189079602890327079552673660200772647229039119487590231
95 0.36308153273061718982311692595562993819873416353475618866431536779012425765178147207505604261065254488313316572202552937704750067434811
96 0.36353169642872902311746471121011403838969409684432827493722402605437237804959467539286368547773417141917081533155893661940138365654428
97 0.36396796052060451155296287867259064843324360752714983532590840056562207031069306970516672847159894944795481104968339546203960868276424
98 0.36439089176890744692084960282689701123844678276838112492427643676976663286935597065293518900132289502835562299705445995751112136472984
99 0.36480102832590447279790802358095569002381198443436394388577791151119888187951843751060124953466239664993206470971308230879997499584814
100 0.36519888144988241360139873140837276864065697725806751661536557291617832031699680951215074544408165264473934981059301184027082011237424
