4 1.183298371171634345087469344178278610571487128511767799425521756060281805234272613331744530876891352960873817297849387604833501180240949783732532378421
5 0.6805309013476853511931455111839041084682729001656356723915679544327681612786888323640707632460366049295569546018271318090887013817323347408243170575366
6 0.2892518714623992677732697803102346586934518921854905849124304766480603264598789070144275002899330390584649972828226886608563924040121848141979929718487
7 0.08035741568550602530677102381365320946850117694573649671096289088468436899399002529029357038505229401992953467872946460239155440901693017223922801642585
8 -0.05397141975561837815884694314074939689539280106053564879918852399240459756085496295915027813163470339242143014605014503090888610073913398766860284477097
9 -0.1524722267913593302895641432192561164250787938543604662917738820825574447117465499063795181775863576494598266972426048441189012473666590461565911306241
10 -0.2297415394963990397608883935770715751599665808204885702843512772709042591229242938394256161546522922495511255840286550357834242736634356274752294099411
11 -0.2924588592956892145459271838535511024113918334743080525130211262181891199273439153008969007785883048892922487756085502048052074395582550872670399951091
12 -0.3443102013524993980060280542083424659166379512422021509572365309864239194138646566886743558581320190675235436314337798081355687786020122347769485411218
13 -0.387662334147599811487645574558330304454928946287973221530575623642868450415938484048261257666530456644245368183991645356217037333748830381937960530142
14 -0.4242005353544216590018468392355452055881621564718098073635143173834165064677352653707450831173659898331885535682159717829592683351317747306150625093862
15 -0.4552001451331261465466222018212131750671577951577376217187532654408895710551657642956207841500744748399568110625005225194378058169448453973527298531808
16 -0.48165837546087233158032214810197726708673247498785622914338690262766898260294176498715863528412642172710616269341037031164877969853592714994199878413
17 -0.5043685187793334266600826406855475441149670218894920815274181331621857946118414594573497631144158194059076451430456070439027294679131732171459038109179
18 -0.5239677946451800920505182043893866679297726528311480957606037158631721267282455987887788730134762338766451574419483020179166715198886429855151538487376
19 -0.5409713232456024239089319548180651283942382850459082027249938956160936310941407109220928240138659122349027941612188246005105669539924230226006880745852
20 -0.5557976336385922738277779505855199476883190189185563877176810520206817161299373598256029958756275235528355558975329203442637089912051345022284760558939
21 -0.5687883629832962424800079087844032254014858603547169533024298345394811541235917687163065020000322147879557286446163438543905720684459589299795241517156
22 -0.5802236719193288512355140021362606183116527487002330050377999142636509148382488512471409866403958894892975825880186441083846795177048651664603263848875
23 -0.5903343835742001678788183874798681706440760964506811657775664646654072396490786347561777819802397235295489599830847258518739264677079016551616257294955
24 -0.5993115761437892354569050663285520273723035172315749084094655570973170098454012730044387284175502694760356399677546213521437150203952684292389523492545
25 -0.6073141836500051289646736640879593604339782933474953326239627811592714316423647554788430378985009243288698448177506111117238305238979165136170430691305
26 -0.6144750347547713371471959404899721972827005791006306605997651421136088285197962831251360030555001337191798319616994600651089548200080193507513802537076
27 -0.6209056650495260339277381015930388699220628013624330330903128384810679105470184842789612567225823648594765852387924083273352919210792696700202017425844
28 -0.6267001648707903021174074233852820185362427692386964818681151072933593220641647452414253494283054393177097988756793041222170740956465940623459669038177
29 -0.6319382673145436705434353156419150539861879849674211789980702004762263468178089532756131446072222160536514257727154753769861652707276668302628695542105
30 -0.6366878362692281678606753994795546657772626061275115613545370549992502442432869685018454233561687589384443578619885658243318038135405418434254195961114
31 -0.6410068793112121914841362052925179566172157255381125296702622095861945432119745504150004160490561995738888542568326394562938711027273448767204265617322
32 -0.6449451830958125516978692856040454595199968022326902679622585116552479171427818458347649572843963915545496945566778211527433368821178670772415312833265
33 -0.6485456477378099065054918196604288469828154822112221634690959392614895242020924100811770637051728790656727337218048793734308910741279552322378602239891
34 -0.6518453802593680271032147046413155953273212872218281880473776558867713064959457257939628113915159791302346850069868902919350504570145325667523987922758
35 -0.6548765944275805060549686218751822450939954922668867850046762045304809566392910480783702173293446285424774790967245344241622077682606509019602928464834
36 -0.6576673543783548844935626974118641109096630420119384599722533685213135559005885602314565785302770441468666740188288270317692266648275578406800931998616
37 -0.660242191684018671448910660797659980992614039615549764051980321188643928701078693671759547548943878814204282927688941163906324298366097768790571508316
38 -0.6626226194717147011660416165952993100084299105059330170690681140292198207253469156513605226853835553611714410245224234759022210823787477909207636164484
39 -0.6648275624556206068825136213873419088536207710668976163332374497731136520473715421940869445602697449552447478151418423484874335693905109173877398837234
40 -0.6668737180140695566213092989410925267171979546573876299158159877365713525701849010600204105398067392921932536041164310825958730941858324682132223409074
41 -0.6687758604966395433843718967018369195785948979255522497996510768220345740215241837266649042516384320050743261448949120582482451990065739349360944113656
42 -0.6705470986122809397917924104504208712283485593246118508949489273391284992991827610979981454183750447799935536058818069128158903803414560312202016212911
43 -0.6721990938935737318247377831723543732186913863277910597081707943646598819300511968840556189002548070507424976838696758982900692555099835257208005219205
44 -0.67374224675080903079781247885382966847742801160592421540505517797842235015499170291456991141195815258057071250749626442264770433484499508431161608219
45 -0.6751858554427232947831497752368018749198225003911460008451230377368126097632176125673599083589163922386652801509671884549673716226958276768005178464636
46 -0.6765382523362510973120579617209872289454996252905886010170958245503914995689835152736933315790763786486498356413791447701196401497570848585505118575854
47 -0.6778069210572387475700037078402026625531917940431990137132127072905052547550669334102627449052185847908920638132642207132826891632798762477898943685256
48 -0.6789985975099039767282388566149722304624395207002114570438384054680584716901715830634143778355102472873945557039655037997473878568533920665333063692037
49 -0.6801193572353369164198575680032810559978453266321568360185734349839864105423392898735799494521331007842335627533191735786267779613161983611417067749979
50 -0.6811746911652405317998705540282153460671652064001221078240675015947869264366596656255760261372761366391150573365836839165467632472955679834554699778496
51 -0.6821695714880403349223300879520378591680936713149730215373766984526966349341517690433151341869594435619377194349663267655993308086170331291962497512865
52 -0.6831085090659130046480708906345006777762185326733411945748471117862016210033637547810552091891358880351857794152236935913934113076811234431290311777975
53 -0.6839956036116382689670205908907600410939861306008377910792855587550215726271687961241219266429202793296275398828275365769309839333941202890818843470824
54 -0.6848345876442566800300818378790853128571940897581212456526806696065992033410588393563520804765845792323161765933178210743742778548095051090485544928865
55 -0.685628865084948286180153676461458166350861983324208867631689222198631846424551252323027319498034999365059197470053870191963097227478539763493336582852
56 -0.6863815452234178733160442929534368314721915570831780765447811328139681702630818348217405184056654870231795572838187639581186560244338385153608511165904
57 -0.6870954726756166541122121987955608447737241226651407698868460642293260929897933389059298939405920390011231432541174902630764113054083986700657064354398
58 -0.6877732538619977583559854934059910219877949841626535948727690750073585062634407566316193632182810194859591114804645870016041431021186075910581547272838
59 -0.6884172804585722915160569084223382225964307681992583572654635752470640087099676669314374185741022977089701888665630630885588157400818997396198605092674
60 -0.6890297502082656874325849911130460660433998063622257626246069300695489899863678395634289999113445411085129687300844058781396769654466078399217405510183
61 -0.6896126854253998633928404361187675539119014595850950131882607855936681615748228528766413738836876095835695716206518943560647280942363057920978537817724
62 -0.6901679494798509579232514000063461989130148530113975989258351476550876368148770262112598170449938562067895468229562169516639161076329537443414831607854
63 -0.6906972615081647207303241943833838268906170944650426883283214601649232076478003571994622501756302894555125089082144551936482864415587382368957395083662
64 -0.6912022095655075159529524114671279637499352730575616659327343235682948247725269698367759591913871743395702841705114051752445048060684998400468490526464
65 -0.6916842624038458267262533160697199549365214830435180686783274159955980545654401791032947987382449408296981457610838870367923265183405810314895570942885
66 -0.6921447800373993334451387356084230841213593777521180070596688092748232995630076695883801797382729941005772689407076754123819549703144772520514189224894
67 -0.6925850232355532874168881889979923284696386855188344406688214779240378230709311160629163644350161591363678002183537217985668408504578571089947704624732
68 -0.6930061620655051651759683498554968680609756895166892175828810609258176251410567363766850380249081437691442133088503229961672692512540055193316822928444
69 -0.6934092835915081071711924330037507315638853286804162159520197308046464310297102886452170438976070207519811863731145933227134309071879763706991217084215
70 -0.6937953988242827692156648271283530916170451227743765433187123388441822050523142188197066588825791607963116966953153286400582235533479831705845798551085
71 -0.6941654490026841700796745149080534566356677954344524824112904823984256246050658307069491991839703105690744613119728745847377807787676467329623270640976
72 -0.6945203112797655277232544754768268717414051912742785491239954505018088021413141493279881768492038539685489616041232991485077584368658909754824539098668
73 -0.6948608038767533972383737695459985465675988322695364491345868937388641239907421806368931890361442472202125216081073244379185096054329706230447731960944
74 -0.6951876907609489214633025606947500617210640415340076890734422538936468540946768804464157523962155260690280407082524266815194190156089959683171575693178
75 -0.6955016858970389790835828923969751580553144502814531615599610489309332614312909098440867460421078016835516697983552663395356662107480918990793675273497
76 -0.6958034571156030357038958739218940019079687153353638786346145852980531770712406965439486918982284410052902244708946134983590204078807060990657463257238
77 -0.6960936296376214805287092689096339398872299818126955226214405601113677877230737720333369467527888327908096088523548994350304323834100585699651696241312
78 -0.6963727892894311556292697080261511521943887092609884819439308718136552323112709159690835111315240611548544186358443863728953337622847091714077955865077
79 -0.6966414854387500235267096164859464233230993445756093409937914673721327844757759810157485836548244965016525912448199464868769509288160569407150078786045
80 -0.6969002336790339653706642680301530548453332709739440281634414651456451949486365404732144743752609955200942330077110356188707516414756782777773921399993
81 -0.6971495182864732991979243241455679016123066897624555843626219946470494501387817056272400736778658389537267198285291027075468110577651553077942858324583
82 -0.6973897944713321794523041618392331906607097334563534935967389113482689057912739962297009993527883858057937030114268136582619595002774586797676215588141
83 -0.6976214904430353762133043003917462934757600408565676121166784835597380282339436159858729861456427203500673325979886549104560351255468210536415389722097
84 -0.6978450093063750910666469264444578862728263083897978871078322592546437409548625835953107300368974957719731228166659962554709404571261500447135205282425
85 -0.6980607308044118390522227014773102619581840603241240930550201110244736282065322561883288558064448797555264666079228976745934465171515228819104204656975
86 -0.69826901292204896099126952188201182188448513255507809748145699073794926901229862771480825314137853053434986063901831705592483645725004431133379193057
87 -0.6984701933628448716155432027971523124604351942532173849026493165674527089558011284768564683668916411081274241586716989131851784636958026925827277244326
88 -0.6986645909103688773274115949451681736221120670065061510144511078567863091066920905983133919456533835981955156323789241520083833379980097614151819811493
89 -0.6988525066842863579438112878051223059532980960899806468376583592591833346169882396894807402174317336478641109956053834052002098377951182492849055595789
90 -0.6990342253003608060799545039788669555608972197018953115542553726081571366918426973753288184641259521511731278399914264246702096960499329549128838464323
91 -0.6992100159426692824119489807534178480389743251369698226255356176738860102291028710518589205463216892956056572123096980627432147789677475389959087311924
92 -0.699380133355531729791298317359190471531298773727577446343930722349751914343319552474434462908460413364871830227646992853937712722942715177715866498195
93 -0.6995448187619423284583016170591549489259698853479077945393826323163073716996111067836506961930342323748081572324050352058665617236184351840495841132597
94 -0.6997043007146530695026638997194193158325960453172499312189352088014547150792259104232166550128373200844035128650979065556989582191408864936725579671726
95 -0.6998587958854875597172326027060187108601527179690267871589895448523530492332305584363754594573463930167201703745098486740750694142274040523758471596542
96 -0.7000085097979493614988005455119231525788707584389605441859166647459479974134319109533608317363107965336388544759097923231805910838040480435628929998495
97 -0.7001536375077274233799350811396423798805660794444927980095033544398648526340826361701507738555012942246568531125459265450151409747300857603547844409714
98 -0.7002943642352856548059330122086594575470740985040881313365097118639993425006561823520546410570426593591960201585650694356522659426719087097282010832755
99 -0.7004308659543494055724011323884443931374401731612012607926871960409246052364638573291070671998900162838421800844171417072287170789788390691144872561831
100 -0.7005633099397640804292029160000266714325983741535618502294200818761239402000397813555893863389778762341962867641712874104633107472786066780476838846845
