4 -0.336168523473590872132248728857302071858442701265387141234719073850723630380923157468109608613602890872925356543067402280623584702816
5 0.741798790631175610713978218685273718555068189122400273798626519325688462931704527966727072025695550408423438242569687804858613593353
6 0.237596607800212222418560561308467034297435474659794300292050236922726485160979693707353884525359431966583182777727479011451015406879
7 0.249849961747490564687315980851321414896182995184483431636348031998200638663538219643211791038071216427831744326352175366868210958678
8 0.598980143939281257383548263700470227561880971626856214434247442551088534508522359401126552461921654355245880678537445987583709434127
9 -0.298061166613294701161892357313584279683387264485268304910165235382148251186649747583487063814406983750966995686441097481001441940256
10 -1.49211048389972417980530210737832929091169631818885939232003506796180792068232761704709740422404791821384407108297889985961843870198
11 -1.17179434302437076653652017540201960650978658884503513450410727379784121687255939184101251861336552312938546040361182573943095596425
12 -0.638317001032053393915117014579971658197955442098879785359574869640084734519214447681346885972896361272264263948908002636024840287786
13 -0.228158775831782857766700977656599195760131262390037855740044382698066707293483802134842229638206593052471855944250732136853623009943
14 0.038451080144548730118250741991176112431934818864967507910507122596569271215998903057732401571677063662181820756640860778656981252853
15 0.19973621940165228728716960772734648958366399339212763455777543956002424198863980575167650926226186096434710556351529614889546986476
16 0.292041932049814415008448646369018043556826120303923917334509112185887746265340268795574676208885825358858368451655244447266830353586
17 0.340932097536224927208000855048633588383357126053932619910702628621212187055831728049973450218755797567148963556467138803615277321631
18 0.36296003044879970928381961921648294340052910383114685145956761314046280560377230924990920972450455976152744317559082325699330242517
19 0.368563075550113594351421714272804883001986448070321491969586592541628927463705090713536632173122625503267966112136643313958542873741
20 0.364276925064172120860849264114113525622163768624886143131103642723885705501208732745081001462654080062953775132643236822447360058738
21 0.354194632836573186541854658727800652308790175283044935398556754444337716423041775754999528762929483551311441931758233146310725463148
22 0.340883600518400418173597542516289295246454854163070600561124401250751664640712785030056131763109597945503074803192128136803416019119
23 0.325954188139165963631214459496128466471826613090700618959211171630928635702315819940548369590751595776131037306534536675502018030748
24 0.310412403129565881601755681069722211879551445113308247885185946504137032357924203735905407002151192863162907633093404163109060027045
25 0.294880031751047394102517722204507811580291741245168116566076825179365599851191330742652273352153342338795302276363524158788545052403
26 0.279733228205416040454048561651283812787773389115317063808936763770436791809909345313299166237249660218673122165888818085882363536684
27 0.265190578031785766468971846213428020557671104174597411170133744848825888406689931923566909109863120048072773173266665271719709446367
28 0.251369554211347046001721398608225309620037820550010832386500962899592148886405889776695260454883114578448859621864909487830989094318
29 0.238322995844883129276142611408248608775858609914654513754334573298591571637040759908956990281145116564557309669740028555886541058254
30 0.226062830172190571269265214848463115507776243871575146244723500356484266886843925913554039421317802669493903186973502915201658960049
31 0.214575569627163232099721737301211201706401383506717925767781199399628304869772878184756941727407480463393295963086135960721373124875
32 0.203832458930181255009523166006776141411757412449741838748643132051889350857069230677152044068480892967024232760926519575317627631441
33 0.193796115383262562828060096301237876399391316676653823812284044119694872007542644647700854690562770028755177407654133711140551009104
34 0.18442485574102100072888566216273993142392665203481264275212815032182531056535667813689225062810249923135980366513615185370961298542
35 0.175675489378825700788684679497260014556680095561424258825235496698141581153084861053751916048421528933584114186472217314488541372302
36 0.167505091410439299260133563424715700491665639246774298983867981794627605441735684139775196749022357710117939889840312618870656895992
37 0.159872096586278718518071567278210431065327209851365917515119217576037352882664778918452471708894895362004120548971323265684223488091
38 0.152736941525229705957007902404394905852771250743187675038199959025121865330557660845679750680169782782797736324251738530686423265936
39 0.146062407960709056212367469110770955750736901061519971390683886741846320284124332724166056504091011827524056585149337874964689277723
40 0.139813769818873188905090485610032533397302412742383099907283467576948048436712687623969343270821241170842895426424775046973220306427
41 0.133958813515813212930234761762080055116333587699797025851509243804064502363410135165644688921160368100709532679112371851990271407197
42 0.128467778315334641555358553697786726090424908282603466376827478568193967059117241520119778427192270062573575232927583534416991395577
43 0.123313248310590969801618307426783690375995324352294231268034801777039328839294742884773696626309990004109408684001637079198978605049
44 0.11847001719939266023122176552280204670902329039397128611248101616355207885449928646025219794856225434131249143891925170088381428402
45 0.113914939933763819676291281891443543608379557203953533451250113277801893317585076875740918422885862913252861896024476372681507203547
46 0.10962678048239301879131163136049130157603476824900331825192886560562911959536440265431438105018061284262866715348700183699407625224
47 0.105586061638423636028381073566896662165551161347376948365275267108256713014664110124366749283069770812456146702262008105042432357392
48 0.101774920552354391263905278913056513352896537603363475218728635239265626310781545723437946731838672607191849266879136568892390660374
49 0.0981769721420206594581218603693534890849621235129825426958576904062403983944657144936233962153170922321967422014442548506099276032764
50 0.0947771815035386121647600011259156403271449665815258601531412454510752860404606394232753544973977762195266349209273594781752785663792
51 0.0915617457637537726448918771512309953729290081581577547419928936304773200463827741893367178798328826253699563330959444923740726914016
52 0.0885179853690814070059203069201681200651687660552375463446050145940843452258076385531254262816061337649213637708261283095612545832672
53 0.0856342445234603942374396311240876377522618938069699440121074094206508049863748621158886058594472639638722732708268744836785009894086
54 0.0828998003179244323478289510972290981416358706344963335300439210641686558352524054983117834629425230394592980139291940618239904861677
55 0.0803047800001733229261198689122982262167135247570425882275516916767444883248104496306962295659283682586109006423320773986959698946444
56 0.0778400857895563102232847362325591014078831174356571098840856081410197328525220924838710877730077008498751165600314533686271265679961
57 0.0754973266337165853066227175325782888492268989416268179037047019899741460687312882186651029820208375244906620422503387796488802837536
58 0.073268756315764091361817446902181871337964483481435365600801698097788361906644728420046398563168208859157149134245332292918245748849
59 0.0711472173469380677167330728649204822078831079237662323118982419595149589225867762171436634505213121216629269067733499982363580309381
60 0.0691260901135960595226869180097356867974209320179664534007495587154619681260425838571680472310591888367222096708402273819237638648032
61 0.0671992467851562452432221191917228569486136431106282516342425758614193347351275166373562827018903658528285274514453658971358304685548
62 0.0653610095287395638553074820058972446499927266433146805848941050016156615774078705048088613065911887825638839823822224688995917564036
63 0.0636061126150165992705904634080659928274819818600751467838361897339463357919093611298421444142738943640269160516892002604070498713998
64 0.0619296680370931904655645239281977674809056179688435367977000134697046176348400004648495074060405018641149473888291047774067216399886
65 0.0603271342995301407052275983344815066751646990829669069359882361964949179244912917385365709775023869079113542577003679139845380464477
66 0.0587942880674426313280951977650994841262206701179887066658096303555551919788803712803424277767135330424563716720756409086748039721647
67 0.0573271983959194583170023408860423633897998146128158505183133784314993383923773745168839813744131753622276192007136795392417378203399
68 0.0559222032877283027463208970925310919336955012835965212069577243754348908166851248690022632991639182354084652946692680767316257965606
69 0.0545758883525030283741303765299790980081575303910890796991927131257958021783769411324559971726325435572430561197978041850864051999983
70 0.0532850673634666495477357418051055408449613567793645345991006450326234925908840562906267984480851483633088432118919847256160302429237
71 0.0520467645283827818391703944484530360048452030045882547646474165259615925075841251830677226059968493760605388869097994414376512100671
72 0.0508581983100167949430779048268102424767594228144859282036395436278057789173794403237894583420047775623081176888180411231920526951217
73 0.0497167666480969947458586283207546062131429956659248050131534606786675265900676194024931216237124145971526002974845553653926749446625
74 0.048620033449764432883901903275464618265057501990353443814200765432124961239875647349332516641810857241722854700964104131789330002476
75 0.0475657162289486083129310335904595169215299244488219609769920514688838305690798231080496729833207038367267611566692037666103707431737
76 0.0465516747871568929507039275631632129985863162048521028520954670336760634590635885510196061186183054433853232995753268424681404858064
77 0.0455759008389584717135043981968173635804963042683334778876833024663175064926533860550661966600580404006898469155815910194178575889093
78 0.0446365084951079265523846310536814760782658212926086550993435243680745988446443798781167794957176772353969509847232430608950411047509
79 0.0437317255249068605181465728034260294154283599698248660754472353446463303933206396484873295261600023722437310586313635532597647201513
80 0.0428598853271506518136529063360003113983384678018995478651595489661158473731979283431433563403459873878565766532225614941197423398034
81 0.042019419545947610764031340402145508422199324778689911337252841454584802877366320854699455382425981875583478071083616404934611093469
82 0.041208851273915829130488817931795114923837599040923370959809871161152568985063943280633530488978553642274680441519018124296428943524
83 0.0404267887908362613793506435850335698471358419267485035254125550340562243994709932005044682552992051264173323338185093007799558884325
84 0.039671919790838298162430615245986839987206332186870659457741866713620334108285577955913752253695399415859585258557833358811802722231
85 0.0389430060556781179836985145633493991073352457992628726257479412115330715372924989938135874866993720339398114806088262257738323547066
86 0.0382388785356955905484623419948172556882202168294503901190773905967163524687191420040276430583961745157748962020500266509626266859457
87 0.0375584328036516107525341029091265376899643396137365085184488323245557888845807192083339564834573358683321596446863434371932554526611
88 0.0369006248498982466128643219085725887582758389077472501911791253799424871445237409677746530636659173895116071697831989787411274191455
89 0.0362644671902579653903302171297460235331530591356151789992472239311348635006427045494911879529620403633760573194053347255355362878782
90 0.0356490252606201534991888044098166494339518912533642194520475866478216351090286971811345393083332536641055988940577471236314649749624
91 0.0350534140746340461580353801738663105330358502841072555523408478992449599755332154049673648502192649680365823374832856794857125807634
92 0.0344767951230145168315661409966211242829314405116156531630086466242210958872711149788008477510298249412590978101724627823693003869624
93 0.0339183734949054123904249355566032706398465963977480035382836890188003575041128252113630033477194693507039038350742824605126697852119
94 0.0333773952034860458245773225343730486554013972834061709816302681395271758510217703511885555844095001306146964857978895366509274298814
95 0.0328531446995794828794046732161531054676778381065768464015050639454052041328601276961756946403076073779835182958462165284417796174027
96 0.0323449425584436780630546289785129010059007588907112933381655393203352340460900488217303074326649538066493455222470403931555939150851
97 0.0318521433262137494912691637090113790175230562914399772217474403947701571186759557081220137038554219599425292502266332304751674840459
98 0.031374133513629486294582278177352006176888475267092292138428236013640061593348067573423846319093345493324308308658621676515491065166
99 0.0309103297257388336179060586288004645437128111951924506790657906953323629293745924197137880330900030240011729399822136571259815065132
100 0.0304601769172265622637662270824448018798531578261879622402803683858898808818373541273106722863213676772123575069307458773794476073415
