4 -0.618583961597210632552886861207065573219379386823783707690504125710937027919561479406123405735787880528979284330954076634706578213
5 0.188858774039948732950241618617666059211995898368839961370031150307805604311334379597351338373077539586578473541268478077550591239
6 -0.293887046880512993910505249356147737223147359202884412161190922668892071518993165847402415588225662918105726625767093908245475926
7 -0.0972560207636705921730936777264078396051932392929703059488760757142390507371750201988651456736562814676044418929420913845545915394
8 0.312100519145915985970474219920985863897135462735443370067123520167123691326853341221123961504525322181929328393549772786707377812
9 -0.186995255290546134799833460311807636625161455822269495991627342817487691778184024484287581721845569843876009361537039046655640022
10 0.515925646446011881144223529450113506595799372007734780478965129092190947607842634576334659910889143626523820227952954902774068232
11 0.16657828809573618125062946306982344160842767213547917153720925850206790269301167168741392005963724462497239884945278868193709867
12 0.507924311175927264218082433138922152519159843818341881423479316571879276302220749508765008628191008792098064769568318200848383762
13 0.928065525888765611449095242961883090619369381150292171576353436321221770471759262836812028732044265502695237881149322800314793698
14 1.20705131418353343805801888229786201537616579833771345926828375533473225210764897175341298656816714591330745893464337548950112518
15 1.3417804813377912217037555554438345137814263264829258108387686433187263593440084397425118774143745527375737254926108447728042812
16 1.37637932227100652915608672382979831823335437944892965053735031353139779392345917178024306788733882236950093138782538949120535036
17 1.35091129109286655075915271135583195826997561415072947592792420443836041929513683049331132145037272884600359044040960235028747309
18 1.29287723742678560567177045122536598537610026540778552676146545821004079713649457467948367926864000410433772499540333243029781609
19 1.21933807765212652212656167881798912936105380355608930812805007520124821025811403482928697593454377921099768896969387018414257326
20 1.14032772146559494723922884697248404852548792536668026416346993409442819686038965588491447941603185676847350393331506931783156599
21 1.06150205434578057241565292203543382841223355896881790817780731530403265975979129757480263267839350544878189740817318620084616904
22 0.985886028584336893847352329093161293734884561415520330783385733604607522414871168779324204299991115807873684856489747250485284539
23 0.91495738755453940520625561798836562981952723228502997262273611591853140514034198362680760642116353207867714434513037695674833257
24 0.849301143152847150500485028188996965524665486927040018666771714690470552801618246030286346767128725776904403679162028381849414831
25 0.788999746554094329555481624586752864564418784345258474154148105931706145991993128483979705257354246176879180310986580451101226949
26 0.733863849103287001904780570723589233908909969725686518524537386171937520450851987148048187660651771441697375219409750750864260783
27 0.683567707700650961059767995634189576382515066796843919850279388727753703682915583884292627771296767398919316555004438297094655014
28 0.637727714816393529823693195941272671987886088509078107715764788504268575380247276396463226160554594886618842289493795565440504795
29 0.595947047763549282430591982578377934585599389321287464136079118305072213597194904186159002239004085289968317316203242091815976206
30 0.557840176399397841373843848873195086230950320567782608582619745046153335934553725328400053582752806229302574021281532652749558422
31 0.52304545459581547997617410061213868515117908731704901040826105607403078672567937163443706886205641429487986267917831444542636204
32 0.491230730946007077768088022371258528986323406196426331193056816201149880334738425009933170950351419596601147540238700198265197723
33 0.462094943842281012721337148924842900563677190762191715474350542099350444380083896603236870919146648602312995424800367965517714213
34 0.435367480716332273270235032682607331883915670398027440966720607233326883411045339251443303620796056846273545248481832510047053708
35 0.410806365135253483176549740914294439991037874177913539601173450177985485418617922947012925603618882001948770952923450148746894708
36 0.388195901457721017965378777315384238264654483283007212855561321616389136479100792957747324387611670831569549573121579039295960943
37 0.367344143354563407589397411043217394084190666874743770829419111483939245517733837922822125203262229515098003724290320118965703267
38 0.348080392797353236849762999719327095396406715310804190133928003265994819338763461939633314824835812156374026701470670187021446702
39 0.330252839729275622640313711491666403858374558294518766601241221141178322580743208941169269237039148170146964931124659477734905256
40 0.31372639500894255470896912134590104136368052943245664386258827879985746841082191272493327298275529267903627533446840276150087906
41 0.298380735355020713843391351822552093624744974607389536399069678681675725108088361486871737309387205571963723665466053193706580829
42 0.28410855969868904979630981244012315554433287244061842174287120980833856521494088159807262152842573237849230679965087585045188363
43 0.270814045886406488339400451757256832833724473978581558930668252810030714762758590890697877637204983639050426982858366317419069078
44 0.258411491552475682542138554530063845186133058247960470214235483555873606826184640962522007178624691793928772056182119174242444238
45 0.246824121025698960680945568285673606159763376612064085374569991472385971005963638704858294189729049974065295150730930487150693829
46 0.235983040005379009236828075059421134100248148284554843316842189738129454504984941413563201556362280277825416549156312632604741007
47 0.225826320615296956725790105523962047371647593742749669022522581550754429244474172794743463454122482823306512535460503199987018733
48 0.216298200819330306843680497367352631118167513194121680746033845842733254221093634348908557795100727929115688597548954074930896789
49 0.207348383759619913551028023734504697685778414429180458236176157927036382011449160945159244953311215324666851172538530712334438854
50 0.198931424183439828169051318076218832953003251121614186422463987072506329689822121197855114290797267736895100617515784617188451627
51 0.191006190661381151822086100064764601411038932860779513157114693722070642546890512220279504817986011955050596341175029699974215024
52 0.183535393717757773263135173022075881109874226992597367621336342408871586144166754489472056784449409896823871389487382240735496166
53 0.176485171273465116472017526326443740515703479429690291419711694989557274201684208212218172936617300690335627935226613795603484065
54 0.169824723937816759789039968515269268276802256213559430747370376126809466081553038872265529453891081152125230557831713813467948553
55 0.163525993684502089138460153088736530442442700115576482225171983560860268110708922440239776217042983961440068853966480515952403715
56 0.157563380317987709512145269903076278011190280431851147109690752052206169975037959595347695592092366783164294107012645611118813798
57 0.15191349089279982824716735609879612466837846192790188088761506784568641661081238384917199862971937866208852501968244113981171484
58 0.146554917902061608706585371383614239404021464477418501067887715370070042290285604396693342642566641252822171025868169666377112199
59 0.14146804261589909402283303407338773334188568771472315407955091540296966127180233305356309390419073656001775848410727367637132713
60 0.13663486043646042186099740684281178766971069544656762319610700943333851486736736106130503715727136141400724463710601253941469442
61 0.132038825554793394898677908005956365459086514863740425468598705150712776702128490871288432024186824516503476453992796508002674007
62 0.12766471255500178806743321540165106932185142537236709837493784742564610757837813913913682163643325494449903987581627303133139347
63 0.123498492921114454813526684382871706438594874103723402976739498470783500096499854736311056678047300664116424239321343206273538848
64 0.119527224669052330224020189510991225064577577299165857732624461884800522397647513994068346923882761269578033128510391022177638543
65 0.115738953556101837188717498326246142856452727788149862293251693845674717842424667501076400467664787111282757938528586316043310011
66 0.112122624518677427731705877926075229884923851976243386323318259711186169841991721614596134423032229482995519838245507816244290931
67 0.108668002160408321675265987247740987631061996337480920436938937055446077857655622043032766977565996068778840088509089003958177702
68 0.105365599260589659221160882528143535910605657671081900564566867821057896127279136402756282236459591940965368793032855124928636291
69 0.102206612401107881443983906263139949326487462634788703232836379097895564694400604502838064757636339186398238715264406148153806042
70 0.0991828639209122686942204631349114155697404217394301792966268968764155082540415702893653276810788717502254631290640894107871063676
71 0.0962867495033734978800126180624849945706679005881639644102994967178759972912781587907852056332543587765093084257421532141787312463
72 0.0935111907855069080258180414711608924281346362568733771448952845486913961879466197424632477979294374252091535778861426723128889362
73 0.09084959245080295809364866464528731971008380950185973868038992952949197739775788408805940854220094911311403140944433449853873421
74 0.0882958033308039301602664784138415517556221091039387833458074196606100742911028481447292169351104683705521410498677372668269598807
75 0.0858440810958800450376729502423854515751848246842790392987180125526190260365922929658687591358491236801753133243854202606091760692
76 0.0834890601639901034492108124827172427071322684930840898388171663977488948493783637466223427343027876321031979580309062220186991143
77 0.0812257224985040223049365736780045033821522370269752213161429595321421302009853835031008654658034314440947422306293050614811721512
78 0.0790493710032253678602252880286696731837944074493108436190677797829042165067398349064530326642500169018902800100670456214389981453
79 0.0769556052552749808166784872305541753825591128738224435721838146242167128468102853561440189846586659429842938866026831677094341093
80 0.074940299345078351725813388309862605133991439732311917086652021633160801157355387074297486012941600491579848016537323848074828534
81 0.0729995816178527058722360527690648817440167783018645221538004418696631322626780882245653696640371623593754346542854417922584719131
82 0.0711298161331569797910945077333120099138384237685361178750793026625601815036462660266163106918362302864811494726453400799163970645
83 0.0693275856786305358680705364554238853583226512952603835268015098608198463199229010518393336667564571849246813660454262055018866265
84 0.0675896761913341808743358364785146310599439004509945732923570943258534502573705223072252766913965774793641766018481874101345664494
85 0.0659130624554049806955811615701482879184714422135342392498260449983315803387112259909513188693857073914565552257663080969923382745
86 0.0642948949582915169832213772604667276370313712825401905675682462787418011856022646904101633686877055182614129220126660125605266942
87 0.0627324877998628885330080931384626302471285438410620437313430197249702297734338842572874720917930355113473370769076298106616092623
88 0.0612233075593690452698846697155932168614488190308240446132982850395417117996018924427299388169982849013933060719929777916400493672
89 0.0597649630347338445212366561574450294348394159146565059725213316482328395030078315728892807091558080174869282103835817929206722266
90 0.058355195777126535490200032511888582026045038299092035865729613579902862377300766638668078059905267900272365828462660345596425451
91 0.0569918713513051747369550358342411237350985461323782142148724553464174506977308859701458633457329580316521529383039654911893108224
92 0.0556729712589641356411556006725733409924514371447180281218560032762613902929836788716296120934755934998349889686896413296729661638
93 0.0543965854683412951258637033661283845826250820606330464639475429144263853851049256145624170053495390553982433174332018662876421832
94 0.0531609054987308727665977319632527982715273654282854627539898873489082964049080061127880859321637181093600365373535429411510968345
95 0.0519642180133773334632104109753910146017913851645707105414549516445556458510232929038960163917234613749495992453663457895504914317
96 0.0508048988785575097120275902605134860398325523054024450806600132518948688340734258517752922779273742390318092305692593408171913631
97 0.0496814076505477558600469923067350115487631441067916554193962065325674469973684521885274231624455522462432479578465928348849276039
98 0.0485922824556694438306323025558440976644954310619245030077255924346792284857436142228319605278943263096430531069136822340088651855
99 0.0475361352317525571881176590509010568365097101283601379443834966108819296264404618726617616142833765360295063647475530355262369102
100 0.0465116473021915658710474089961801936647457632125435986593478649448715366112643054728027302891442247816437218287877011414517801901
