4 0.68554289966795476125815221658996406900651150684566311024365947518431882407914129093463302558552745767643240508017827093715882141
5 0.54835162434609425095495342436656012036458808630962355244998686852439257499123881264625881615033259214971868207394538817510008261
6 -0.99843558334623614087045945666995406877638398704203643187269167357213922399142604341213776140448805867261450796696433818672880824
7 0.094307867033889424542595508025140270017042854216926605654435620289531185253965657378457024983241471384002366471463911593172978473
8 -0.73617781359154228494243115765267708358192341812516447242660992159556289037980557042262116358659485473188496875837524878970150503
9 0.13403157308748525882818059419892634585664505451190635716787010611424025205038306978272665109222795472867620888006211061837835465
10 -0.38735295298460287955595667370820606759684043359400559638860558204950634815731484045068009967843427793926302723956216218796931112
11 0.36332260085343778307775803140742291595295963912310333737055145993028254220253934525875022190404830052556848487721160439651517357
12 0.2173238595013301560779457930099764131946956290794661880413210127531800404172753430559769039222563039625566599510185626248882883
13 0.063915125675423424516081530167177168693645603475861650968540756818280054431977430090537720121723819553336063218354850917668222965
14 0.067865822487288875914053946627469786856950757016155665610247113104238368512697813763542668906453490345307817365797272701370484842
15 0.17398766112795349291114535541028206087237787970358941391604265522251962298854713423656372741164931429941951616859309415738440593
16 0.3204835464004334059386089674412127478978791333820690147473177300705754079355857066445500381563691552734965273354922956526923068
17 0.47146858113300661261351688678777843582622410075368098075221484780121123193526076099611706308839969041542477023199744184647509061
18 0.61054343724501736544488827137411328613930715739432818026530044944078553735483028187852576633241797062845697193818799119358563818
19 0.73200725751384127547579662794006925000687538641896228708032518044181841163912178288386126555672668784580883133678143142320983713
20 0.83526928494896500692566293713231571909527075502264948371791041785507501885580446165451332399707220007516461051739148856895847339
21 0.92188067922355948871485467215376109110545367729257017478154689074658079269818256265167144607771927125243528701128084282450550906
22 0.99409009938226920421726717998761389021743474133833263104179085205299534449372834750791304865378672947099055670104592115927145319
23 1.0541916170878509608522372695337486019577719375345112935218699053200352747477802304595295075095065816759853285488172379931789847
24 1.1042617748161652543815045927395211617229249328822341754952003166743787766699472752182519170297892213263424692713533621122009711
25 1.1460791089566165282768894769806311498979347711538939485288929657773360220016928361316641402016732356113083763597686846860756343
26 1.1811241166265320871873858490651949888414063760382922085716164149294701877894969353980168189407866995363738143198337117919862633
27 1.2106107652752255235154805581455049958245789855256968665578697536641463917177873528382384249823502957852797878985987799850640168
28 1.2355269428789265233423845253237640026412822385191275122852981890772255530560509478226138611014000546418586443718781337894123552
29 1.2566740278972167109033063552091099049741543021493723381644416532122631039324398906328599926212004379643961255812744560994397927
30 1.2747018351083256165396738635462801122582989286068606535894829092326689416486421407452606575740909923906322650165331407202324951
31 1.2901379818402319940914921262540838558233289683804484437349122232626215625057552777924059556855418567146682913357502730983458447
32 1.3034119152102081838268628443649668465750514002805661940498148521022527854850537889145130234154165239916435558619769157924841969
33 1.3148742821114251491210180611042957827217031896565123291382957694608709229413309618847963113906299948502442121521675960958397337
34 1.3248124203184138163998171901300874161773918098412830025159789555936217628643377681917058958449094634235081333632051084522625675
35 1.3334627000263485886485505956719169719260880103208531894678131860912776290511361536557892812965238484339437840909366457468376242
36 1.3410203445223240198798377019383041982733644670938487380216366209063603842545374587760458562101286825652267461301489341036000672
37 1.3476472492046471666220627350697052273801408259873071298680767612277364579214642208712049590334984960840603154238360277281697382
38 1.3534782175696046278193176166731634472759056512637986617977717273896754014417589805119845680447960246126350881824310454681937598
39 1.3586259470333504266008530637502328185098685297727665805316682286850157247282523435143522530087097523569305300260459278955624499
40 1.3631850271998285291890599685709056799907045825196849456910381922904924288955157905762736949014188003261051879327306815598432367
41 1.3672351569129052660845617630287312282018999271655351325337269406385023726440067211153125476729026771312484953158328430904793042
42 1.3708437419538162119948499676413122629262124663762555241795328453887713126832386102497531865801997383553218021167649440292141416
43 1.3740680003600053986487753466381749481067343966145353762499310367066313496572074387495387253222634837186812313468377994053958177
44 1.3769566750921252960912299820436975225167448050831791734922605336821031806362754993134126796475595716172516230687988779928746226
45 1.3795514325283364051901904326854020558318412114377034738442787312613264000314578299625665729357915145040327724975947146488848047
46 1.3818880086996513404232707127175211503179394952240486328857087157283109377127318242444202764010116899836134654407921249912244382
47 1.3839971522525997254450009355099043130435693065418703546992080445024570748056389405515238159944746383106719616739132318721446899
48 1.3859054030193463490343216775951672834999897475634484882020590510770181786179883511699464825166782004686125494879781283873942883
49 1.3876357371566319445778184684060448203634948029172436625622509453861285940358991565624780409970355535354256890962798472298613175
50 1.3892081035933700430559035705778638241143737624823195011356936581226974706072620353736331034544633403143182659468489996894244821
51 1.3906398716241679394749438043325379380134163872106411109513872796754101989381964573587168686287127017513649279038291739725522462
52 1.3919462056106606192941468900367844057646668013747704664364408223293285523296575679408747606933969704005206540657832762879107247
53 1.393140379679128294085051955402977007767516077932302733811960922206021950356163283570736215369698356746008990815918530815575589
54 1.3942340428573180726986324445835640245101790633082487797528759781775492370923100364672927324673951621345946891480019803084599666
55 1.3952374431408765674191365947257238774361560784865357756478156026970515301571911665821177060751469507049083347144258219519920505
56 1.3961596174156530867174380745659172336743059881036555660382952786116068916105658409513865944869786834518022959384395418304232602
57 1.397008552904883296346015508287066758900340067192833835139411892474446929816813117973246195322858605381764330685344257672550705
58 1.3977913247963198094923867795407931316930853921888484591149730409966313178360018022527610202067732693606967903646561235592059848
59 1.3985142138839551091139821096409099534696968094384090303258237028222158803810763128802633431426829490622311588995554998017868602
60 1.3991828073929890316842220314378015359660454590102263363353068295360139513867309777042653635087420324329602072258021805404136001
61 1.3998020856143314815496175855640461101578991676909256427950944346752944003671016358591769659064976216434983074528160153869560752
62 1.4003764965318650193817183200095317538971334971839570731744718067694990550755202132113581132479811538505433623551218704891274268
63 1.4009100202626295059332734044495409872408703315584597184688064435036463477455595499427862449832672662646851439348964027812131536
64 1.4014062248316904158974577811438320356544348223486585209118628604146536771269583520045213523116989977313279770917110481954977929
65 1.4018683145574752287433682914772660910255172046859979269602114439473456662073972156911775826485914520270367814729708495615954978
66 1.4022991721200150381597889400407860379642223293100926747826264521781161011597051184450358790238317868789176650751311411282751534
67 1.4027013952159503386210423108929254909776447373235949193415613007562119173644930560626777969577876010127548101293681406757429248
68 1.4030773285640220920004237331957660541813809630131367740161514236057682868570624295777268811120675500865520538997280601766217126
69 1.4034290919079612138703052085968123548763971106668010087068909969576717213240703307304544645728234211189783725268516479518109266
70 1.4037586045660728204075649864867290138510363867499255701347876672324880435330332466787700812925212987519741143188062350917575632
71 1.4040676069950245280311949976307803327609484899734624475433646025007915115259845268772725651403765463823547718558347233938578042
72 1.4043576797666530106826896979718327935624948416772225843858016113123307738311542806042361918956787674213874116156234909981040032
73 1.4046302602987638717179200437797187864027713287022625450293988775702803189238112624483989494898392718701915402083928953460091969
74 1.4048866576320855173828686223580314363330167866913545939992957981506946151041529226809387759689859395166333990025284969014582459
75 1.4051280655042445450884616921235396279601647187106365127794985818899111289442451790616099402033157820507012488451224008373252071
76 1.4053555739366203742887333507800082208392110960576168782206528447341487553456597220387973034151319625121511665274549178236921911
77 1.4055701795201888497061049620826012445139651619332548742074615831730728214977573104128620858052688123506684282916225404160780001
78 1.4057727945611330813021072831469330177531654164534548894391537955169877133860744838540565449263268368670468959513092059828324846
79 1.4059642552253838032154630246449184166571310936184949027935376327275102320203203806045196091641746008315860219339408280942133154
80 1.4061453288027682049239768624129518534731246207703209169574140545218481205197205427254616000690054868317447572054423670522986586
81 1.4063167201956098384515309130462806476620069297996203964316594705718977105413532701247615367132666341814181681434312547308809436
82 1.4064790777230272010904570619381722321500799111073011001562089289439628700925264159740712905849182241127032400770618894468317215
83 1.4066329983204853936927999740487591072895015676399775020353474958349314859317726390476359324875840061937320182793971465944358125
84 1.4067790322040790256731551245640127356520084166212843769717988523468077881073384087938637880602151068997702030545948486697397689
85 1.4069176870603258275222220091297303504292344003010472129817553028108525017612826130591569961541490760581719738252024534963733926
86 1.4070494318147275199461504244734006850156831176831605700981685107047564547355632257071984869594565352725569742715294833023319328
87 1.407174700025837095504456682254891315027344947738045916297829593655844181808377963770882437570923959509352820427960720952394089
88 1.4072938929459157662357558560487457065173098301193584582985369238237225269158569347675260370155058891975146777708233825309450988
89 1.4074073822843463588623819169578346256909676537343249539099762198578562449040317372792038920760683339171673053522292731007113634
90 1.4075155127056892563550275755455847357290044300122797836117923625688850023146438800888148243166054436142830907371889580759286938
91 1.4076186040905339243669359925729461455681728467692862129579640797876169889296856892145280605160615992422717935958499812873745726
92 1.4077169535840384836218060811198625604371829403486018420361757649891332104753348256854664778780479221970597271265508739817946687
93 1.4078108374541975422921308540731442409347922039932825552593006080938571436062154958251929565141728391715253379309611341567533434
94 1.4079005127793797176763018033503831527894087620772584798211602932350292237496786812134890475585332722299719276269445866590869319
95 1.4079862189824839460057753075911724159612548792158503790115598923088507654451626048725484817725674786694265272982350052631305541
96 1.4080681792271374610714931624642424025418122146219094111160966353665381826773900299885595613709465107481244654837779327295543858
97 1.4081466016896635383045958659386599661831365021492978070304488763657273113497190089368755735619941742128749024779130496866737668
98 1.4082216807190538930430730631704564911145293527689185138798837345413443765854385288476545313110895703468272913390017323462189649
99 1.4082935978958632415492322112331923999168636540081887913680384576008612145013731819170982705187048302279647067997869215090361068
100 1.4083625229997797418980227774507614150143348595736518790582791038548390698119712017939030663160713314274698798016779886597290648
