4 0.61533470904599314040763411003520022201137103716882186680467194919212883026288725277440436377487111529693111172529402672435794
5 0.08066683639469863717452048231064268337211299633758533218575586058941953959685646924088054906385376465331660407535470723180155
6 -0.41063931106032204923682258119148862255773159317399354673301520756840460278186188651600786746445550540458194747301507605205285
7 0.52912318275131647262929109782162131208497959859100332406827563648345796722518263073565112061028860933785085408404357699789987
8 -0.53202390113184026474439301798974490142230758281922715302258370174856664370316607882686362167020001866641538076793366335222142
9 -0.037426811462702647857569136231025166415612529297892133389754824839473011329485938838983200483583513347795284768009292950837159
10 0.52354833878157235382511448500619763310638386938993859848615308312100584549946971113933717378333175482530023391736335406449797
11 -0.57817453846504656173804043056516956949201372606457362032893852665436730330389729131702411891470320290327465358632009345785007
12 -0.048659011283078817753126921307345413111944617156993373706808431206441736981605958967608152965539401965671276461846525286722294
13 -0.12691427468288704379877058219310919334316687579004611371112258496827549695974243796780763300268149866158396755146431757853595
14 -0.42772174034061075325054864005279666902304526258425104975870699049889608235165026890695951969563222833200974670525885276632059
15 -0.68919081825741092149757858335234131005156875396347507490976223600106261781155178102421902036817044943607476842618778172190163
16 -0.85569396260798030935480419410818088002097920429622720085888079870709966687485075292029937366107153273325027099840980994194376
17 -0.94204801218346046503014413476049635853168737356979237549933265370335099035629668773194494814780887423487763572705829907202639
18 -0.97434647460795006860743862332455713176472241429354029272808666853076942558604644359922164327033378869210562186666170565463268
19 -0.97377770214969572793601979495542759659802168511538407724130887412100573556226080595246417120863617630247295800718521873401823
20 -0.95468137442244831141692150751725188797615245200359141059595416943768739401199853641224700625048623885324785102456418048123817
21 -0.92604558323902889463188422976982134862435812712299685687239168083963350286211451811359149778913251720908031646220683262364979
22 -0.8932671785965714241269968801428894306431647422925921827399552576676974774394576884199738001374649705270295560809675515723101
23 -0.85947924860158057891536845748926512196337460501252260241304418746303795892563725793796437868713361003748082560388135943819035
24 -0.82643132840368470750772854973034217427203340502150629309561068888633758876038651751544247499285718465519474053190516259687303
25 -0.79504293620161815038804474753714263541736758317936428436928275696299574328088394429010825862264737030171893340348322805321435
26 -0.76574326435956297654235963090112233572139842874619837184831240126856609309388500185832100317322820627340641958146924903893063
27 -0.73867712388014850708376997925705161913608704287022728181426813059319014031357384653423903615454119096741315380391586208456536
28 -0.71382891598108641037887724237373556993413930378791071219754123462765619318157370980498879594382179589292850140729592709348934
29 -0.69109679560117960440203047515986507181310413806554812382448755446781451455874104813829677327511046483047105412326846229659743
30 -0.67033666912945830068445133507067338416196034074255914203037773293049540894519849684040393106048143793187906751142248284998903
31 -0.65138794410907122512962774533300991003238725713132974887277176457473785549063067096813089692538182970205706564781281164149019
32 -0.63408825360271312355170851340288015298512570516844690024349518256722396860883054659784319658798143049747991389150502542191862
33 -0.61828153828973359693993068239250068115179177601513697828684348164628829763810217574407834980428611987676806616544428158571711
34 -0.60382215171077254771820166136457154944368803083550391375891901620698995432610875375143811055532334197201737363448244314236964
35 -0.59057661226690201564769738952083117619287937343645567941238986537069984099376759030730923207666353883859960031634143618506475
36 -0.57842399128071135089649458877624744977240122498840961073877581533774712196515322897282184971436829152083628686674948786852801
37 -0.56725553870765031237995808805431438157875413791874577192933825876866206312875857663127356093784253320215784468833378957390072
38 -0.55697391028394057943277875462027986369810449354572184775382802589396510902283952264260946756300368921814330096872851122887553
39 -0.5474922137165177836409481706530134237403514281870838222668313834035049009634071538707642658447213053580027293638784388831013
40 -0.53873300161573074895740065392304310833988932347704218872204282549771868119604851113884077960513490953051598102078924276105563
41 -0.53062728368663890304389984916439698387772455860988331514077827459933666451795876068958386766445338864714887076919170880775674
42 -0.52311359700460859495395408225133901859896366686886924061439342762304663808346676370603552528994754835154836183629647441336172
43 -0.5161371528458009077839324009180890300765009866711249608496128843582269429083338759972364707023949834531818280929534179039968
44 -0.50964906646311807707936976134797079486872128549196967341856156585095147204480092430371848629133290448088354659789148220238001
45 -0.50360566924224281063821314810668599185276949551180806346659319106980760790217936740705833418798012621987138081917840202925024
46 -0.49796789887223269228456339256697649687129634715128474849458919111523975311455139452688483885907971957481469395542109384894341
47 -0.49270076128906075525747331089244688944767921332416851434050984073956416850010083729150295717319474778603633821912986827477415
48 -0.48777285742788782865560686237682542668878301718922987902571549269916549919373545557527436931784519731541757105883961949150265
49 -0.48315596776968534253866747728046502100276469034359541719265594634276768373305600742307563697588603087249969402706062890606796
50 -0.4788246879914826920549357223706363036659052319903201487356951244664494587771626903665344153304630220113102249676305518749052
51 -0.47475610954341406421053113577118197376265059462940079610756713194045565193349034477253322160984875309922364568346975128179833
52 -0.47092953956882834306096371042933466523452744260264848150683861268830007722693225581781409392615159835092608641630303380158015
53 -0.46732625519054074077196852462835722415475849094237185532963880128208051506262144918627024406738220934964231964248331572319457
54 -0.46392928776989498982453484003070157027033741153602691759036817550791934053404479515267714369591967711212317426402451098314334
55 -0.46072323328637774811638294331815265075500280047308779227424900947359709945923377734277202504014583403718901856599590871069679
56 -0.45769408547556110571199840122933019324728036698435286709161845119674791372814007617954233343265245058403711464229606831239794
57 -0.45482908880003596072097463166267168449222775770990849157646136375012839647115845085026111004511568627010634359920501701240983
58 -0.45211660871329872716352985256129159818756355178677693053188341423694760475151954313054099628370917110425952644748212938292041
59 -0.44954601701378462469175723996074061661147754472073039451880391867396036214771915273646559749279433871555605420822070578756805
60 -0.44710759037982760608107082482295146573400507426882680159246355821193865896790554454003009691098181435295329504315472044739896
61 -0.44479242043096976473045868693101708269512706322400686393779867002769948403639048359192013482429261426484923230768701300803458
62 -0.44259233388135103129982887553393385442051849776487602941890918759593058698090543285300390864054359240533769225819216382867288
63 -0.44049982154120256658379960040233463555724687444276125301317974621751432254543401806500033971164678621479525389845831847700511
64 -0.43850797508667842116500554117358840764464900087476529942030708006814082937445797017883838817450152333286614663275620731115622
65 -0.43661043065990493236424795557248717587675362451505923312234665132799655928419943479972757660201374078795229624981331103585547
66 -0.43480131848330573150205483861552078104572758030473158516434060993285327864052469993390541123897923527265236462362709488810117
67 -0.43307521777768010982973121918110859680304120175986002450143568066553680881287222528157768671204025887885799530896762093936061
68 -0.43142711636452369022971673955898113286811238395291016581612846891897308325959790125069835779790174917110656116973486511802761
69 -0.42985237441171213181732177612332389363766347472475899051364527758773247733301455656783608360200044428549188481804872115808894
70 -0.42834669184966732399873690369227192429726488443334059302083354518353603309243389926298115698033629164686918971895339875100268
71 -0.42690607904399049822942020389836853496212536171511608387417795025364661664811213833225490214243083377166094061090206626738858
72 -0.42552683036156298892343785107126552430156794838362571869017608339571127316537187742449473290652686206964345096224307048501539
73 -0.42420550031138338956592033645605435545757918863966168301921240638125950763624914726618162978635614889249262713059236516252105
74 -0.42293888197987129927041819951076751842808776920946580793855728871619277292129530497523278934991912881189681556229654017970859
75 -0.42172398751382856290444262754335004091723024848742235357663703907303064858577972058806854299657028069063551480952336811017553
76 -0.42055803043339851871912695212283523566026297550066115270750535605619741425586767659127448281478918969960377148387196927603342
77 -0.41943840958279273123970163764454885664803423952569342651558370603510569186567698067989186559944431485051279054051723602547387
78 -0.41836269454876882769253767492512992434176311210469529548493486240352341914582963088030373212458787565545617176308841713913964
79 -0.41732861239627602541913077799364772847183651860218604564716514381547216086471284114469426843363896795697087872697885072611707
80 -0.41633403558770883982131359562889156925055723533070468967440643568097630066201271610885872493988281975547539437003897834052018
81 -0.41537697096714390233406547705311763133951659288411706077273689043051197509020885645462338815616326769518660267468326565073268
82 -0.41445554970405459994231510329902938220245884306676095937681062434436020437642577956112708104477352044852224533679782760320955
83 -0.41356801810253992172485109764388065030560467672749101502103887534611774200520687501282896067783110763255545197776205523049948
84 -0.41271272919227132474485220700427925029475361691303650284004062914107347690368042124035708775691147380972096351345997348147298
85 -0.4118881350263305149005042025805131764848412707177968159019028530084650853123379951136604931843187128741379966994999098041539
86 -0.41109277961903374826169578848871614692062872879077957176319923165549815704430281193049385540263719267287484267066642794518074
87 -0.41032529246384605533755978225052636100378744667375539935893284080655921548900669374366367054307938763170635773642854303239916
88 -0.40958438257769554000894436738351423774004769839181995885663551985171817232712444626330724924538525679377378624271456607607023
89 -0.40886883302350236020378073811537256218417081338492085970750950616178189978541035287439965796493575948840037438350431009368544
90 -0.40817749586762491837860168118887478031129215593859021624791088585967114103954686543655084903539652806695749482528460689553828
91 -0.40750928753327174936313249152741327684474671643147545055590702116159556943432785543279476196653565207461793351532811191539905
92 -0.40686318451479652143097403982632271931603886140244410693448345463633565159712951026291921286878601901094696913236931399907027
93 -0.40623821942124207198317912116190220444969993048606801554899658622868356502279489968843542224749710636869958455966637002236226
94 -0.4056334773205768992410086494345469882478259094663678953872873158832399334260348417491077287297945637253935095886338779587391
95 -0.4050480923588172212360068055820907997253850174924640686269332522298860508227189622272701396395921076340033822760837452867577
96 -0.4044812446306873984875410320208549656376751869445745310576898998452048581690658855620395383798147726011374035200941758687475
97 -0.40393215728067432701015239127209447368175367667492863319503688023181153439316938479766006295044380719835515328852332732622274
98 -0.40340009381530641303698691690347892093191557740658847516593936532735027037534819661192105079450752212745959282826380663849329
99 -0.40288435560926047832560549549221142834087791851353578653046014254546042099565968456695424890288788619849285072643905096954108
100 -0.40238427958949287887807915541878112471352114017575268900042282145794930250680163733374287366019931230944685043488659877209618
