4 0.3813445524533840284774692778272245189517198436255018568262246211113099972406119083612415635276422549754688067678232765384038
5 -0.0611850397629453254863783849090312737779753415796041907256965071360770307941680342645161472689820041831500762056639242476232
6 0.7799968812145320903871753278115821799795509635492766847902990849800892193824508264975680651088600653004054841130050817641194
7 0.8852058558541346981093722213142174261176806810800800606239228653706159765290300855126266012607127753913953301700971038481656
8 -0.4418187594604985035010915226359836065125797266197286438710937140759546020224225893876250141009217259531294050529421030705734
9 -0.9548699538565981299601423194571423847829131703769114820999829732100970460793833211381043423360477734713153158749396329909253
10 -0.4189026994861110004384273680015643586404073479476353725956447574236940899682954167795428478551613679859132600709767223476906
11 0.7340985270515668742599790712750963504151029547582498948635292260622774748020943639465592939325624920872543510001336810250741
12 -0.1442481144978986755042343734789620255893548912942316533049857778383339460375052558549791068131408049804626642770859124166363
13 -0.1234961405349556661062291551293816352414144167302964598849737627109633453357301048042147634492525435664724521770515436058504
14 0.06878108560993417507363350843044345438926034014808553374608573413038304069369856155368375634214424303103754300940713322721317
15 0.1522967407106027183194869058360791707780174065392979906550658325746849210592023274697310857205555073144402064018949903088192
16 0.1233274898983141184956707310843619824938375348628476207797871906462211773601798393526450934608386176825806450000594597583189
17 0.03040198438387053360576282016023157700722519738177693496718716032252922318945732664110740270150933821635704629622716602362737
18 -0.08789577833705423910158068401619227894080000398033631072036616259186433539221064713540879980958944431285554482756091996282672
19 -0.209343726034515831511853876307618887241313061046844609087567579780145958707391979682228174010966481055987263073631392414883
20 -0.3231528451231793214898301473886657313397370712914033716526459347852061084364041660651794306659599322358528528782858471849532
21 -0.4250561974047476557743472987791767826428541483906973351994076984550107680307894672233747283209648877707596120003781170467018
22 -0.514137550317682231737633230510853448422840438375321907761923479284252500173613074756538378975630179233203498059549625151156
23 -0.5910451917150047675390286425626735709338407748618521085138733896645958441163384792589407561338842787848037655285727240215421
24 -0.6570541284547479806074332209095811013109766961462730414767315837943733818149996108441834832746234418021025958540206271529337
25 -0.7136003440814692976607333510726436045904179646389181598520492080232667515850390842626218584559820376947743643150405894098878
26 -0.7620651363933900771376059435985884897145776083298355998057969508753436233363223344002387688856964009198161990408093883271424
27 -0.8036873374835770504612699390748171223803791658283409012870007954617729956958600854571453221376417993424653882964924808358552
28 -0.8395384625231660553266972713352801538569542726071538228485274207069222151294810010645773605597313526155350388077874288187818
29 -0.8705270556945229872115463764770426815532351385745542411811600687483159513091961403403402003585907312861674079413992707447947
30 -0.8974151083509290136935618949113818076491227879699600579950400993914922717792595260873449661601926050880037866149988857329181
31 -0.9208381224834894720285051364283184617444089889464858337933523878435308375139020948893825152104088899394803349355804720545755
32 -0.9413248871825277940585578574652612267767660514559545806085547515397361572831897446393860280519083406868098681759644457556224
33 -0.959315318347757568117650974193308740142269352027144592552752611586526899939030309595954436938938623083910273378050006231751
34 -0.9751758392875757196028724354837369456931669864106077526680164618382157358421983225016327749912736286064565923576310532952208
35 -0.9892123096209005136577972430421122614023420612693051865105798004965994717203434399097954527909835899811883095761098953963746
36 -1.001680735114417735139791734387181210526874323631630978269504268023502698520513973593729147431704386256577396335553215738607
37 -1.012796065106224631608874327594365829774035263278481528612383291364349906468776974522026830867047307769465356828877264822496
38 -1.022739386616431750625985192384081918353979375771581253521915095057362923496504241603777583961315972055641052129658332816881
39 -1.031663795902486838060416261633995612208743746355861248940010020742838643428417212125164520513135289254519264499657027157091
40 -1.039699189440406222796156650565613165282609117457100058417416240846068395061277532496461884090035661823850005194236093865804
41 -1.046956176807648089239425841410996205138302552839631953742688979375086132792076871780985738325487943483764964727120080376277
42 -1.053529281930241337059079079772145638223215731113966056827546693879875415107815665244002040962771243681875337625616504999317
43 -1.05949956810375150956986666118797547144751914834342314038103525167906837802434940170788472697969178935725964513001659510114
44 -1.064936796251026578492667827823644235454507165152032177591364779093085871068611155503539375222698630941670974486431694777591
45 -1.069901204605224204841474532167179764734307199234165350635956042053818800761057545447538145792688016235580038893572370869761
46 -1.074444980763772033742319093093229516415008323342915680621018934634325819999613581226282452236950994837962781385092944077284
47 -1.078613483181318289477248513208069963900548793858568125156930198790999154740705100558106851139810424974654264673259917549529
48 -1.082446258045423379651899222941409981788588704971798129575630127295170135991086007268451412260464194927325835481131456340718
49 -1.085977888579170317069513719466626125101336700810137223841146666393194485929885681555025478749170712670976494322277878643917
50 -1.089238706699135251147491417013290578073614351011000544644386605236925217458064692881556718458728443034165361309425289855562
51 -1.092255391265173620350673352640437230396928323880762783935731752947140444954445632378676878258321996245159307258940707335302
52 -1.095051472600030738087684027376298065895265042898755353913516385239319940663007360614375062891110043025523785585484756093723
53 -1.097647759299928278465397669600503480020869596282657679299518347409392001672852586136470330165788479862428371726718621433317
54 -1.100062700417575693576367524190079967480980223005250533513371656309078576952593664961645203841984928594633816247014003030498
55 -1.102312693730285161578607909514670012086344662960155074427751123719844275369303722164149456042660396282242555507540594139332
56 -1.104412348892262755510627306278051210834158748846081394034827545018466043407015662083066712307806409375236334188572397694008
57 -1.10637471272007690335854759543025456368814795311180134447282038442049056252398758960576614846726186699304187144327401758907
58 -1.108211462601203280528358897317414842250771501764128265958021333157062871079025773073204845474857512709863382175946087996819
59 -1.10993307298988165439740945517731413044832393036534911524063192897440230598133977631182693620432946843660163380401413556544
60 -1.111548959116610067166793789931177193972682585008460671184424214180349005980068767920144807805840838486997736486281549362878
61 -1.113067601351098001340089075164938973188972915038079571896295766095418983018458577405974599760183139273396662904878540812872
62 -1.114496653094422400397678240291707476233084015237173670723730886853100714481848748701362198520545067630348578980211265275852
63 -1.11584303461131773250141060645166762161217875951417736639436598679938863632396014066986873411947639958195226236693783698532
64 -1.117113014829427975097397004301748207026015867332449962838385545278728065040498353237581946760653995235789820596271782261943
65 -1.11831228281405014371938246869438860412885893314426464236664827601169509332690882094724518446808327774208005398783069872288
66 -1.119446010362402907301795821621756679673658910272960853860832368102449217592484127677504251374020704582338084656777638636881
67 -1.12051890694106790247724402687127660076740245811943809214038208535577265128773712989507260926416095918347210010526779191719
68 -1.121535268006128513431925365350048082942803418952857196213886588974097964505545398985017638496001495036464836929423451911841
69 -1.122499017591300722525479535029667084800718102559667302693110644453318140361231456533636200615688400355099465733824677716908
70 -1.123413745919827673578040598493697837381349160751424940796223632575716986636039112729534860867550560959278291808545702561925
71 -1.124282742686861595268226732412277269354362966175143083458340205887454607238312032289661681369489742622306771561921816988479
72 -1.125109026567020360697883531330293306647387042632192136390074226122968371820727900139487767681468943981421404576629570228234
73 -1.125895371423939648144535223634019818284203798859776751793613789509258636050693900580318000635360018489580697857973284271635
74 -1.126644329632607984241762657875118843482372446602049575604457134231244997363643491206922798697972193241882356259643187200417
75 -1.127358252869143253758881935476578634865158515607088110455485863504523421030909561899392173857999056365364901647816203778724
76 -1.128039310674851869891459848847612253800360173936887331913263934278463553665015602393601222292946571024849016302065054180706
77 -1.128689507060584886003455605220734133904419166849275616912993292140657234715542765836707506991517392858288140607977789636092
78 -1.129310695382471544697329602936772617203207935665542671386158820136124872282768466466586563465743312643103250001578828114957
79 -1.129904591690156248476499255462228930234588720916585287562778396917618691234781459919394899027597774642238410409737791186662
80 -1.130472786722926874154958637978361250154192105553214212592145353088077708531088536351958696918333895097858617631968016109956
81 -1.131016756706962524252585155335337816459203322913853536517916282163216576433599266029971575078253036032499644462651532442774
82 -1.131537873087812046454321826896698979617712799190185417385619631869817735798681830905380496327667607251350540999188517019661
83 -1.132037411315691209670171709470373930010966649983533566227960942315152886274512982724794421155408380938987230020356472116212
84 -1.132516558786877521624514361089655987569262644789738962657624834239153612105549980125620904961222275880330968648259629615482
85 -1.132976422032067618534917280842069972942627715916082345014205686122864072123724052771956473261318983780568435276324351502783
86 -1.133418033231772573550975599893136205066293895415482454742526408472550668403967599767273471085168046799951515921988100622201
87 -1.13384235612943221681578084271521997832099111795815713104302763218230438762841017663297469340322708801473461082594716570828
88 -1.134250291404736056282810909683974579658155231681140142978800502891121953113667718382512891493915412331595969412154236378804
89 -1.134642681562480078801156186334674038146904214402888894109817942275101899378943305571406474572480474568051834613661466176044
90 -1.135020315386024463787019088661171374449003831133551118791399005769850041434269633429566590526084445125736505955641103767182
91 -1.135383931998926519976262515135364244813748286204123810276456764765022639807227711127475382234432390032611547995006211876485
92 -1.135734224573502821794980371684286855545881657702495095608617546142944767283657737743954460599672424037356854290551602949567
93 -1.136071843720836166744727855001285947981790883151164293333121251478288024415863924654438296524574278065103134013058948863606
94 -1.136397400593010680799090872744050303299421031427892492584035742474349085554191946722087126657094072130593890547706178777283
95 -1.1367114697250668600915104298871005926471777740464113059215047046396633845867885601344737424668704932438338958144077297292
96 -1.137014591641261282880315323808869461620522472569859510599583519681950317770148599376896065509794663528294986909079270053796
97 -1.137307275247644587916435475702466533460540100600173065838482936218465099461066360416380379356759571351071954232629274685177
98 -1.137590000030694106119346302384544381879006472650255120164574311637395160864851123461336095356875268489485371456097981255157
99 -1.137863218079717894594269528520847715093567921560302401681648263289442576398337659307367181804834499580691116993682537450526
100 -1.138127355948953324183630472020170308401106233849208940290298399898066480764084175489988477593860490280861784851322135995107
