4 -1.0686133979968587509375149793825378390847564482264542286251305465091885492298592550129781152806808896995453949172956300756
5 -0.865040734234538931914619363296036070660487462446173007895351398410205475776328402446735697784228313361642956030077111474608
6 0.00606576528628234194555528473994976023693681368928884754734570371068854641650231104472302093233115229568799681492464004356264
7 0.34331102884996614126074649211966191602798895505936314829669337388714186272500824368497482964798829116126543389564733507379
8 1.39386084658711863566863891043196830774892981237610538397650753924592914689055038404459524344450995843787902010787460938918
9 0.329768185091236120143356103602400418239427215416898644242551013566000330069181672850312138156926636681497446044998200078124
10 -0.740772778000266037445299857350112247902647903666100308314993787215962142573018689262542426333270955101437886142447348810152
11 -1.10647536572106293960651472125076393747276836770201671660993372322711076825089290087718713954213649004362675617484017767423
12 0.3116499593462775153539669879861371592835190079268263176655321671794961577410557178093110477273187320193633224938495593723
13 0.235177194437191286413169833204613731325002649463623109703813988198686933392922255606059045017707845479559385082159383462076
14 0.0114896607882284417097453257928783193727041077344911505587494147922969627743466740287791556365395976690361425474361120016337
15 -0.0511560898460640029273286728742728279018612581460341173340511535789272887868623169104304324969556631703808775886427988898749
16 -0.0016636254504558296112438211971176631334433208143150487338306151459464483557167080405138900127777296708911435847884662940393
17 0.0881087791918124782402587445947534384473235492882519412585193016192742256782620047186714170142256274971553926021059230278922
18 0.178182132343420910132189114730011612612983261842170759547557648665938106844643546303137190939524573285995891507987597188667
19 0.252716569982671779484549638184313007686024937831529069353928276330690732723251373913489512103833910876506789057060001166052
20 0.308165808026665519299051814207917699141856960621062796005101230442745737494163078738577885142678473028825265790291319353955
21 0.346091018574030920283813714069138532477896189494889174278701205938429227330315800957887022874697971747574091491021324291387
22 0.369657613920572022791681659692135026069337436518376600623011667415719675227250460781250424472947687986776552773939201036898
23 0.382138808435874331887444240177663045364007484882548315072100730571316913554933271528315700266174367408857545601347002427992
24 0.386374472523512199714466698885708205092207470749626326022930498202398512816246834462399599053591200057662167447262387307141
25 0.384645677237675891658155968480473589315999873007825849782141002735462997365701962087744669159245448716466400477756895749609
26 0.378711504892491593979250200807543863619627204111005702084894076127920292470887524711033614533491912163930580912231479138554
27 0.369896351493618214949837689788212376404107283675033048802628833458887168917804290815789971119180438855861064000004673563751
28 0.359181964231433047003959465620506860566455797825236251692098042116019278582425490695165109586093765262992341794347068831883
29 0.347287880504497822662249007669642716426269383326410559186314149933228736553831547263394226957097993825868327018308843819519
30 0.334736374764788097368996094784191698117864087627266347691111195642624919999379573921998041830141278528251343398290533064036
31 0.321902825684727013739719573351252103615745608460925433207349809188862903493308788344017594855463731670644641190550218853773
32 0.309053919075555503852476819745686905791905951925573990311178547040138556879441786697306756847153267699637416073400526741353
33 0.296376261809862450515019068775205655675692428786044927335619390973133633038252307779051305212998750118978775876200606816059
34 0.283997661913330977275867199528657618024738621475542437456488370573186227578433953172190473752571534667117676774972536009602
35 0.272002893622337258887380709232035681305629575245422529140443383344631565540294126678718075077125362706364921586556501478808
36 0.260445354172707136954803812750411592718618153533025212355194884293297645275646279177321595948780024122661300346622692339172
37 0.249355675600489999697300802031499668750325921796616633151008774826616288587718678834837359926955654732248926922261576482757
38 0.238748084838805137425582346228903533633890062260687917160677897943733648351885776697058106530872309814032611114316675122492
39 0.228625099747614861649281189181150163128846769657682039105745949483508523603690321603115543598819561010708977208445425349743
40 0.218980994840539767268436026714386858262487739154659360144485222952726792217235036377681278180815593124647715273756728313245
41 0.209804356491124074661721434429307792013349119014829348527484883321779018146435990520763234617557809392759782147349969622484
42 0.20107996342113551327571528839176700049299184302522631894376597977804909661124699919789797078071131116311737074220730473417
43 0.192790166547734759643755584304990755317777402499567246304385509383353667703810364175429319550806984913583278668639912978004
44 0.184915896919730558204960345123901225804587843274842782326703971045900200929976579649929025205632206566003407341592649427063
45 0.177437397133537707142233655519106873409214156589203482720846948809243925583102864541688623426964677178861549903233647997811
46 0.170334747068220579396367744011324661023966880109323021502070031692695177594238207268346124144431571546195408655676770824095
47 0.163588236660819476980144704613522565931102841566110441718357341330121132208288142492157815444759681245473140415210329018762
48 0.157178625039485458844145291225440839162531386643395661595296414406441411153043325109149509917170707039256248359240854528048
49 0.151087315389957595385942348835876406277824100913003158544369938777386051190824810073588677175166982380006879355932218767539
50 0.145296467536793454908791242270142704114724735123431160789396035000948549508009349568478490377116250725549856129096830830964
51 0.139789064706995826436140698198857586468882151544232592015610026167874597197166378247382994386306846497058252452299704661033
52 0.134548946821631210257155475696657435224323696538377940942796205234651371718468689259669971613926801195178535641690662596987
53 0.129560819572100197683660992871537275340039805817267406885282456917920353061008769875513650561100713668694160537571440372237
54 0.124810246217965518421028413096626353830716739882662077232045675066291637251139792042818633471107641570282256771350362554032
55 0.120283627297833975123929550134679964449628767317101102175408063562229276949674095093225281565566109633861656509477232402158
56 0.115968172129446638773134490431016520097953848287633145289874457730464742153198246898895162531451186935025878456743797695794
57 0.111851864982684884153271952174204678554103457767230150139460160083564903444462556806796353464033362632329927513492645598414
58 0.107923428059789855425549339033076427800627693927164304516136783631852025229554169861876897835657012191165366568597773692135
59 0.104172282851033066319195615650006000938727546274051636492689239101896753244113641457809660820622066860819005507579254003365
60 0.100588511006623913221981715303228664593018735734056431277323861269802714696556669641061612431965309580854318992172813371054
61 0.097162815543161377354876667834889162731247530601986177316789703282443989178983496768234326897939324644463014294301293917471
62 0.093886482960079563188465121579892281567989012246121643065289705772602377885411826389236436981958439801146485608620008820386
63 0.0907513466591417565307070765544288105120431600972528267865102011474155545294024115097723019256764341383173817059590586842857
64 0.0877497519235940940549137439392873614726553909911860751393935109100881474098193827866981345555435306989060857400248288979399
65 0.0848745226120826224647397667770464837854578186888052698927022188506640030656478730963417916419012888877431146525907866302839
66 0.0821189296474891636376697669003026154023857550544131873249847180399418674725143387014277577850259166727000120596227579438555
67 0.0794766613260700497679559662074357780367129106806659326642543279523234070049883370695965772893190901406134841934570397865866
68 0.0769417954328187251407777320503512121709753593414047706543961415113726124653617521030099740502800326300413167177841060034574
69 0.0745087731210999505982117799811020140804969156289106693807091668109084302911033931665283940406829404351122017805176958241779
70 0.0721723744954776477678656866686957860137797558783553015676834920504563647029316397035640618769787940089875376480083153702246
71 0.0699276958241068523867030897654979778343476673496565741852213770105562999923289720413740059262160065591043343675846867386754
72 0.0677701282994207814087518825278887597049045446297999518584987485215649824385552320785596937623593885858185234212255855603218
73 0.0656953382618462759411136663171402240886092280178594607004037363156668219753639512761076336932072902897183792901245226967038
74 0.0636992487999548113784345517777183797568755018084274618682665278331481890017147328644440235217491272214453022406441534019166
75 0.0617780226410623681944895078138588893743539495422024017413041432923739462771203345671495502819010717566656981150419793132856
76 0.0599280462482673538080001534819382220644996449000497443753765307139639906731632107669688985086068096000152137113917931108806
77 0.0581459150428352167594483363768715964223118949934484092827935492906667418180171316370807660518821623526605975492170494264257
78 0.0564284196743798054187231639191309576722996032977849942720241975346730319326305267082746114454736736619558992647166237730388
79 0.0547725332652137189353448522724515408354697014976115094425887779130522701120208625646580896272474694284291403082312588812919
80 0.0531753995593634546513236797883264495489368623096175948822346721736329718577609482203809863864798412808123616128944629479758
81 0.0516343219109380080194506818756712248472321757114428217074547930472698567235098328746221817635364529859502108157702795681223
82 0.0501467530507059115466939281662436219621522775201966110029051398650919423169368827079333521684217944675144304015025711784695
83 0.0487102855738073635674901226684743096566686746218319905624225088531842149717616260212195960732380821063123224627008970475112
84 0.0473226430954579989358218973542171111567450350035167392916695373347128467859602214036632848703093754489914712377586421029273
85 0.0459816720252578288571409223880558404608165005177352055847198510649290552533195215774766210824540138398969748785592859111375
86 0.0446853339142837498247519965549454814984358589689971350677660959819179433406568649090372849283571508984277059003627535789547
87 0.0434316983325065600272485344800637037251830890814874455800418530625556175052508645861451965553944871955593905061569537578676
88 0.0422189362372299959348097610422933422618541441975847449207602895639501986273379041552265493934034854036219920155985682499497
89 0.0410453137962010856530189536282927132837877001284865570977540859322394123282585623936970159304682418452606121036756320028725
90 0.0399091866317927082305924055609875675434095482673264773177965351749852701080229141681232273689714543812076272524012269990899
91 0.038808994455217623007710648377305289251130587263750292464176764316659453631571967172601177479213607000573958245800228494213
92 0.03774325606210694024378616471621906952314529336677202523360813275040419078853689468014373648186111385836889756247874027134
93 0.0367105646629845679760310804716518011228060799345247847817011574175803096073276429659654815202532688504205590166108497780167
94 0.0357095835242026386427846490266739509296048755037439794230540993204283566102228124406142041122023529609663195367614085046223
95 0.0347390418967815315133806201125822126588533072472294257478955577018139128681399881383814586249095224316896829191432233508472
96 0.0337977312123320501607238626407455452828469803920852197689827901988062912229256499619478131036456040220731089318364215479863
97 0.0328845015268365488118796738052807022664217517200364047141570316266806243918991789382948994571202833899076940153358445290357
98 0.0319982581945399413480045997357120745657170376221726865761291486726438035153032342039688725101652083559144406882882928680559
99 0.0311379587555597587445500044966312991403948400046498467966133170180099357489172823995349270679381002888717605814774859777934
100 0.0303026100220754545129312752281323392720023778709175928556603481767596902530060272346273863061512375258631673527201643574495
