4 -0.12958423119254204551535045698408052853915189536363885871069899202543621955030741298054339224886001396782122995150689322635
5 0.60667459076228178906672686275924318445559163261248997714779572848199176960324107870720023429155343420729186952631432048425
6 -1.5980135837087028805021234997152353399173358773551203267000263429785552322088487462065802972630383182961876328775083327324
7 -0.37801709481753703442296531509516200307155645028081840892687968018979268890901620491213293634657323815057799931541600053516
8 0.36717763821228413316871934501384934672383406438642218403502908820667511572264189988492530254565676897479123973208179529863
9 0.7596769340200086741041822928538655001535027312244033895565078442871373098371319890513383859918681297468920889712137391585
10 0.75989784881840633700605366577107637467462534162600709581504767393357601958231261369777007056007261864288303346503210193235
11 0.1126477191834439423007277377500528055597713114672961594549714645539537378785454150425491155643958351781043945614876680841
12 -1.2870053318005346532629759460364456156509633567030183063590229586080800675356712847226042791295869598703353185778678931325
13 -0.65862321616361883112129509558028057116113441477896847647629675591671746835232943407532634547178648902048139678479701243695
14 -0.15873976225934370935249173225439713466397252419756722586787615849024731111913178226258734451317046987928177654019924829212
15 0.0068176710896557147760761507469494967903939988533423109777474606356497717043997136688243566348684688097450365554052606039041
16 0.0088464910794204767044099451174022008627135653736557562436937493502827109110024739517266041309613818847629849133042829959421
17 -0.034641988261171329935248720500093057610421605852528242071587697632625410546163640741532088297684598522466049926231032922073
18 -0.074538017323620272362110033622238162649303586701889444303546281997759460998693886474688465817854590755697096473760141393235
19 -0.09704944195288993950421464548514653220949482625154197265159833164611905968682137440341250176320507330505197323749933188533
20 -0.10216130629379871649351504028282808992576938513987830574749865695300614126410189012975818084702195844415956706559743358907
21 -0.093892581244167892200117513098802008524074355984276080986810990093644258570371752713807303142417791589369309436966000763787
22 -0.076595235298981271544067863897079627292048946963198389793890669348805936140774674446799266077258233663295209630553219990719
23 -0.053823250586359909277653334448549373847149175229758154589228768106658538238095195570754065059083686023727816055727156268382
24 -0.028168802928767980280699031005167254836760298315555563159579378760755534913502348229890703166054918607557359877851844432058
25 -0.0014054962109982930909014009347820606737985463468681412516627640625733412369224531847324233572119711742459956026041430072882
26 0.02530960835584258034711480463160905236860605974364028607005351997394038649245812183979147157373653240930081145201749424024
27 0.051256638635069685543180799640684601090415502517119543791517658105288989938439620943021941729308994673831300357206802336365
28 0.076014737627612002913535719107040613929142262666608229464204102037329066362035434362391509176600978615748701775445080303719
29 0.099362308036117859288022526401597629589388189374041045784981861325443120788456042817797925812784984715722802686717374398389
30 0.12120748914453854203887624235532848728600921742690605174627321926652275456302809406137222006505247881919891255051292282531
31 0.1415407398880004015253784172739014675998155725872245158247613603965024279314741886463187010340005386254262274120611294592
32 0.16040298496112460827278181518589557875486203334493171633270153085788899923941037556816482775860597002649636230453328634212
33 0.17786448420193481714066611212563863321950385943682551377155222396110301442265014286155760287438135166468086068870549158485
34 0.19401099389704529009990209891994157427502089318570184559372377782469295510600153929850918258833822636655584811393230596584
35 0.20893484295507841990723938374940664993151993443330913231208999709654663947654327081745934137453817782726530456136205039178
36 0.22272929901632660179494883886306126505317173719507156098993988408996300989911970600922656804629941495998319481148933618361
37 0.23548512243652412950788321689480568831656537894224166278073510139570944328458298978899055960001302255608583719090672042764
38 0.24728856437164075631369798854419352227935506296813715378034898231389880516835268572806837339079784719755187048277813535399
39 0.25822030872518343546488201163486923824437971768151344778575137378428355886376275620339338291591229816266746932266764150404
40 0.26835502252235596763979368287961140156794478401127940330812402236104772817498375747312167592832864555912594832033651635456
41 0.27776129053978907232139143801000177335799710317032196092659869816788878793068716509130104249445033047504454125808392046517
42 0.28650178504560218161404463611086776644788820978694156366706858583447400896304389397888797999669559156382300170328046762048
43 0.29463357205319057126735084392483072607124780374031290995001017713165887638502271181962438253588248183402969652649802705496
44 0.30220848951674593176990693254281904182716515177937944130193805046071668990656589754753575900282043781049965539345168704914
45 0.30927355576339798160851581066638734664833644723284617842266569845980464012022797581479165031200956874453468613495533661541
46 0.31587138178509460907070259973524264256474654518106227494874589172165182678064737583784878436607159460202697396347841026513
47 0.32204057124528361487499590170702772542986436175532301878147950062253976642375641071259347146267526484403151262463123666447
48 0.32781609884147909964055866732495185816763450182275524143032590062635391713943202592618069483722061096300966237001781861745
49 0.33322966212180159715444187433497374879898167128772855962396756408234846998590043769543196500745754451211889101611677465821
50 0.33831000473863670069309554767864041134145168719799878073782789028538996102386918370850172895843387211330793138415871183094
51 0.34308321094949593384172596888759198748420411381238236787529438271430691424184103013230110670866208411305658672755463007446
52 0.34757297229305133557413562056010765374485086156798679312081001256017845364936406480451021931983320038718518837120292461223
53 0.35180082801435177589967906909206967701867634215578033541850850854693185329361750737080208068366067525883336376927044925315
54 0.35578638114850945932708300979154952069759508641423062338127077767519825385200331125028430925451182630309034948914651594041
55 0.35954749230589644123122095718499535087140804459940036912507965967475716751888557293165246039866747035296461151390240549496
56 0.36310045320794337356628446263352949032669667250229636098929034960491258008367250256694624710383252963954958114577498604534
57 0.36646014195064151733693879584699785775377084775570573122909781116419891648809810968462352301154138038130182932401475614366
58 0.36964016185595900224701719850058014983302798271652134219947156240082800160802379812620791966943078583653193194904502875804
59 0.37265296563147188723936768341032776142382922121314442468733604499142121246351087462122124932406321402381005587592045383197
60 0.37550996640978673914031372065513598919636749970727663687013729867225024789855199545833819380475484760566012494310323819924
61 0.37822163709079605861101965760559129432996245361860162528342652618760403877977571982522819041658459336030932735537677258943
62 0.3807975992669507784100900606111369554918910124149361387599787757381859208333578222009731894473956063576575889531137687512
63 0.38324670287769484151238698607007931111688959906930634285175634321720610812299169475214613442700959247066430201147007242566
64 0.38557709761557106582037356211715560458030234811385763041389090594871147410398009135765457604965200781031423841931174702487
65 0.3877962969938507808563604255815684494307909081186238653201571966279059119509726497318989774630565464526214672789776838556
66 0.38991123588379833508797993392263794560115168381353333385890340355521642329189087136063780370522635096614881268911367296499
67 0.39192832223840300559168782614188490057796240823820236101281195533021039212676009998079137627476809535797434985001008854616
68 0.39385348363792187728791021026601144728589256697316051925287385401659335153131265716755545156934629094290611134118908996647
69 0.3956922092200952454662611887192370560424451920344028485418390217466695003755337902622696477437068381945214507540668265989
70 0.39744958749360126173446830800496972728432974906757986846300266398006862669098795440263544635302323272075173130097280138086
71 0.39913034047639772255468271968475661019933531178016744777281026503527346086578587547956394394404435010173014779000057714835
72 0.4007388545502812199882455258871948355483946340078497310647269610905808748946656841513296979790979955875722302278373482569
73 0.40227920837855434402775013415192134564840377895533975618937557122688465314458516733098926093359895896811121754278810695453
74 0.40375519819446669203141764771612038342522978280780666601931416505536605590200940918267995623344444347973729201248828277036
75 0.4051703607334833376277979957835293605882019525847251865258647016440585199107429272037039726703245834790396226706235569936
76 0.4065279940518942198105639681974844045061442783003713559640313525805024071208849570921415759776485493766454534235442215376
77 0.40783117644732663671985354905704108751015139889866062835272801982096445969326595841704745205100296546579837357773670194343
78 0.4090827836729315674398864984202599060755638684924268116702192344777204375993113991141327908945510610904507238028004862636
79 0.4102855046160031448651045308408144120081450072734923933357260967050393740343621435673507559535060172733849152157430270616
80 0.41144185559322416157881589476777945885752316149930676274954189846818416975973750075571861489616744293289258872331541012421
81 0.4125541933983139592569961332057338374762760900176384487972436585318188555953806341489710427513628876145299933965032282903
82 0.41362472722332906893791203930733744382167822880840152536764801817310257804801758544662501704985711892136275273530643592332
83 0.41465552956200381160140137128398111096871447150297068575072597203756325690222829296315417613432191924843462406146802348617
84 0.41564854619211795218169063984423074857067107131664091400796613964193887883053024721273469521094314429772693676843684856229
85 0.41660560532376624078514072488827179465236600945332824944983548053460975547186629972460725336650462052712897802264408836901
86 0.41752842599142669692027419570857202553076107539142058553324986552474147943513767165776021408849404011934030197130831142357
87 0.41841862575974617040752455679446479114305594076103756452258648792465748212589796644616719447042453884620524288327157318553
88 0.41927772780586501811780324056384177114556680402482310610353464116089587319722164349486195944737247076517411742390848102834
89 0.42010716743478416451075435935540295568639802077876643894427856348144608797821421661653350259179758919690022741960080940968
90 0.42090829807864656390929608673669138536156320996420488055618622958644050703312975882065948450213282193990944701691221085355
91 0.421682396825781456409784083590134311060284913686739107409650341533653225944267486478955179623574674531041121599163515937
92 0.42243066952087381769418891187890698391115331232297639794476630499504391829548740647100348931274627638927040494869820944106
93 0.42315425547361154247551308866053954148698476311659420202209553577689824108495413528913085302368428885495334644017410426657
94 0.42385423180957508860741233157569475354489128012926976249274942384521117024410850442162831071606126861535820551254523736678
95 0.42453161749392095052019171971821076016058895651025693324831092428496339768824243801529455112974182468362139685963545078139
96 0.42518737705552951153306745441634915933015243764811435491727191751237275671229937029848848377908549541386203164462157455937
97 0.42582242403670260064485224140359736384219369204733230613282024111139013904949070647723891758626608942634998375389571247493
98 0.42643762419117386066859714579209257549546264928478964154232067204453566682410125489877959749513882554099837230221107860992
99 0.42703379845110704732575393815563020116118582548293533298726157767106529696557702899966459976516248458576959838761989510765
100 0.427611725681878196468586727858412780639779501969081820484016349322173934103657639413769490158155226988290515796010955039
