4 0.5478582945582918219566633472462708204509909598826563259534219995954301166631045307482282537253565103769859003141416679633
5 0.9321072840901051807935499045908623543777205866790847621769058870283261071526322859113039147023914244907033542625070219373
6 0.7729774738367181166813219259382939312494245234534705173598527762320257285126971124805640761500946212009588036072123873026
7 0.5910423264908181523205363300606210876321001682352402757749685902818652893072113304880962545085458504659498082288180687515
8 -0.2592331038281512486637904897111768598496638472693915752035593997450815201337281896216994480081607318647672308927152309453
9 1.005541413231350645966309343043023177062242111936440945988796277418654128991626288932867419949955333449810973250571857915
10 0.8679542234228243312486705005231924111249598438631226792157911139049908043407441289479925117811337756481858658116930328753
11 1.039129051110038118633755174248090527186403937758353988254620938594844120464174366728305419500186190104559285764613273854
12 1.432098003743722965587259526838466505702894048921088521821872628164296852059591756541028515949530421802078787204507763109
13 0.006824475127292980495175079892104377456591368302896619793154174361095589215591420971543004223524835660913403833630333565297
14 -0.607435263816689893901701612596249436497586455811091334782719763103788038681195549910471688400088969063022513153385651353
15 -0.6470023285870177779761943892644775199741557146152802990473188000360727897028181850603622317782870811432906617896455519321
16 -0.5037379096247917634203032829798499929152923287507129512349517213015636263219518762100296427495498568131391514857062729061
17 -0.3505626603036062485246163009336263252258842667566995750893627543429896180530147652533925165354962893338166213479743362837
18 -0.2360039396682150876473070125409803365851732220829420089229299933994194851916954653746165853855035970677251612104663561429
19 -0.1625946920659602407427191025410841061232319015210854900050555708520811364204566010887907586692612231502006261185822405533
20 -0.1207311078802345251622247181995968390180603409241756856656380090396174788805746118726014846039259108702288410373291498423
21 -0.1001839848358969463247630382170703421028466169197405935221380472582355255949617170055039755414064007285765714004413378256
22 -0.09303562932699464779464003850717912592310601302553411165139452443706573974794579386212364874431795223203924720863401105728
23 -0.09382820856936132636127755663202041104786489437758801577377124018047269205654980505688527710565139285920590277471241000259
24 -0.09901485740782912070703784852887248719417827184447148003874234175555173532425407936063886037093338227728566677568549945133
25 -0.1063768156832619653881303580980842914020609417369222438797778263263523318576094571091288309594356923954010494235246551145
26 -0.114570268732795615211362733428307107701396624761481279713332834172915257348049093858859033508436291395435941420359446615
27 -0.1228104312695954184113758758772241482379020446462105533398468669705669562392454195593025395259474940877310777757349114104
28 -0.1306622512875310528069488236350080887988921866780730445214236765203858920782878284241025548328203024441707423259031009449
29 -0.1379054854915314713571667448462788458227716397732704563631554157880680465494632398462774267504693269475808581875464639442
30 -0.1444491363385423933326488106199535289552982786868280153513919500344947659213415213182085072188370564552321010043348980653
31 -0.1502778189148249942089040877051658395629488116570355549449679210425816158412569689300212875735850118411293383548825019472
32 -0.1554184894214926283552866785976507189230637349709679506106467872802777764923835637767919117526914979193241434506779347685
33 -0.1599200476120606757460106996120594674562122979100962400228964564021027037786431229268714707018438191715640516194533659426
34 -0.1638410302714847117346730386092882851488849007756266715863077797323716146874116096586876202137256233600763825895589948522
35 -0.1672423619992277360338393884483644795089405669405778791692735357663559715306172176366674517775562913453645996868535174057
36 -0.1701832464779650066100346922199954909072958427062649446805557154832706378595873107435252118668215681454049877450815244674
37 -0.1727189901311230252019872933993370780903350799368450278284824082949800877407601937075276403647999983915290201410493337689
38 -0.1748999985293872670894604025942275751580834110873490986530377657278040901289382061894250039036489625535151936032939854229
39 -0.1767714694045228206109802494101590669534451155881459223054205411279429024124123655838848691728794555950147053489472846202
40 -0.1783734853071921047700755832863651284230385310551379575702940343908232089063268743002223977396060260465969525121866602264
41 -0.1797413221612753750315257344329669575045011135426132927695029258545628245750897007990392157108743112156640940493766711348
42 -0.1809058614356964306985983678923233834183542624876579771486016060878933375698830585656526128408253470988112641558322543166
43 -0.1818940386673874542205408957845348133824460751296122143278167588400654979213651392920993096044277842791092759573697117248
44 -0.1827292892970376586648963151401241080886439265761601151463671803727863954369985077577538676178391499157261988247289770188
45 -0.183431970352588064003127570624440294092468770791084047885405933947389229541380887538446877555307840295017715625718674742
46 -0.1840197473283977276433641817830887291359540872145273080101655447760157054835949708593464561741214809637210489750049111475
47 -0.1845079421399063828121184055485849684780810848852020245040000703675624811142993217744096268096981009056576880410911188808
48 -0.1849098418653888653794136602785373353234302916969500985621810113041664725918977165254319684537497242981271533496276341498
49 -0.1852369701269209450711590047921101794644557086545344561993281874706709884951855691571617507048716421219189504977109481447
50 -0.1854993240555561475164824767659109228041027283543654358493797980857913642719435520626576726048758339622084307360646051613
51 -0.1857055802407591227226132308358493307991870093593107257162179528564126433103750337059522996795158576563280987553761981766
52 -0.1858632731412806384677650516433260684580697781593975877294912847149084562052824574616129965723594586658582442730864004824
53 -0.1859789492976570282938038332158371385664385761202140537403384551122246782618181853810766147290101032603258066205078940845
54 -0.1860583004374647737385168413536716238682783843681435067149520174586770200013427064836450245978181470133707755338271827819
55 -0.1861062782659723495440563026571663283414301559696129920222006431879505066286048422378400854114842424792853766872639796454
56 -0.1861271934243460615563586954454659143536046880069302725630985013653228176665592812598161478926847298233605358911837498416
57 -0.1861248007965751898677231369775710738641792409632986365638671530709234180823608150785216033716272692207617509676496901394
58 -0.1861023730662729922137781736981860092911315308964435842054706331190996878990832471960383246503740676897411719912228283867
59 -0.1860627641707962287145219628958479401908363248013740416130301510778445972217091880441411815722765494370077254486844212742
60 -0.1860084640742943831320391164841353857582810850793908366509275523071845708854839817703982078219848943985828680540414669332
61 -0.1859416460827749885054410416332596944897765548096415402802449104091499729302516371989804166782438808143473014365177285134
62 -0.1858642077512992297619291165240890658528854477969077368115246040663823126478609957901079772309036699100763403390672582253
63 -0.1857778062836815893508441767590010980946542438866250032501351127646599344612664319105330321316122093195974800095180684829
64 -0.1856838891960434614865308246208003438374119037963743462317892853646882066653854339142130943045279297240555103627264458363
65 -0.1855837209047719180983075839250526793759489693427789097788598646369433521238346387301663180598711408847592603683640015058
66 -0.1854784058045144639980590191930503812012854721283734954760168908337324734996642787034237607518410579887680089243947633476
67 -0.1853689083206568280467788027595215518667521773972290122594324422780354730530543125520839365878359138569925530807312284376
68 -0.185256070351369436856308554382521003409443731254483268281992441316993392572343602831315196338612304753654055299166645242
69 -0.185140626455083442946102710962550098270644341553892315041417856698196321622252724615185105305142869229413346192720123724
70 -0.1850232170886999589257104541825973970953489196311061201045615554096998660317562996275938852942261336817532404720221801274
71 -0.1849044001586760499473625386090577777111641374484280372320176841937725059079591575096443980299971790838688253286343344708
72 -0.1847846611102756053209869958192696231634625091713772870744088180228828462182728948033610874871534608380002134335189013135
73 -0.1846644217487869548669409202562898613879081761362466344916058481052504159311369272204992531768506520893733440879811359238
74 -0.1845440479595933830754920970466649429505153923796210826598270058273142260184732853234301118018961882472468119744125452155
75 -0.1844238564709572331910011832173016372905341624321316205493789826945198973256644482945687066330392820914080972276591974323
76 -0.1843041207836644948066161510698803756519682349177704978342055776769533527301336592790481852871529752808003126820408316284
77 -0.1841850763747830458809464546267438846847742046896210093229965252465755453674514182400749386645294800342096611909165849645
78 -0.1840669252682966619469396709457924396321793215887933930423191134738370054706990088770728079197791219158756531761444626055
79 -0.183949840052934182024956188508023512328959578279181085530755379327048178751276215822717710097735198750054221635507798744
80 -0.1838339674168180540315495742247863945328354987764440946092893637180893092839760289994107839774275239862214856831831123636
81 -0.1837194312593534985398500124279523859642698334117532439948562506480269191652906796024217009475854998502353338674914058414
82 -0.1836063354328518214422747322827475786120109153593460945617023955921621274392744820610926115049841822547619969873256922561
83 -0.1834947661595446405986184046393575094781695208656218296461603236075001273588184009426497795770834581707244579626159776425
84 -0.1833847941637432165425561528023592403776041559580043190403683646690760613346946581036546979555868500771927485811321872185
85 -0.183276476553795294311825133480862888286767845351466439392225392387783496193188787939016762151029057988462584953181106213
86 -0.1831698584840772544640796756607981437182319213350980578992993273790321886618553560937187805748652735883114155116337010895
87 -0.1830649746234350792861150592609894383971975627062418570564452262060335468524462205966919068892667238032501851286896207231
88 -0.1829618504531710183142668562949170909326280930260767657248237857449500976078639485047307817215002500668197151025343108532
89 -0.1828605034147932945296528814389636056323162203670171937886155915562889222438960267072795077676308089782209543591319958457
90 -0.1827609439252433735342205171197801397355355947990960714389726177633416174483826516393586553440266156078695764715487639641
91 -0.1826631762751375646036248936898107736240157556644781137216838177328619720667743194646802001385336029722208673126599910031
92 -0.1825671994236627735818440194286002937737714918395828987337194488752591767699444865044032048823101131944901525753501956375
93 -0.1824730077021121186552564644044789745448762526904041380074679963113561366071615456447186613983319632111176331353119204173
94 -0.1823805914366022519962064146176464838492790069414726755685906052721305889435624807848541503564488124255049415419099146798
95 -0.182289937499252580317566141322187938280364345864497409998427062602336933936970089438730490337867331512351838329427035227
96 -0.1822010297960030301253467398560062929058745501178301059985971906244296228246667025562026866845959871522380656303457248281
97 -0.1821138496982807831774396324629044398512618624416772952115669514368156529708833949986474464433358986191580880926914266294
98 -0.1820283764248795961376066882400589850622193874618607104909885884620284272149366733582570363097444258673073924329880132406
99 -0.1819445873796724449949341612395817936715889315733060911501606918495413591300995287767951929825013427383687975443876592211
100 -0.1818624584501259275199983130024838219358199463003211188572378841115794466444803191456609322436320975643342854290582330455
