4 0.123466769570827745220598210511184207592582638754850970703507658092285021407080181953798893829092236785298071215200781695
5 -0.106207937728474428521280111044797002131204640619636137674954222182783690059284201109877591703822469913806681420863383303
6 -0.366601705941643835286576347861305859641720836173093019934128813348247559048548165481917498860522218657066528958130902709
7 -1.05997004861492145740450697177574286035664051693870087126713440925400807258723814800477318096846020052979590525156487155
8 0.0432403579859250550396893457994649951127103182119302627959840505101138944352203849868108941627719598213361330722954007145
9 -0.954845099701721985334511056587508520569939832946362906725970792480060751414621734697316852262306597615921704995395428734
10 0.420081315315731651676671159627289271233345140261600733221451460803734329577854301694789910465342550854406324075452956394
11 0.650693922658972552284913274112948729026873142402729331753424513720784974329419041433242379581756824715114063181545354089
12 0.553607991567727036315485845870151119076361153407150096612650193496409731728359484775631561280713363900693336348039125891
13 1.79425946794639036916971802718820241884834509180051255453544192128264760361181868156326828061881581471675636175691323406
14 1.7042823042349329844926690545213226077773615348324706662351687797931213309825571539485092031798902229555916930266147153
15 1.13367494777107601514993634167361002998805056474371291747137631235245413190820417641694271365931960133964098080861679165
16 0.606581859417755609717554106431317124004549243594908605573431041572362014175926274115442576052985647022334552782176923912
17 0.244496701183706839388002479020518746833057225657355288645170415735857255708765736359383483626957210127954802335204218
18 0.0270901669587212690465998974651105694354542734468051580362991029907124355449423317811699874072598032438316077126071621159
19 -0.0912623236427379141358665550524650668722579518020057769462094974696192429643100121781499736538302560231922375075518284949
20 -0.14843017598562886288035536019750011757745784526748114490248212183719189044562089764340866454402279428201587916892815335
21 -0.17000702369788463284954194358030405455345395872920777494928874467393540532311583298490457315602360444490524640748573871
22 -0.171899838536386244902303012872530637259374759647897710216661659746134529285177716450297871949511465623348122406740704476
23 -0.163570831469206608510969519617413420057900126125992475607697983146917883260306053581593864209016909335077912624237320158
24 -0.150484248995191682054357561142900552803242504403484380448649138836364588833473119769342815366848175516066267185720211179
25 -0.13570849066603347218379032430400653547126554776451187874694849613084005903318908783204652509096428950042160281473240471
26 -0.120904773938607208502277171890820670379722610153610739774481801476739661473654301378316344708551671604499792174236156699
27 -0.106920223368246456938129361408126261909733416214227038482296368076924533625514554103038475625006166339478217953686667713
28 -0.0941384671818324909114330171365483775081290953678954409482099740674230841896300697087549075193699913529747505565718250667
29 -0.0826850540843144995547642170798212392966132532969918367081946970266487406088816613258759642902081539054763058105359237652
30 -0.0725469194464661298670939524626293310242452141584311464409154221578972673867306193823562644266542974721182544626925572726
31 -0.0636412375081315108614042046512284271408438537245363258224675027797547912658176411029179773846245524623286459473123986597
32 -0.0558545585449913772094337641013477679982285712153675385349403159647348550867958175201240595319004334875357927245287453136
33 -0.0490645527335490352486271153138213216304713082411940257276551834209913280125391723402389937836139914723532093111123883593
34 -0.0431516217303274715319587902185491328023666223638318010118037012979832080827069865972429903851451848253313335593030571257
35 -0.0380046578245234001173240202271622691593038181674333495388185208459856177792233543909473293983379125996415851599384569199
36 -0.0335234725330931187282705324120023310273364620226369320430634704135156417428204787971241036775437823700283091318015708894
37 -0.0296193775991474766297757753253313597713929829020221192908025377360820347643384753620708262145867796324108527551636436479
38 -0.0262147860691861270718746447197238545535806068073590960398108879417542477451818806104812929111635598920217095758961028197
39 -0.0232423362310662802056170464152755885299652432874529774642595432751457768158951267302657535219282202268002116812495336192
40 -0.0206438248405910018725786673500165325019595030047388800505147383245379911200873692846710068478804631771844004618882360539
41 -0.0183691081211165210859593147627783760054317716931289197894695495275870182057309105484754857543173425611098511004113744006
42 -0.0163750538275111888637411651160440200029709374214497586414508184758668073175940428424650206477303448493929425427871131284
43 -0.0146245839791256582758296731571364371677990158578385913196276465110323263327165094439439733906838277149915176687096185271
44 -0.0130858229794019754649392776030310946095002638948494401136136950922098323598206990720761687270267938958724852302913638766
45 -0.0117313521280577940456290503466097404737266953499014492771066238874061261588013404276950119449586337867781835724853219367
46 -0.01053756441198441048814805505463342331292041467215818861328487435575825862424258700938745500016261250395581036144846524
47 -0.00948411017709604271837863412164856905186035233709645393256417416598204913501301519632435839151473864258486581164851447222
48 -0.00855342318157478383506525400537799409344669644254133917278772222982099054212670212196967026511206798807736063279130419107
49 -0.00773031662394211100011947703892293024969903464319668876065590921431141444845606242083836405126492120872136016557242288327
50 -0.00700163944323944292848300779854925339096057724072477263354133723092863466443007908114281934775741774070429511115557449363
51 -0.00635598416340520296699628701272793542080830827889895482279692564151818220648124819866655016300923434690162763116118592631
52 -0.0057834386068925293743910703477419885891525956617069933323327502828672558351923695742144552108685944856364104432610852337
53 -0.00527537482899581217034068298053689353101727573550853506662533573412602422115054994995504180954246929971131908085661418019
54 -0.0048242695717546428865295144114385608847185098967806821930662595093585473082850446444764412224531229215164793243268082186
55 -0.00442355138254655787735373825702390095266809785299681181451197632069021199593439664620653198450281771173408377806408535707
56 -0.00406747028257328002354249803235122800614178749176300410803400213087167567857558812543601828192612788333461899858330827023
57 -0.00375098650860534251785992672532474699822864420390368448703484876950912458655199822366890705343539802404222178440565971003
58 -0.003469675396299858357312524319467239616208104565737356290775300629257778631438217091468826520356793761897995478589780061
59 -0.00321964593564622931734646742754069953309745544520028548214666636873910734868172310933717888605868977404777153041959007502
60 -0.00299747091937117350425990128182589641639268245560664570266733643362484464067926994106752824620327115643162141181658046943
61 -0.00280012693362811844208157505927452985559296074778293179380569978836076726965757062152810934340841867655467717193392462092
62 -0.00262494271623590574434187320791220249250441531025719460990866395757282753419510981195439096094750145250232354703357759329
63 -0.00246955463925678786281513967203747199901650584893836600467144038051072497609274992562846898548719246167263408432343654832
64 -0.00233186826686101671472376483403810827302651101871761985456289063356237423895151879531137715715869554931974058345286313893
65 -0.00221002510224043582742147963936688867300668376011794449929064059951627137557145510609435164111675912846040837969650936994
66 -0.00210237377391311996706528374889133921212926836149328535653883894780763252554296303628966885451823434831887436750850719478
67 -0.00200744502640643214886776863668456988972780423151136875237053156921551080177597538211169271998094289376417436683544671967
68 -0.00192392997662374489166971558099321333530238646133580952589491713214091952225768624602788214839436778363546658827158323939
69 -0.00185066117820598369074002254860324104318881132414224067108606288551155782007783163081394480019151661882096225382192322873
70 -0.00178659610440909704371352386687089254221699776379510312205826600031777036085407524430611580348376207348365830907354899584
71 -0.001730802717529188868973644609243742373995665029470303329368340468647733890654842072031960575174795269496020027799552449
72 -0.0016824468414644328809026865179995921886372299168609040805794161135659320491003410006958318004943859164062216189860627396
73 -0.00164078109506086842467632649323656505402504583483579106030307488959448048191026685927632006342907100479617667974877065736
74 -0.00160513517865850636367611274477138319844621732885051924097789632668939283539677637682992618851282782781912227250221290147
75 -0.00157490733574364013157485405998076040675844939878752779190136108498798728073057484134132902550514633416028677630575133218
76 -0.00154955683666396845752963062061545101698138716552298320920393574914637758544769343614981840167902927237775004531616292897
77 -0.0015285973526770160767262963094766011401055311100155779865840824578752280748162288904217178935289854752011820496710987224
78 -0.001511591106765766432870999191839504876444356241798685118754117054572865534973765543272036843174951555781239930158342334
79 -0.00149814370315881711574739681621454717059650439564480423206589688647676214889397261026401136975151356803468584099622098654
80 -0.00148789955074641253752339550616742193125115573307530404660599239921545557993021840720801478114557239419439594941545127535
81 -0.00148053780693275481582230876821245741429199735809304853671705327501124470860939853590233800666169586772137240832378415396
82 -0.0014757687781981852148054102482350552188687055607680718931185964066280689899160265345131230747243723222382890015583688147
83 -0.00147333072200529182772004358463218382304821249257366124094560730922607356376113590358313881019404888529195124288872639861
84 -0.00147298700187546696430976249313936876974538864164057660506758608287285834273998353197096795176178070018655955132363157522
85 -0.0014745235536595662627534582272827969339041956114916358275355220499577963956824115851349255954806799351679785363880075654
86 -0.001477746626373934366715940420597451794467919754663109790040260003545040658412990611113842706194189998328952206954667188
87 -0.00148248076559450538409057630086933081918919239294353016980037833168177474017638917367732641156204604089524783440905002093
88 -0.00148856701140145164262098297820488888364615602428594463058541626524957037144704764787751121107647946742718396057509554395
89 -0.0014958612863335939037994803083447176265185224698300745433678593789909801044234438519792936126584767271624725612451588423
90 -0.00150423295182082799261628218169697385572549240596672529010569741235720350916225409725452776669044162070046068133745061172
91 -0.00151356351417826876463042130806798984959412743224523935417347999807764457098191889552381622802249302536958800915212372488
92 -0.0015237454635222930638029886996836670579931828966849367858108918702026558391464164223913372430663277473970645323730638633
93 -0.00153468123095280645420523725933887974234453956197349368813016795852578026992372485998173528901961964917198744795533595708
94 -0.0015462822510777195350939503237119912688744464873902994927414238832663495493209995644846438515133550485983895328401432897
95 -0.00155846811846891507699770508115791742793806908314033190760914173555727147395117335967792008260428108409114355002863239251
96 -0.00157116582796316298031716151972850752416888655277540776025408952853672331904221263841520284457247358059462236269311606196
97 -0.0015843090898816025325034460157129650951299522456293702520226202571525349551191149787388189502763445950756420046782562335
98 -0.00159783771225914366567079686664323065940826391044317486400861011832512660782826169995064908257236343512100438173468008021
99 -0.00161169704306902080374433686479999116527800208464679965094321769476254354456690599384056653411075244336201270119205707717
100 -0.00162583746621378098891371569330705042732289311505568945349043067329008945434149349313346287389232499984614111543787149121
