4 -0.17934010822387965041056014429797021333661521653624683704667003219332588906406123513948070818736217481539893877588162295
5 0.019180307636157566065156659127016553127153876694673493295263731409550279741620381699273742539592069421030052882400348833
6 -0.30014954374470866347708023217085990326644016776215112421488152504319190562922580736198103335302131836664269956282983364
7 -0.7447117207539677390385469291719066158462747931922560118248447993956405292287992964846192873493009828701488330323782973
8 -0.16811989924670590961741058275381463810089382930519717224054780994268304881482978785347211625113306937236971910200395442
9 0.37188779768050512635718467486317096394230533560685603320255320878999255246178595695911722515886929485019777803228573814
10 -0.72682677015001213053363410341907664954570659867441756351802235846473973823903088326954747146205964188073781894023978541
11 -0.15943164381456782070039309890839027756854907239298710845402358509241027678658995730997145364131793611587085559991769581
12 0.35749226532461040263131266165314184227658720653473162428756643191487742795285825818098778100696135370716791829589020482
13 -0.36101822514909684949084795840871695923254520120021660778810146822026871299682431923931785619233170363279962153332565264
14 0.35026428422757187496600262593277259987209211859784211402244060460365054906891049902928587325117409182145689194184434807
15 1.1429064180354977598534151220779132203953625766824568550955615613101633151493601058280433445245568877531219529843074817
16 1.5813224345963764348261365511753802841452944154647955023590868636165253911313303187415210278684318886822820309584617786
17 1.7163028417903538976013130166670020971095135046644707122953995462310546863854480302257338452078193834410349061928936308
18 1.675649982931027830792181517577880019415437809341692629761623434000861855272417851907821792183115766138480885324455726
19 1.5537556366801542020925269990031433208620180288385932988092392891825774989234851155819102118180572825182981153134405824
20 1.404830765268355950866786852633788334543907645131316722987818510402587326654727623781023130223303456273340771559500346
21 1.256121604007792831453592202501639347022401287353739868408878533770330760410853105472750971036777980763721848758527094
22 1.119622457801521668906132641865920933829508622363685158063645810189876321565131716721085354504060252549197951752084807
23 0.99943698274344822729862332355345548623575375807765300490507678824116755970931939201648422925681405437311608727707739002
24 0.89587983276374991110851254347590188176082057003404390721908139098947812299757004195710601057726790551332393122760526112
25 0.80762317210700464922674289439934562925871892819402403408621837136752766629590059859435367057388563019480038547085849159
26 0.73276807992154355281197171803239609997056711146408685550457657753773682452583664597474450076164021023787637891187984258
27 0.6693508760344111813948805547532185583263531640417157666291098267062756560449053347948159445672627397419865253257382673
28 0.61556170119022174738933801324752856789041253960187851625971779803869216195193080537921640553822207939140744093351577653
29 0.56982127094215363661918399566584609839736617238218765419591474983415832463856731346753558266044830554935655735749945914
30 0.53079093631280401449170397100881399427515883319656107591278179763307056976816340291743115011594124844837828621116254663
31 0.49735396081215433368390172409060702535303752713799611044982688054953456457780662612023456280083426149427318676522874616
32 0.46858663498095110397554964748946935788849094656344889445106620728186641416959269635353866602375493801243362248244092948
33 0.44372797994680723300906068861590437272891160805998696336076565861631667466787855493647626359498954594402698036859541422
34 0.42215182012602927752123044519642917606030786132714430981330963990344839175266350956466350909399712704023402376024703218
35 0.40334256229845529753940167284391336638905817894831078722118096408189499642201540680773610351113800960216517871853462178
36 0.38687486890006610550810253663470070505650457907286100999954212499803932610916487145487289032098342095354011699591304548
37 0.37239691650530511071421909248758024435852627380799934813649415665718218987294214703424081566348100487229228866464210682
38 0.35961675487032558206197416468759574835121455242466705233982799862280600660455494307370109412877376903846021641152700284
39 0.34829125771078828052816628826700557372299472749062264832480241840736426114683855183223716639306316141416962685054206537
40 0.33821719766386549049137362132938316777978872500875582393483258705288873655980511341634987296996931901478983429072652759
41 0.32922404221931626290530663347700803401297423005729321212883086744337364569194494273326133454682891346909331286724422981
42 0.32116813477872534850155222848027182394235740677376708591368735908985672496697312546785934747512618808201889144517801853
43 0.31392798676023689108406109765429600058193743370941812088662071900646286873211469040646839207650587185714860555639189458
44 0.30740045977744314258573544894118974360561268583121733677536110275867021104157484554750907691842127057463555670477020039
45 0.30149766101273446592954014133094677145399899818532558285009411600986042284806874958265609626248403748064256274066431555
46 0.29614441075259982965171459244202526043798524650475663485801748883286324799992542017359762066815122535937897573664338231
47 0.2912761698292307708896879929224381008078998967428748699775211292025140183500302742035538362579853741622809253594071823
48 0.28683733763802347123116322592626155849635835680287168879923099007627279184895559172200880290775582310076354783707514502
49 0.28277984958466250481899517434087574153188721648560571054195173158453645723979051209174529030846180751734372587219405325
50 0.27906201720806692854216580921510189154913585290645323854210336247433709271891566865321572291324663749587658200159149432
51 0.27564756561028404208781678980229887125243002427125932509507754692107383692670222738732812610867668313065254731421517588
52 0.27250483183441097604941953538679443000755148255255073887053569321791064198889160482871770416290600508986683581587426638
53 0.2696060949712597736277329459580725211710370557827146970908315236546643750297363781314680565857760205361551697515693387
54 0.26692701444342973185796167659414635529864443789868581109775057741809439537788400277783706454804531082053555854245837464
55 0.26444615742519570883272538269900117701233595271843949935389748082193508846215676553003997789298001288513055614773825662
56 0.26214459995397080136933456920605145218917117825024126466008730329619949040213029454274874503035040781189805804070272493
57 0.2600055891665613279755827218195241852893011335707161659407245447601988813771973389341249202061358133100890524333715752
58 0.25801425640174780478826812891265529711342853367347602556261039069002284249750582289152263484566984328898232844141154742
59 0.25615737276802989854699299296636858074748772835801010333924419559482563338923536044785855792050915704467699479914549397
60 0.25442314027436445947199157994629083986218022501877626291671177444888432755054356734486020308871038657155852642799798342
61 0.25280101283527408844993381493905454760378918395226030603198640815392988127278087454974294355116520171062642051705025047
62 0.25128154244721461574105610139062256101212644487520416200142633815461820620821405971926099849346265857968021222759504015
63 0.2498562466358929613999200312087879355336254368768491403683135415422744353653410393255921509366841052934222652567418501
64 0.24851749393020754623818798322372910244359982044466266620789038667048179231360350375721083581009081523971722566560506532
65 0.24725840465612680778736388886271998925261764167222529099564487587875336572101979633573872104359351611261249490339789949
66 0.2460727647858009536091048386337212264547310854768019362756520710791728989099434921271771794708377774112324595514052873
67 0.2449549509416165625271364095644796677390573142653809474986731814701938836895079229847737922906047534325134071912420542
68 0.24389986495624139223704292090964241952151499073164328517605965052763371546785924935283752464203479960126018379950545033
69 0.2429028766395994260812412633105178445882278991783531921103820434516758300795848562606663470294043444848991696041741402
70 0.24195977361152893611079482468894055680272112396007656686363886467199330984026695869021568912701578533190310893373304817
71 0.24106671723217110102902166914131198942853248829082334528743154251954704808402843161010172600960233376317817724823176553
72 0.24022020380703686908934189862081148011631255234529051636649744604094761049096870123670910586115038043630671263198428078
73 0.23941703036517778865089520036235131040985316360304945841178201659937508948646964656441333492124946426407264678625977221
74 0.23865426441099164526896816926294114446292047499644796652571723944228068711205803650445646738976092701717051608049790819
75 0.2379292171362323873414815360316759627816428290993756505005766243905498212792416006719673381087634614928993954339507578
76 0.23723941965147326128868201769849346916383205257947141434863388602052905238039251792312970105884438621813754854312901264
77 0.23658260185781491440115158594464631243867991426736684211381618586268700481909443850785211643587048056236351455253740011
78 0.23595667363186596087399244688324326228604154396506953437172182825291731705976218828823703039340742871146193708720987531
79 0.23535970804146196281314782874373066248742249844663337735466887093856545164301163236485801202424675744658087160814118203
80 0.23478992634747911048774242839384409903589821522515641103405789228932755775807223897911393559435214239879552303641668554
81 0.2342456845794771655822026039630166492015541131935573185383565268990956682274375558579286373556930288620961014778655281
82 0.23372546150063388969702232778094611104150842564051343211319453194088425968938412127083127677730763591753358712831101793
83 0.23322784780122816309217370855940218566019737439848796748334262615058778652478762761505789376911344734718655776519659183
84 0.23275153638039106890801132992878501920143878175173593207051188616543967310800259024084383163541034004673284620602573214
85 0.23229531359347556378867230147264476040294355507143178268321657691028245599371815478488514871228838184769455528183571419
86 0.23185805135761741193423467705888140480275548840073943497431253403400868133509178679781341520233610867706172402018000054
87 0.23143870002122727438165290725166056098090234170076235680215651775130473708271569029491735719449072500434034837830155948
88 0.23103628191456497271130159626472899931633115866026533185571481665042881481953995249002055313064364395225568858631540143
89 0.23064988550845433087952807549647240754065660249457055616887260794473933858513749982935632837658867258796428713875147593
90 0.23027866011681422734093902638798561570503037218313448061388549545215022504289574646249384226258179703375887563238108112
91 0.22992181108618971162385526364151402978049234199737265476493763060794285009856568202559169435444550115843716989643600564
92 0.22957859542202019955904974873962114592193210279345893165608994948322539920859186577644585509503461858585902144886992785
93 0.22924831780711093973269251767349738418193066731053683949220921870946919649092633544603765971926215719861289837517168548
94 0.22893032697279096566015395587910604712154191163968212644099868315286415397844077778169301466581019282679728255503155811
95 0.22862401238764119086632832213628291961834361810205939716867143377106287112718091739550482828349069377372016918500566887
96 0.22832880123254200733009537735502728906638329368200213838786376286423921858012132888345583417662198174213863404541035488
97 0.22804415563419091443845547433210279811584229849613970211760248343376303849106994176103018398960813563914273295559792937
98 0.22776957013223766225964931534265058478003863623457722572196193585916691963248999022103370721038415143703145878816043281
99 0.2275045693578290687216703920622097937429392169167625192915116523439565482226238801280817961593854962598387087652743767
100 0.22724870590369284138400347691024108291556503729615012719584626804423825889092652108387018509824162154185506040532670515
