4 0.6274375538488481965938945849806839729987702252530178447156559741172744131574151111561794408227717322547946634639695428
5 -0.6386282571535419326127766399916354021414546714027430075819942258195138102666313362024869635144066623360172267786968473
6 0.01772487750774449266997105386528583627621453451488773638580593906022763172907009893575599199212883624524364544276641222
7 1.157650517125446664520140428682642633544280251041786255242039203822764353865119240297984304683741079485575223665742323
8 -0.8303721485708952918075728970726625776050869448378956100428702279884779286724889262286428262151705051611743174046746949
9 -0.4109969325687601527487333098143506118306145726585453600190596280296097855999857526842618145982920188933674707536867157
10 -0.05212013222367872453835961232743545523429954797810288104790508252151071899801010157073362371767387784893324977084123034
11 -0.656151768493335190949434280857505269483984233338846547612115174409411254631178510438554538342797127745064206968333664
12 -0.7296564545941093291165711130435800260168261343597390413659128399508724832864988090549115472716812476080970426039634634
13 0.206016237696585124516814571743626314487553684682833596648314533023201466449116383529197060639063936079285499950478009
14 -0.4183721232983538457766842046410918798243031267622684475052693416735124237856112608047568139241008629171052902236736588
15 -0.8072986563115498083494331182460696326625393418000245717161242710934194362662064245796506496651311616118791301371236779
16 -0.7283662166289664843181009689763466269949558505442853071902621985998355449219307290980504344764594909600230123605197748
17 -0.4055044554440923346476002751156816912974167866294893401520304563869475877679153827610524498459078732147801716995723645
18 -0.02315916190078325353590633487402507043199631391118102964170716600424648170692261962999585865008225796069287702273668951
19 0.3287804408929901684815156385891739136191675877826435756447067438480621923624424972504068486259633344140838335812007253
20 0.6198799309078847444362810557294708672701286625505727303300922236311389421355220208190383126774251602210204859258114587
21 0.8476647492009357712265551609122420198803938149993610817784783254454422645468189212787581439983930218589710986717973608
22 1.020221030691857976837688107113965018438958362502237278114093968590247772189394940389544807059461648862170798769458899
23 1.148175591349881053881592220570954365078712646605331972734798917974719046420543302988902756243439077757663881571992735
24 1.241497557655600872421823131038596971037582436623162418949553732317006935462249517627298095640507944993297366212790432
25 1.308497527718088358405108179435011744930038685888716390037749064582978664188893048390142506758282102692387865610803588
26 1.355732274754308420025375843028736239171487338632435547216734163339966117066789716121858655229562799136934463652800831
27 1.388229739737877888146026878432685910409468675253430224429789137379552999878073679147630373401688545169228549880572795
28 1.409787727549326396733355880562627763257197534848416680469759413698613189935662425763943516597355825352464123840566754
29 1.423252683866907801990809738044995251781255218065223845330139500013973998742423168664575045579853621435252282057163141
30 1.430750439542041153439897542439653347048482270073883657595710992144219228279869550718873304173348649062261446509899403
31 1.433866856138388606999628316906542161910631040529203873273465031492159469892310115205085637479409071361125021055743522
32 1.433785236559495293677156167416844507699371673326848804284671954332769130002194055862597985014485449719929813956139115
33 1.431389265059608187614598602450325766685348318074563179233085882057344761583512933604072634746971062570345821651783124
34 1.427339531760664262920549627907934472908241308487805181458977290210725419050266138445125141259951464572853645049388579
35 1.422130237661066216484642447230397681140751584210949627042985141093811226846700439977048368947813378705466473741746828
36 1.41613119472270689666807595441386306458087794953788958121038669070762456658323727509881348434862025106254474111031499
37 1.40961897460050596246701767492523478690258283250655162565927782135872813767764026011517873811841642193263759758771926
38 1.402800064501381312650283053645517301292883779189299768065626360581288480969881622041453051167258210638253567030893241
39 1.395828133276378148849744089604765318834340906169047993806297263488997599820133023230142011854264318735240228016039325
40 1.388816949419123659478469249114058500544309721276129029795631169343901142536396597742463440507210172990152674534500461
41 1.381850080162481382507427310284607823919376823817580880443048654247463492220702534862165885072861607207967066528925099
42 1.374988199594521853523869095511839207607116282547029889502572109350413083969504726783961122575957367961895217479469601
43 1.368274614183716317554165661576470952491642947894368002864773149772645204671071531983708008347424263875351875629950002
44 1.361739454139539838046980078069704233779515630322756105972777427614010267226417883826397522097486093159903763607288432
45 1.355402862301531453609591067653176831377693406568919732466385056124492525660219461687869848922397761146779740514193554
46 1.349277426850202223018027041868337635622420448323339905595528551138229474509622339352721616397144173779186834918584053
47 1.343370041457141209345660332003461917951078564306806853089936872561648071191280117214698147094578642466199024139160447
48 1.337683330325625889893159958934634529847243254995828968219970905858734363890935109310735682352235831641251310553623469
49 1.332216741434912483702293423088739075676280664940809378362107743683060708077246428510109033422672672614143671617245531
50 1.32696738595467476434166997026353327462624145549464220842814516474572630754108249535027846345076573295899844508778912
51 1.321930682898779853665556118192382816585055211760959762271165803866623456908426252331614107671026847809446089315549688
52 1.317100853940188814969903298436068956592918877137139612148647974673488543489644963701041680717440779075828959048145074
53 1.312471302673788147613375361733178564662095614802318932180656853286896512650628174591019791065540057178667568559045343
54 1.308034904587067593869046947864740733287275428741451867930858519263400153454090575063452796577902025638952143142158321
55 1.30378422791630525883006342449218571471604436217943622269257462891480310773079718335899520504349998260480727196918604
56 1.299711700939601213704777344711506876214326185403558604510537606446870563393326336381619087352483970630556159525749208
57 1.295809737726262265673056506686308612896583054347128436353582876839286474460584921939185693609672929844653050556490895
58 1.292070831656245589824779845445170177841592473498540047988261304326801268205818326432692635968971662097983643032507925
59 1.288487623943442057132875586185678312915075500727897919313854871816752374895370715714182705733848037702514148105667419
60 1.285052952792645087220802632405043164225446504166279299080620036943326753024403511160554729378292020440410124018980604
61 1.281759887579444667964614951305658954390601392316323886455146605825035614124730057161285831271285273009267734928018989
62 1.278601751479988917069501784436719717399123948267790485066662300684849283424778042581327257702896919467488967112108243
63 1.275572135229163748117120722107812470077008137139916548534344868974983791467041384490032635629350744047987413837261864
64 1.272664904102287963391806515380740367945914357304573844074893946171252458118160072836394570273499506122882975871491403
65 1.269874199759542525536217008238460769403975169860374591262161400884619699374149423617815417330207119984146895554668917
66 1.267194438235439490203885100037992019021953116946615964652577064452174134775658928703711719776926957064920250406971192
67 1.264620305075708574927967507393243390669852432321392333971121260214799634578892377338589139455305020026804183029715937
68 1.262146748404096965924510055874889942143119019672646572832793922090974734678438345447587328318599055202121618858153286
69 1.259768970528643276704025616331517490616797631427208714940013550463138379567757397890029951034122551837030672924283343
70 1.257482418560843296693560993995153862401497634350718919169510935140185960127911127360957205807577311239824176970991898
71 1.255282774413875320541164505060686500861488593167425903341477548151857369757143229883587267728277047548001585662618841
72 1.253165944461537928649827292297207021503168028035926915226170555445120373842791198649486695592021279685017490877941451
73 1.251128049072958582612603497185541457555627207907807100505808698931216881761979793148475232117301633427725633071618655
74 1.249165412185684281996101572086196858516667776812120654182047364261068281811101518404717385822410758737250787031126421
75 1.247274551038502158377386258386854738568285962686901477572769793962295736415340318942175554315178986869576337729495936
76 1.245452166152925338206548258883054478961432246125155063723389277948705970061013339671642924912505479048619525316557852
77 1.243695131626877558173010696897584265036573133934468226336912730456663012421044367157039137139181642259643799839029993
78 1.242000485784264725119633252399719110455417403169133175768975513684438183714873482125335575142574984226544991101796695
79 1.2403654222086817961200753106843192532034893361997823718273492267687688113641202956349938125622313828885643042952306
80 1.238787281177556420323806804433575200660228789076557238162502031014544466671920715787415600373200034389218131771790857
81 1.237263541503852219985407366937851950024748659221785447864519389413851505253298991068432889055652985084300111364311139
82 1.235791812785468509991585769440714656981673996452267402879136763544065308806086020055537376519383482338190672207869504
83 1.234369828057221457036424990139983447522838610980333542723284807489912173331176023601560051139052663186568184844302055
84 1.232995436836409293604714401632810762942889411162130481368498312126054798623975472137649789703597451146022198860372243
85 1.23166659855016051630825629415190458061089849452181854727669841060837170143934047653277159415769954006508861428959948
86 1.230381376330807306666816553839545674301221547741306982986743160668379925129682146590683883342200939838158186294620378
87 1.229137931164232024356151613762927419977623483544716018035436657260010100396757595880596260486590636443311782239502514
88 1.227934516375355355550196022717184676745321568346457935739510701782725600310582454492651949774276551295965862153608682
89 1.226769472434553325208962809558590994779338551288039320492292587684899639675210605823954936719622869319174782292457699
90 1.225641222068713620894097861498896932013900938892968034128162082691013960022009079252280306294805894451938134443271065
91 1.224548265660795401955424851659689955862566467982727020030217127040010491511780063719406131459180949830304379740109265
92 1.223489176922082189686349817922958325277887288912027312512227345573023096253740505136449173776263528273707745709875819
93 1.222462598821768036339998108996712686246371556768323331831080292832949659499572348916647656047098941101883644454509569
94 1.221467239759056270290657058109131649375943699165167527349082629224561323605889395233763370021200694896505459709991261
95 1.220501869963548899821724223044808267602465596564388118269882301654916215056756824151455689049235436555010700895810237
96 1.21956531811034071849493838342937955865857982112700969289333316856275937140809267640238490800545188588884724783603045
97 1.218656468136887819760354779332142730407598656051988031058802241798701567966787022773877108279785446753618551520843643
98 1.217774256249382152744046620528985217517824041922329458706594119114763812606547881033665486232795367419003369095185151
99 1.216917668107021702555248157314078818170462907624198476586364257494688807141024124245524712265875225416805027224437156
100 1.216085736173212182204364112864341383064687087815289813290542915131910708214731445015492002169621147664208804175947325
