4 0.657180599588785560247406118113899161431057651317114907925465527313233176104750723272417574611276461746961954022224534
5 0.506045746407594305256640789975469753480829015308063071553403882865183049281690263076829593835360391430147832091578803
6 1.50023558974331750042793689604498632952583520033832954816774074583304084734345448302261693641025633763045406009512389
7 -0.71807837831461690222976924307892824299196725447539017189373298720699901778769237722677987102208923713941258376634823
8 -0.348566602385141176771132957165357265335056732742949398061807504646233037810820498607468476100735016890996489277359374
9 -0.565173420151548124565699892696569589764107436649881882523144688957945187738715803958556515464501343671722419403028373
10 0.0503894595276311827972762249804602850622221008240164927105168357981569859188092591306358352555702945794950776568429209
11 0.0720213021303585803073779016335050007335050327704961888438086897476562123914950138536485451600959171695784549379649065
12 -0.25959762179428163865278738768649666122448959374915720678160908768177825313502846736269782790767020873566561573092361
13 -1.10062606240163983670762156896682578801830262442019667587353825449516827165180650049544953620124827662998694314915613
14 -0.270327775773509211482449225738371984094229322124697088441429884367201775023230003409115367037242674269298653687721308
15 0.00577721551934167991947915494332370431851880981915487647697550355208642054071567592881930156073605439922173981736333902
16 -0.217497672652996409234371075814954082512351385740959191661127653532779070472685561410102303052504555262157624061289028
17 -0.572169136200090652686302366271593013501284849730430022578142376127451131851533761550772119894770444532306602755096352
18 -0.870452963482055532900726489376849897948969500951765530931124313188231141002170058321213996129180179377126093725249478
19 -1.0626729166593048663517129905282086532228718007763812331697020119110615718156633761589800996327995241623979148974889
20 -1.15753772542513006759566821359730219060075384186706526957041814313438217163202055617998853831570537447015013049594
21 -1.17962413609285750893877098720494235287960521994793895791348404186993939644364796798540862053968660781579386469782326
22 -1.15286450357481535523030609019485198426839657758396539886005890435891112403713103256903177045004548040568302009440895
23 -1.09592914603089023771372665687017020735913660611475312640856097936003031919371258068953856435054783185867317806770154
24 -1.0220376366838224528769795790566578565752699339622727588047892275321377059304276267414956059590416604924172180978911
25 -0.940042551024119046723991788293609094299560286531862473633023010752327139893477520063927411696941758442648851947410117
26 -0.855635029555756889142739064011328076216522887611330206088794377585813921973324736232751608584975194017935449155753286
27 -0.772333204503089623450683150481788903284915113906605407115090315928323115109452238752297669515729956933720129852424381
28 -0.692207517520623777680876051846696741302457395678316482379506377667591784772122794418608785777328931414577984415970832
29 -0.616385267179152327781744194335250090397830210621481954923037266102617033924046648639690080508006659237645697855172263
30 -0.545391411589137171991790815527837595166123444499718469125495430015502658525272569356409803116510895343901461868341418
31 -0.479374671544058633314519900653744189663701895339475826155380513635749499134586730893171894845945932702098852762166428
32 -0.418255673347954197703907168072693522643621388896400283832403918922321295709720683332054615436964462972259774040844062
33 -0.36182299525190655935192221653424286901137120043928964118633163191718440603155331038142084373039745137264027778958121
34 -0.309794752786528885112465116027203692368504916573104274355566946343436483731716173676412915918998654826967935653922462
35 -0.261857540406944002590292998143544664941793853325123561269637722467052785217662245854629162698341482406146023647719801
36 -0.217690572559390320592341686761409849764394791925696880371845778166773075470619182305693116979056178736465366250132181
37 -0.176980201918169530302942667930623242482158232269446974299642734358359479898426776558473324344011549362359683807570588
38 -0.139428222570991590201981564893492500362376577990741565926504974006681549805880923220013141534473089629373308116233957
39 -0.104756196421026235590888911677363175906187590077715512927853973135011986713945012039400762339214853797376567151648287
40 -0.0727072700221470088944241447440052551085104539780482895432738201985464559637447546199313029573943927906794462753728505
41 -0.0430464410556026321087622112174231179982321232489481232682406413575341790598488233803254023837294854373785265321584996
42 -0.0155598989484117277616742886333274384133241562221752545151211406946744064012775117650758194083279762183674027665385452
43 0.00994615641438585115027988765640856311091621671640337515115453231735916486935033971202154806751868822951976064425660915
44 0.0336469592093407202477255627403136050119088599255823844586286539937925120079108111368459725355190688197862305299940955
45 0.0557007223317263643287474114723114325936030963054993724810409533555080215902088310313534228937057790964756781930551883
46 0.0762501818148280817906916092278800947079581937078972621478054484215442368794738620031941899945164223762259380386928897
47 0.0954240816017013949490775311659167955372692756259919944475544649745233188861489074564954058049399763397477612643988654
48 0.113338565817044717621233668408182625274988277608767894187993401006257112177336101527243108267356749294072828096709713
49 0.130098462704085494166332719429881156852790630446285570706853165470624301346768676519100764923288712059849728079043956
50 0.145798455102140939211166707982225491790869096641147444631649292474495495596884910399491717027081518042044223859171137
51 0.160524138896236961652058238614053375413168524864207564404852702023254654689542754462160840373520332595368606456415308
52 0.174352974703831427811267473796363863878312468154202481519522128669920868461664313323339123482188533503136149103591854
53 0.187355140129917585380102538934460778065261350761658743086551157283894206307026390745933806254901349789372196477087309
54 0.199594290855943931261335103871919540621735910922531884594715016666647788285817731867421863735834062365685281739530856
55 0.211128239051937375757472680289259808610604995676345553854584020227259340742013894230239888675733039210136105657989097
56 0.222009557393844889388642019693120428729053487321974023003554832702335764151161619093404628463819145789524708684995607
57 0.232286116512509686743736705280284036447632810256815120959509709966017932715746089657885787918269765554073240410215351
58 0.242001563115812334395475569654867171546858907957128295806515124143792069057435779330852084450782886845519511495312676
59 0.251195745387384550652585436297124363757150216248682892868845714945419918622355543838382312987605956017920322507289521
60 0.259905091621412891315269577055522826952071199389597205849532359674262656614555574883946386685194729270811669499037314
61 0.268162947431918922194240985400065686500769357985410957415525942326166607192226122392087179540357120982882655079084603
62 0.275999876292611194323609465277003048315821074912431670099328774814136376324962052045785131329102899789133729116616331
63 0.28344392762795074930713802668748308771733485570483307835332563417502854007440704955529034122304511201790106042169865
64 0.290520876190304205442128688778002672793692555382234478330589245947830561027819215837014921451749791838199704648787466
65 0.297254436021632883176588880408815463971597121719187209390539740327372361222198724885231835912077863693618232301278987
66 0.303666451908846685368853808413285412546214235532862567328036764614292711616810739260847736855792979756395019976519639
67 0.309777070896463071211828874667831768654720050032633150589996925306179293131244909958152084221254980822598896288355031
68 0.315604896114795109121022176821418240725370255980577710919637552103512117605893278352916502847339978743463939195410689
69 0.321167124912655058224166275538298601062508530506893222498468918435910212057372014239249433046698241345655500497746629
70 0.3264796730466896835446035589554437106247552347277456356114002275908556944468504317691464542994618072204821778474445
71 0.331557286471356294842913138845209259684449135602552820503482529964418642207447134413275191480972265755716435932561233
72 0.336413642090873845679963411321592464304872434138008813105607295680488648320393815775493481969220232930600683525066542
73 0.341061438674213054338667778593612032279395488654337488392563375885584136919274653004402591989535981800478685419536742
74 0.345512478993601668661630969119991017668230727494318281381814455720274175423380600974695802911716227062496922235187916
75 0.349777744123690258846180265078070237168711266704046891284366529108682687280201323641532563326089178279721432577574032
76 0.353867460730302615900712272797578002777654593045099863293878056958234544042566656841564903940153809989047550465107864
77 0.357791162082690301660810497944101387738250595344482936705442013929979050859023705024666740799975124288044638882713982
78 0.361557743439761179235294006276620021338998726884461894771596657733692675381615452803614309517847205921263864880367455
79 0.36517551238740135957156493717867455251359417646760098968358904640142963283808220136048352684485040810950364273683904
80 0.368652234639486753954072153860197848340278937425054383794967479068070002344729797349658875659726385977530208618501744
81 0.371995175758373928610616299424420523374022585543541033510780477430661459369540133228957366692640229861551948058328566
82 0.375211139200601951287353732946854302021433221209225348960240194300206378184852222544966572354171358629294103597332329
83 0.37830650104938357264718316419488443137062072643572665900273684385304012842391480557130597409968599039658631544361146
84 0.381287241756480234175948528790547882946049886373225020360330654736753245562481522358625330151886571500992918608580619
85 0.384158975181600584748319878343063564849604245859743312601628526922638019640436710904519785325168234179637323712348079
86 0.386926975186978397459998982881707883132193664963328393343376108791604421907103325003631720441230282868835676354743307
87 0.389596200017786660444823061464554306820981903515951417063998921847244340299512040092569614439134273832006323175960788
88 0.392171314675106109650154559497966786353065325270660170193287854894640694489413940601990103570319558647808109996953355
89 0.394656711466918624778986368349297203351587236001319700580690642007134577413137169126188536777214564453248524044995845
90 0.397056528903715766479906373570165492605456456007788259508818751902864626077074158679931367171933734993131042159111387
91 0.399374669088518164017084339331720896379088478979169071676202588176096204525790664486550566667423125786593037036578214
92 0.401614813736145812065267513083478557672699031368526962144538239403278245500928497723302695284890729381608258126480546
93 0.40378043894324678105368467998526453302146880670354923692095061205845626972457388763918867791925612441481783291914899
94 0.405874828818693380432593867064710604711854903098839786744898944127521925953381617260099528501667958021539318821367357
95 0.407901088073324763932323292934526223801122211329625652286626516773938417547063556281374396294994928522915725049118013
96 0.409862153658507972225324840221514202170231452680799278604462694885807667570549768907930536179768047474366004162649328
97 0.411760805534477815894457569920642738294527556785356995695339938563921776957477667050184652425655350091370686150329947
98 0.413599676641787591877097311603374775627566479997417831749023534144364126094422944286797218034839530639431886471212769
99 0.415381262142358653801902908836998377590946754090379945312120370125267186484993101393488586018328107739830638305381318
100 0.417107927990470343208724250667260791865552540297631140745608230720429198204849129293308656983210867867233530857042564
