4 -1.4860236750319200796174966609717978885743668267281118392946652927644485608960916234369275814346973956573028520820255
5 -0.90543523442057498572096319695008178601608728337488331537352288630161188665083669906837316616640529234189093543227883
6 -0.42921516095681464357365519704806000981584249364840417624221383446802445211396585221781647239052115162316473325214034
7 -0.4274157113309013570171230425083592731640277076693701494806312279769559584755031271959318363705480962302850091672186
8 1.2173713128282568891263266806293135484740578634819620845666064768671543250353473407481737782713763714819012042969468
9 -0.4013254281687339985512415745562365248993373904351069228281807570441507443759770769921464836564658383376406885896321
10 -1.1736887875422178035604655559744698766366062891964600313352862622370074466692153578144689889056522941215955002452118
11 -0.25433163615278111877691882669721911185933479922187810992890851475280880942099352652154192749663493262411838965350851
12 0.016581573502709194893056649920974569238762355357378329282962548873856819760451813931482990258412955077447790641998037
13 0.41938555482498543972926912484672076417109525882131613493474180306764672253926821354868320437032400251433226503682674
14 -0.69873440562248266478214586934235994825290875140746584212424511717784394922193352950662439413344790679176688309739056
15 -0.85473208522719220477038759610595849056883213731092128339458686082917923436343177100012227071637617860761160152413884
16 -0.52210523225799354348959214836527605899473440612938263702099295054717004755920607191374453470388639799664751054351456
17 -0.18870370989096850351778828672327910291840900896279811098569313821689226317836813988836847588215253521757463980002703
18 -0.0051896734711232846909517258749219324169297040311338686759111808262705895933614389569839997874002522918385830807823679
19 0.036096653386447467066691707772618029196926931745700176473952731325657933388379546619762572572173697207537112839462012
20 -0.017871942533039756096857634917368105943619116644319287401439655890367932294719360134590809759896617303226603003873147
21 -0.1239981131386486835727779829598720819511169727275616691739921909121976156316529587453847053717661680741205570779842
22 -0.25239307082639684646366700122575135154283359411052678058758036616960681509653232856819582539411039214576869712275469
23 -0.38491459189647616891181240971484608079833498747156683527301295236333183916091883557555549796349065209106542253849879
24 -0.51162434569578318232140323351477817765767221542054044762797895551163210058563672857838635462626132867297250692016545
25 -0.6277308701576986852893992420038538726125616212575770016896960509927922694157006215106711720992168294785170458607938
26 -0.73145948496381408130410019635471350537501596308962286012449362419600289070676110158340093257589993271075918114464716
27 -0.82269932645228232779058164493938070043083601630969629451757112792192007115704684087137598984004136144300755643200506
28 -0.90218848546953777131870788200754198816707170100086547841648484941077976841264518291776709284694205381024931747869678
29 -0.97104225049828976514659132245262259834165150126541891190405337756708348065913825756581971215787856191954516327656195
30 -1.0304905174285220766888607001518128002967685331645000809132899401674142820663252061906124661736475462800363279051968
31 -1.081738986136712743656603635153593845169741341376507411689442009133817205233092065399418100422884290257028418230701
32 -1.12590182420854511119579242064460996272712577499835070750931269688314900162284461730481235860755683083450619783871
33 -1.1639745014421557030644216175193573397356414211246562326442581923948040733502800401811038914579487246339745073745641
34 -1.1968284012678593894264151055351674418503317934430610658077753289182279974509567904705099056245543681697250057391611
35 -1.2252165722608022136480370062953808409175938990829947777572718333777961685498611714619374366952385289217365091549387
36 -1.2497845837256832963950124805613697952551071894906128377758626886894406117802671763263365859499739821018435003071795
37 -1.2710831489210989020485451578344796560616362131969970100449740913037609462555661886890181438718944051023121372863748
38 -1.2895807463693860738856603904507030006230156632165583000586271729643728847827298483623068477820094757965648926393071
39 -1.3056753668346650356445286134041878741263218384830334431879500435619570887843737120345602386285734678670419810826063
40 -1.3197050172820924856246068861877565436481911874851606621217509164189837585479917687908998625974383204718337772026502
41 -1.3319568874711036250293561672985294640324719273472973511331924558470931240658591011950842042947293664340959549671925
42 -1.3426752267448387649948844403906869365251785466635437112501456638164388452017314185518999300242226924713320367145659
43 -1.3520680451549113765217500566956324081318993556874823163681035075208654414213851438248362547046249001724498954376181
44 -1.3603127777628991417789827820833795784103711891635809413799197967569633230701014887296963368232462475725331226240166
45 -1.3675610532499155436226943704270913624624727943315970146760137938276338257104553230388234775972906130384590804111054
46 -1.3739426990375209061591837280952589745438245173494852182965323589174514873141183390371734085189749667015811238582927
47 -1.379569101302110230212876758810785869629570357283907608746905442427176694305798184942268492451572068082063138006253
48 -1.3845360230237521061783399052216812343132142688630241551966642217192292772213180070106936624320875754402732399055494
49 -1.388925968366108029803511626898546469593709966046531638138404266375119054826069218203427149243939256306706428281431
50 -1.3928101681049749534325483366892867498272014057745181132534855367474660922888135982437408835423638296174040425491764
51 -1.3962502488463526972279517064253060587146539631893637310773064651985570430858953769893249858563439776240985674658915
52 -1.3992996384509363718040373332143007182664830942582619613457981778011464981696737886262875627920566811356737365356308
53 -1.4020047513152427452442989971797913884779994955225752099380232720499515138646552830462850376371760253906246454463245
54 -1.4044059897898691093587092766721175054338075500919166925149808898718590083269679756133711495834280731169862367059656
55 -1.4065385918619008677109932526857131034130892713257067549510340637875128496499896279794415693651951258983375457714134
56 -1.4084333501136092575745650472865835055824063657108582767878348748327707331611569373550342475443366638010081553572997
57 -1.4101172227302566407287211411102791549730670846687816746523124632369359467803071025685539540524022422332042683414271
58 -1.4116138538221503579868691786020471647298909592225247628018623618962314346026848596179581279192299572091848145544515
59 -1.4129440174261694864640964462541037495906354702139544830703089226050624417790072755280202962579787015025039050228283
60 -1.4141259971549108814096042247849300268936727509527691297359872137874847419198804315998211116510015622081004286546687
61 -1.4151759114794884098886844631325133975823669880383496648883062544927956267548262776316780041947113972542026603676427
62 -1.4161079929918388386401584785522774137158137285550206231932240596231345386497934335529268154244637150953481643217213
63 -1.4169348286337578406658771763666308222831762893819160264984901764020839901456941636336232547122537845874955361766117
64 -1.4176675667530647764306358469477624504520169760263065501698840710912060802818600387691831324624181067043838440648625
65 -1.4183160959113858640083657919433065663075067954547678169753212200804620971932209773607982034396320761698092007404896
66 -1.4188891995894866968092715701818590082314431896885847374769705926207358170014086281990775678510250670354727155638639
67 -1.4193946902873405862590910650669734479593111856714687158919551563482146239079419595646612279637942681432759232382108
68 -1.4198395259746003971994024805396122180034249800523775758965232438151705514355919784551140836981695155825710179749148
69 -1.4202299113943119630295293681477554000543984273373404971114797982908755497878572415227379184922478906044004998737815
70 -1.4205713863433450362261420330484544390043974297798250238005610648122548046249567712551080837567223135109192660871324
71 -1.4208689027346113089409154087329070152570896877206677520016808276725151045677706137295635137518987986518949875677329
72 -1.421126891978392247199032338275763556927819969001973790205120196593649665743458764261997453065750911760242324200001
73 -1.4213493239945283753396003877816046555124324313135203755903814172295290806824869842507200915878668577872862016896215
74 -1.4215397589768253887846462219673029497432525187272858051684549886649890389939331765005357923511301190023373324981176
75 -1.4217013928700251713359795041115790023652349092707700890558084336695646384821424726039941255561099004647695149155705
76 -1.4218370973832819334692825608298278970470966854510376172083583532366389329681701235998779416999318066640815061026961
77 -1.4219494552483039222965152618574930523264014471765257678849835283521746505907055738167437316375590494493246751599986
78 -1.4220407913318708966886774331418418288512597748055819001340109982939921559190456204914144746039305801442175397185337
79 -1.4221132001285722480210312070182969539852646047249222589861865759024720096831052222713523838590925136587538843076974
80 -1.4221685700880426603866409188027300072670784477121184715981847172816882594197709159510713877227432643233774781773635
81 -1.4222086051697914156513631864115604425493298124069670718875328247664105239353510411345875757346284946321502594329527
82 -1.4222348439663300949620667553565966008651494669142645094386555910977838600649485130933595178142287685950645036910805
83 -1.422248676690362656975478619252848948808526037054255806971934127632733849926799895191794425155087616753696830720901
84 -1.4222513602831878027696487807353692198863604530443472829143298124906520856984930586862311344367982896850121923735328
85 -1.4222440318682310814912454677143193418103916104481543726703610070391727304601029270392770141213437906268685448906253
86 -1.4222277207449772257056876071714803784240560528558618379279179154382905811181146603409057245415526421113531625640606
87 -1.4222033590938399306730857362986420311588623839083589514497007546272422326105518438645081731112544870889360218616
88 -1.4221717915411188445230117101908102793993321021497587117522090946177361474222243378601894128347893937973893130248567
89 -1.4221337837146710976306391098121155693029328589279080172913990447514799054195494709493713185603889712698232974224393
90 -1.4220900299048594709222227569016285873556950157311970155350445115239882555070275779744467113524371653460176138161906
91 -1.4220411599313848458080758446545014063351092684488130826078127185056281053292377982756747772391601143456426885620878
92 -1.4219877453044721023958307658886928909175840426695557030584810754257023657129278107357832269895767727036802401041896
93 -1.4219303047583048924669124412809721296170491832749425076377794831496354476353163834636877609830188532369890999255457
94 -1.4218693092253812386525079399828821783098122187475026200570556565832944140666858167040020868971465927201811260293748
95 -1.4218051863124053371240954565389058366777772613038839182074416765863017940460730336953595454024557297624966019566447
96 -1.4217383243312842582029338913899685395896230050036412340325653724500997310206248812105203458748911772418493550844729
97 -1.4216690759326268015836351729834026078632361782546494774050513815975543758038427841799231125544688273669102254925482
98 -1.4215977613837299312106020619143441768685726029003278600671336173885205479353513200543096598722739071917466297591011
99 -1.4215246715282865288409528784890797005067445624005640554181308113596562609117123898534410430748097835367272394286778
100 -1.4214500704608709969004053044183091935137005304266235964703166580391839580087502432443539485391073876919940270475837
