4 0.43505539215960711654303908907065605288721883503747536832698974096145158810123539719991930341071513791172186550771
5 -0.0390119673272060806523850050867823923543489396876756480084869467769973677735246683130467888286407846592168675244795
6 -0.425627572901857803041569011720894176046043357646258701767785474819873612428544795887768432769727802633922797266691
7 0.462889160037354068892519161846928153894160767428237443820806602067362146615794134036337053729778543011058745230332
8 -0.293031252521987627562312491122622775941024952582555122458569912914079259241090078910240036675459871745279443891543
9 -0.0336811145546088962984255822026826550161369784219426863371854902740994629936107710042331882758679755394419786947067
10 0.209209562277403331463837001380442424155970063222615848974692578535273736980048525659508656240739701821426915058936
11 0.872858541480800493626772954898104408591064191791716533663946011163712196510504389380829900955173493439070011743287
12 -0.291340142813929539341408477131416063956903728922251795285615196265826630435786005274083251197339986463628926413782
13 -0.342449367462706951715925901984672049486053215493095756052311591334472826838746146796810522768887908678107411449871
14 -1.15637197148252670253485937560324415885094810774097253782407222183473294535781563245801007246319892884432988707947
15 -0.512342559106201109968851082043511923191523767221235588831803176423208928361045609115768142994361213343367213997475
16 0.144074574390543036968977635086561105477327236715655529647370556911823139218828280964167255251874593533539408032126
17 0.388931243886645443953756536909440034448322238707577895247478460603912016917626473288902995813207943621618280830428
18 0.333333496178957205641383424816370499921617597921366907608071714551528691829259981628948349180486898953418869433419
19 0.145779580849242290197995064526964202364928491994757884972935978630383357373351507551865716261345724942729590055541
20 -0.0670191352369436898720901957140893213043552582973184021580806206888455145531379110741253133328793216087771004960352
21 -0.255447359561648286816777886277402311055099828300113802660216762010176837112941748392403660764078075728857714604943
22 -0.403258950850716497948716579072749410147964488241976526114689889026128279848999563587247213493905622929978994724733
23 -0.510082942228140111218032513091993928209713486724401295425996613222844214432927301286037646340300072192836183828462
24 -0.581706871885131590555947755830506738523166895484849864789786862011393896031442103926037399032905887497892328161303
25 -0.625405740234973495030529268062026089186418543963422465280271857035658373912216360603828827092029789745535080927666
26 -0.647978879318930163115112760671348664267836869891215749265811484183348008331184637028166701888183646628817448872544
27 -0.655095311470947949478481043899146832187291935695237380375769021062404444624726190596401006005440428880737214476844
28 -0.651214422198602649292004279575702149618694163878593722027414286669080845632543233830885114761959982836412445467186
29 -0.639726692020893546516391372948704842427301318184897760107240613595287917559339013278005787535126890444930758347496
30 -0.623153816376096473693299680885088410942571166099197876565055789695217959729436764686716840513851209409016751344823
31 -0.603341978516261326084471958507289250821285646471510233261472149493833637473705302913350406594977557371161043788558
32 -0.581625568144773102603594311926004274189604423258215437105462162505471092781036057224822855273990759593194664240695
33 -0.558957434287647342714385126836685004974927073920968242468571221643595051809498295533983263645394055138946954709895
34 -0.53600900307893528197206525913836062534033229923312334995692724958469677512825219345690149573331834382703660019402
35 -0.513245686924259864799096637598763292674622337015231652988844311534584249621420775433657105853712888472711735079823
36 -0.490982983661102170883073043002263943541817219909188090888817870462037167497381144483043955653050679154144872182959
37 -0.469427889257718289816006498046273157250413527769170669491434240525751827836379853502141242576948034976107685778055
38 -0.448709319095938168251294157503091136366555747966502355849752262777076594093628718009824633330607567177394430545268
39 -0.428900382616260249324278952217573594178193168082141378203515951039742493700510251225345488269265796625174611611627
40 -0.41003465457298518991498514061026924260127897666447393844158008517446226103478830500750583285412167175879169220008
41 -0.392118036893542733061375109648277996948072172799415699496592359765985094063011512032059415515738891054403496558196
42 -0.375137387589397844790324157574006756119453291751788919904974700805986987923644824728960742321119378374437539436134
43 -0.359066781222117338490033249770645943301238844717104983385045838124130796636843568361218576311321525995075257656709
44 -0.343872034792934885978979448225230539032559171362613301561114120714849518941897584031765860474494193651121033170854
45 -0.329513963437333778507002972104732983929128349631314821947629738746195249797170635167840242320355816615628830460522
46 -0.315950706162846661225062030433225980901562476348388750838287064556779992590172591944697261592404110039563299103176
47 -0.303139371066710293923544181485516289155420815996483309125892236214400192591408922286212446504179047142600021516421
48 -0.291037183067507719832091772126952389114607375865123740156301782117061514265820452180492276124741001533760617592862
49 -0.279602268594039597119524987286834085193860857099352637799258695669893294320559759901378863107805428110125778942816
50 -0.268794176075844668028221735963191346369557362479769635160456711720654928363340839757591584278098279944866645274789
51 -0.258574204960245585795380798645607071664377512141336410904959647271470617551548571697366446139278895119239969659738
52 -0.248905596784650877252602580633704067930176507303335143355767407897084426697822861218442630296635955897786076468234
53 -0.239753627701098633979433981892640814561160317534594525337165321699418139291517364271827175194665245808830231242956
54 -0.231085631429705530909549203974919203763237943841579594679738649013405090271301733796063003719153929993777383250376
55 -0.222870973922805219645371038126258632387150660280766774131126058645489220123502167803848041612149730947381881706219
56 -0.215080995332319014207201325815866651069642145470188269987675030294080323225003982500861491875259159603568456465344
57 -0.207688930662722277204782161573431905127879155327476509863123126633208872112104850320893386455202582627053261520755
58 -0.200669817374757231994392427145072874159342645957908849509974460923145076690010308838433804481040348799869435890019
59 -0.194000395897034432264908728047437075514077462080608910651939066196090449572208203268258341940487566860034946606459
60 -0.187659007294806435632871627891996230109872625522719612724756564933626964307611879692846721351258080894336276496066
61 -0.181625491083106882197039177313690502109313920642925741175168744260262107887390841456538108159293220482241837300868
62 -0.175881085240856382769147261393212360714055998187962421164128607237920150214982812176315707838954083741802154005394
63 -0.170408329798677943807328240811370480864299041319745199292120436436055321809044150310218316801108972869982004505362
64 -0.165190974873031644903956975061660416264965680436145829596928394794952292390283750673558760147117529004416804388953
65 -0.16021389365594959786963817703791678696224855386473371983520729529421098079257724924758427764362150560601951217745
66 -0.155463000608128595977031143364374088035001478319764609974855894324288500757735275916314807548304645739415585207055
67 -0.15092517491727687294784139720773245763076180828648429283459295875873853327335370798887833001163240137355920687922
68 -0.146588189153864965451247072071037433434978882698725660036610943190541680324987891766705150455227306921532242450273
69 -0.142440642968170815415474709754716159974409187304251391355475056885406097874654800347777116638699763919284911745594
70 -0.138471901614785842137085813119265583329039882249070214143796962711602570646280459007416968754380763010574515116962
71 -0.134672039055365638132877194199491409406299942106527912193996129453836879502321353658233234097471396860438523077999
72 -0.131031785371235322474595307104399930543861813923646157164446371851294200983292962058258172193928876495802801029385
73 -0.127542478209915192128633442139298506111055070413334021454203884879183816055284801457369919948820772824637531678098
74 -0.124196017990302279245498874102161659290432330880555176645708793044370324437602933932243702406320255740758651984109
75 -0.120984826597589232108084515223195245643721641462883164696251510537276083561796975098509880743390226204142074541227
76 -0.11790180930914424355989389981554460864635483599387903205287043425670196596262297900428957738546433194428126660106
77 -0.114940319705130935521378226950569180003950664910840000445848394252272483898307126258641767247430502720786537789675
78 -0.112094127331604114554389811911050311909416671719687459458365591371642543914390257350648181326474971535734352629881
79 -0.10935738789844472896726232572352884105774766853294416688314490824826206474478625467137851404687568219625003117044
80 -0.10672461580927326478761337220724595953773514822247138076749093922935185324355347040674174210177015252756063951224
81 -0.10419065883503980409431563818412005723879606372594174366255575638654155474632611780883306556991338171425527122463
82 -0.101750674757082097299601940725075836487255038896601685872594457722087867762277837122078979642602404128765615233845
83 -0.0994001098189075731616501398914690474511006701490450897941298564686640960272503917028755701720223418482399733024038
84 -0.0971346788386919482941704753402123462468689838003303832103458418529598314802126235398400364365109299523526344422231
85 -0.0949503468464429407823217574278786870269212194346146334040483195174979912711841217980660784442163507367056240660413
86 -0.0928433121209327534535914550334726796965982632367247411767965183941046779341535853462494462851722030983980813672956
87 -0.090809990511861245777521880515598992906548283648388446511076403757589340013216782802185603111643239631096392298457
88 -0.0888470009422931317547885587465133210479124541032446259510769346257818227480740991734707998710538424354162500083637
89 -0.0869511519952480896646255939222088214223698980022758760634103237405052473787696547752647687900924391113656028291835
90 -0.0851194294964502081465578706145685264113450788110469168571365231877680483678944897492111028313371527317574790980471
91 -0.0833489850127045438970026351284789206956426756819361646275202970973586188593597509428330076293429695687504417436084
92 -0.0816371251922073854346874328537636981721939106777506643143864116116924461389490972965747151727354991037141776731609
93 -0.079981301879357073444485482631614236223216586009637022441216420491594127502200060108098444347432397300326782068096
94 -0.0783791029423571356291832110150658060510029850107109573776916579638876454290757752357112275657765216939103670962279
95 -0.0768282437571347873390194274431785174239748762399100411675346687356247780276125087281837421623003932430988285481057
96 -0.0753265592958753103751150255715504188918010755275149898968914165739391180866231004512864429203739897576077719441683
97 -0.073871996772833994474805629857803863528296393224564956069417544280185147071514370708546564223645019796672239534717
98 -0.0724626088040673641357700942053309961272362619427325355217690446946955244524800411059099054532891110251981930291526
99 -0.0710965470413570334922886566493011155585487396340452216274397485010298437913932341347264811416303048385413411157529
100 -0.0697720562439130293435549800929196062200288827585752768772477582041072834966294849331138967343925533775332143440195
