4 1.293637358900567295597844572028260408198201629549920775035520197869357305181992720504726406026348237771382108116
5 -0.1728028318393456729726807493576809781663098129256484262681519332755252205271943090305990905355630743374491213093
6 -0.5485241877059053432876338523321952291069354628624207120706730295845979022406536704270184053454822751145650281583
7 -0.4271230817614898013878900953961852983056595992466146232095545108882967413085915784394956687944474534255119764555
8 0.4722410968608959366997109943498838526097969515038483536491601148337284767886948258488441852201394813645659754341
9 0.9494388692377242704820240794891236395775921087500165160899942588239205899114800101958646888444106102160824492591
10 -1.245298493261936003322074339033080203056781869900785502323754096324252050700914844858353980562279457544414907943
11 -0.410124925414476071446666779001824899233827645558530258316998398605317949894088998293324170223504952871057312391
12 -0.4428463284705733217177563030424513428731130901763359937590546100128020231851139222461586408582287231057912421425
13 0.713908216286130073550637381935010977195077887223817520379903766486552606441563830166674310565738717733117580715
14 0.4081690813993619354722120368066239606400876282609120686495959180719203527722755281318450129441584503301332819127
15 1.187522757362708175664020380148222062230858588020612522718092873884980520866048931684965717071353667863846782283
16 1.263675933450514569539029777790258305631664509790903650592571175928216912424430014237660953159808544205808095169
17 0.8221208798575199821141621495601730568777129584189453463807851811496243262611645549001814011056312584498739639174
18 0.3003346177849159770747582652002444266082939800648155184631147801384872173442725954922286170106189440651489091603
19 -0.09842322351750817815331288469786157678216599609454001820974852354213972821709699403589934300174028914895856066737
20 -0.337793715905780662343056004257467607008837999853573019841939229810541989562978227151144087606234366721008921414
21 -0.446352547697976493589243058445698174167425373804145800196345341758339775636436178629423142955445549509245363334
22 -0.4652007319219753948740378015239090314055315445969456219707835787218932870335371723524694148610310692257074262906
23 -0.4292834732427353765679854629880185824898371242605913275994690198980961629608157350197966036552905610607247100476
24 -0.363600878181560410108444860844703324547535090312712686122055684855212896056907450855316647628455751894833910637
25 -0.2844796072392565912966834515889349536113947979471755288768270432336940320877217021732930723990942803323207813435
26 -0.2019108986828156847350339238223692115456921541793892843194295477443817630832523197241138035376115863254190035937
27 -0.1216337488543012023068035244993355174998325505656136215748316006121972996227800616667579748786860228437026286454
28 -0.04667612417151488200734167026162847551712329847445952016983715896117213309220865411735460760167526268864067934822
29 0.02159615942325817334149473253325473537959726732297591738935699547388015232402722558173993034485164807301411627485
30 0.08279812720820319298747503897100071715757850393404353994756862532651616105860539791399586313003046761771081758682
31 0.1370964929871838313815831912203917021652539875658180043883026532895120936127321356566022500009404549033308323697
32 0.1849458782863188590784996279239200459450678461798329351057010205611442178517272905727065331136208725165932838424
33 0.2269305675181237535603863940877394158313759041548143969792086280064586538545255765880439006628891001749479489541
34 0.2636723499059234720702726447667084432144345053949450616349302596809945273130133875919265740538232293616389404576
35 0.2957791034971511486183311011969970851823509521555113866004709453286414796555342139266379946670100039790313238885
36 0.3238181030937466676981985474648945104286436262647907573706143000910356503194592497092130221569971929774248630457
37 0.3483040464298096853619569410638247724196836818937336571222347344584365312882050288157871820775419558159058481653
38 0.3696956104459769329840499710727332387478084845480159773593060399747791716806455474863954964723368511916345333972
39 0.388396749707796359848182234168361451801798795168434887134622722409947579085422661896529862793518326127089186659
40 0.4047604474264476551033595574287422888252378132679327853573730257201158190017409245732087929054346100958782823327
41 0.4190935592378738563703663432978443456361281506221892840863444953689302730871554269970900714535019138423250741439
42 0.4316619629414960575838500975163127826610304812133212313976600457518118786567568486896871771561214369071740870176
43 0.442695577674544073612354440835734449975883581715134854766214793803801947102414521386722678504556416531387567225
44 0.4523930276201578475071414609680371092586844756944027039457788586936300888660466421799587055053442856512911358959
45 0.460925851017697533139539432494015125994173910536091378953947995327980666435042874379703011450847248748062914295
46 0.4684422279178915788530435434349129153849305597035664268105438819469252098838151511590555193250524630528388923179
47 0.4750702403768024759346999001676196373541762357421449406545305420459686094693519242155859174924215686078253443299
48 0.4809206994264091650950505879971379534846498633697986228208559611662774240732418522562305784951685983899572751906
49 0.4860895821525726046985404762452510476848277737680193877243657217020982314614394179952572054944754699668656089438
50 0.4906601244682567553782823019651782064133175703893365314973646397862243760212235458501011983171008758779594027583
51 0.4947046137034923798934627097075416874796481759807801693450689286314155517403671720534021880669958418994109946727
52 0.4982859217680303128035848020833534633974359535471911553436058677390564642054833024213048519588243817073726411647
53 0.5014588154627789395095375052953418111332585448098081930154437629429301136734448958674337152057227994746876908252
54 0.5042710761489094951322212046910476700097854067587267424877704552416948571931997225934112063173354625160102347948
55 0.5067644567746794394139991878347632722610141742660645045562354434337307668981514381255529151365905772973831851938
56 0.5089755003847460845416825598235438818124412300337348375677214524561090236683019845913018488096374370858623843227
57 0.5109362407687106208092685138922659195291382745881859476777013193667346210605772918709209732639467533675371587887
58 0.5126748028599274098722629811769753402327008234360238445569624715420781426495799689026691701352812428213348982314
59 0.5142159178550909065278896378230430031501329350677013530694035987646679162797971554151851685569059190812945458199
60 0.5155813657564281782096521976618624173458071888835319801657117244017092566037988680818524768947329223640180847592
61 0.5167903561014715002918966074383589744380624145118919035538830430956474882111434979294645351485896627599617899682
62 0.517859855999195513944278996912838405358533263814793308525353606602523695098473130368726824246384766234849209068
63 0.5188048731964637591400638762912307872966458322209750626729829060119875277977306217811880550866213498655675987774
64 0.5196387007192828977058163521051328286604247801626835847192202045420015227613567966022164606258495307311911391499
65 0.5203731286373099653399166596587623101950549766300372860102740468580030378934543632908916703347545672300042957087
66 0.5210186276594391844761948501699411426013784254637962851632137276625109685735393653962696064725410585489247831087
67 0.5215845085589910798504977631350408907978635973899013641606201405927007954714425645465119881057422826278464986592
68 0.5220790608284193112005758477433696184071586908737390316740428449455201982978865296563765392230117967209534326693
69 0.5225096734580280526169679617720239269975950060843283629123574734637899370855839762475655495621121077530505409601
70 0.5228829403061511601769173623359133847021072256563980673907230982404156402084293063196012294686116338969789843478
71 0.523204752167110683958651879384962873498388957671025539514355800683908659675304331878216912522496841455404675308
72 0.5234803773375612447507538789372829929926199275592803335886345571293375427191483621448721581413256687738909072999
73 0.5237145322227375646988107264355920630315313904574431126345273498243064268668994007839057552168560788080624042099
74 0.5239114433042747192653742487863764422206346378772367985198013621802276280967529524766541664476691301009908461157
75 0.5240749016044781262799390876791012739400545257480289397779811298185880506105023890631911695997953989352145977554
76 0.5242083106229976758291791479605126778558112240108334994555838457523333741448774899758952769440586743390492502291
77 0.5243147285864605520726373355704401855781481118274898099808060728368614111963898312641167058487093716395629366414
78 0.5243969057360938633651420505075275787107894870035485108839497504641438588263553433297401347404333767840465133605
79 0.5244573172796606151344006713762878550780154380361983174655811990240125514169594423521720491977858998193373798512
80 0.5244981925495697913936622270847998113239964376997006401274939601261559351655809323212999900542772536141630531944
81 0.5245215408366414653519736061658639117570636978783434115824901960119061551300087548437745673864338170026493549345
82 0.5245291743068911498872244167267846112701125730634891759763843340261743490717056030079638676133720902842917746846
83 0.5245227283553104483762052561645485671885269449373660594520312927394316086906298804704320384969511832552425380959
84 0.5245036797046695294072306413239537870522242832897912516434222572934512130912765639582654008193101378140434704597
85 0.5244733625177578859134401142728706083055241990395417066393939226750547044599843412048287415435806372464357030805
86 0.5244329827572885502874200546992979123873273965379224379133098880357119158148385066581413575095144764971801820014
87 0.5243836309981341627970676359102503864572059868044559074456094323213377673061632774643599123321526156964712077792
88 0.5243262938709766771406168695376092530806903184981399565170282286899957126366262905808707137539071305550652454511
89 0.5242618642942717604961465883156011370455025544702620775043673220944326739760005096483904352201917534686871508688
90 0.5241911506321741724166012439122640298565295412003238135773244033557491069069443703325758076329819951133257468792
91 0.5241148848993328204433085200975880460149742411361276342594000078038780308142296669975014584930001245886733511343
92 0.5240337301188951523337185478603241607643033984842004065272823838045609254219573897898078739351888682919156759713
93 0.5239482869273622877638714309834720945940360178941300383317414392035910800978609994188368681904207638729060739493
94 0.5238590995088541439215949222229080355521102475591040921908413002509132396071733146052023176405025425438671959838
95 0.5237666609316596547638517844157669628308907816531096466433711892086447585304149506252880172634438880859159860297
96 0.5236714179514739617370044923429928536583825056641181367724441125214811951375373583439490664416538933701943463276
97 0.5235737753383015174385602801030667246742240561238906433413420345314060805331954283090345920597816292821842560037
98 0.5234740997774932441774061823038661312997597826450170385397856655925139217033424538673709746940731276034011688238
99 0.5233727233896682664181556510791078638280207448575409161504340785208349957370480915107376873676694472715622078746
100 0.5232699469092437173160555121108971521400252589850017039711517272398645003565147757854503644076918189023124184553
