4 -0.397787666265473404879970551841678749232061644701109366905431465484344237952297005591520547343979476768844273487
5 1.35944716193800442554694038302762485460214771703985023821940717363620401069257868372517790447002271670227941594
6 0.0687252634593290770038676782921947602670302806649445550270943669470327496533600517455180873351277070675855579238
7 -0.160315737259455771951136589277082270836190663814540924817197829517169764205470847328238582861935259241820682919
8 -0.354485959658905973556770385452108809435216462455658889253733337573855405759383967870602532109054429831461461598
9 1.22237203005570587112280780747308755365182216696049976455567533077697026589790615496280320889298240223186239269
10 1.13302149446853243585459939771822176355294978978679887625393991236195240597956578941668772256783157515744032446
11 -0.47931856746877234238878973286860094741771961631660497448778666737550555478803918127909894706269737332889309643
12 -0.526966874350906089016631538206877893137015921363313460859110092598252826301651775832150424796223262946811684628
13 -1.15068779077828838494877918935359606504181704705882891502182007998428433998217973344492274889077309528172819563
14 -0.169450415025010483357828020077595563190004037965197084368597896295594816407364974546447983318920999066048276747
15 -0.50027329741236703996103370726453245688731312736164158203488432783927577215422805767283803802221664294715427989
16 -0.126770270449797306626544640238535172873488278986640009752764066213103955701554725103942530260892373773756504013
17 0.527309009136972003490594095266843672347936441011115452240675118433771277885453965614942333419696362814104656739
18 1.02069981557374927546474521746855032292801000801189753964200084679984901656017831198944638309221355058039930231
19 1.25371955163847757447474910634673471525537460715870106905536782349913965020615947813549130567061140376432217174
20 1.28178387760646678895141445091226633177472177116564246315079763032255030828243836908273451413917519589468364675
21 1.18674519932257123361319315657585866435509745798470324362832458731633243271939626810958053247313092505115292275
22 1.03286787515991672066478769442099667341985424636374358606216798263063064474702610903604155676540433877272284925
23 0.86095611714543055194575835217711255617179855394952937991901552290784155656986288872884714219530415488441998938
24 0.693668424228932839613809142892540127598852466115766616775994840891853906792163348627768436841216802817070209427
25 0.541938601428968188990826139672292352025405398540310004514952345338135041647675538848128016324229112177326993402
26 0.409847357690303006606556553959280032910654529884366544496084602675764778257060948751853525951920005537799763439
27 0.297782507284349525755484997100255507444778772520084199685826392565863653138782848747619603632999573914899873281
28 0.204327127660538442915935837430948364091358075903681933997794770627577703024181368673164589250379552259131464986
29 0.12732419684222453842837293358360420997769256200544043877753927988877257645845716380170546292655086817915724269
30 0.0644443662010020048021848348116390804469740623977719097198922989020925354641235592938918980674918860005468768969
31 0.0134673144515586485648210195683324962354181702564097000902493626317637994976924748023016352731303887801584445568
32 -0.0275958685502051722725842015785214118526905348257420539975483808833145123410536693334705102320807423023046221417
33 -0.0604649536304867751297928848149153253340702198557080420194435637676078978390326175645261531213738615217609953153
34 -0.0865953798323427583196640378794782461401150054484916823559887786860799866069131978613264101707207067797591472685
35 -0.107202360452516287700145214120960499712965605315780330415457197054147839862507796791723141254740710413901402229
36 -0.123291878187255454621948846694762251288628717208303168561841132747077944137275217480234923781285805805642095994
37 -0.135692251014807044989631718889721522676716626670881954991767307926762255527157781516755267142302831253892628839
38 -0.145083307443855547864375888024698398195954190685334038973203259661898033301448629248648172487192618128241898655
39 -0.152022011311881597620443787306172619978377806055855919334444630241761314647455102283428711071608850655937458698
40 -0.156964305064761813818663530302634595582539901154552438869985296531602344750493998441177400509405871881063165471
41 -0.160283387344621487493889859295681972634700698444245506241709121966047705269293035327260193025343605171172739162
42 -0.162284827498086859261206581553844999781293479590498557732318024608721477209203158491193038279575022221333683326
43 -0.163218970753096052828162137490306021258988664312060228190828455511022339220991574321422173375977658465351379646
44 -0.163291072227345543419272782725924412249043910741592022275403016248517594577108783077012671276453243096304316218
45 -0.162669553066816144903263551691781873015668617869258615620650919479332469606611996932634701538734956159675045065
46 -0.161492717603944945622243473548313438281275665566285762782563174948844603753341196702870133185193787581823119927
47 -0.159874216362799111068725747016378876811744156363176087721319070418761165316385174701298634095829253924916423955
48 -0.157907490532674805771285025860256280379011976096102788646529895586059014331174537067706504586303831737438929474
49 -0.155669390826964790976701543773109816364080553747258343934276522792891163171015505924464669955429274316164251804
50 -0.153223127626761294622727523803385894798492274136715828257051966957055421572476582530954282849490463839783202261
51 -0.150620679478082511434698857158007793145138573861885241617170797055104846696289830328106427181940994941509099956
52 -0.147904762596397227590207698071965439967366565658285638645686990466134781836629566395960325577500441469206446158
53 -0.145110444204381433867800571018450435539826707273619227128068475366613492525205213902372493492801337114205987536
54 -0.142266466507770001832178722171308916588618251780529532855720240757629147053620264542413891492364329565503121054
55 -0.139396335209447976660946833687850047348472709288593650554961144763480114287099789555180243156168977502784208173
56 -0.136519216085645692460664308198217707217266970742029055242333297677802371661559481245673601767925134453607272348
57 -0.13365067481114020789000403838097442511050314912060552428384130473234206239971132938830592865551723753843561677
58 -0.130803288521972200933697705717137055868691954362239847389282257730638496502891008892995026882984461775734103737
59 -0.12798715221935095849642705333734942893412273903784226100445872392855086373923934906785296916632883794188329583
60 -0.125210298785349695887622953460159200142487075585396579585132186983871962329565295461189022999025002326029731873
61 -0.122479047889769565820987119495391515834706290478769265463732647848006463988071472151127381292987893416852814198
62 -0.119798296250325262012287301292382942348465151869279720366152842893233305675868231485435449682356663872836564315
63 -0.117171759431088272768160534841006230078622292126113805602754160884661693208290566774120493229521997324552272372
64 -0.114602173520032061301730239526029338722693100843396400737058586900995289986349969246393635305482846191309772346
65 -0.112091463530299988659222335413111805862711149059818585692845812946842053380055983228551618356705724269452936794
66 -0.109640884153423807952876998661805960335089313604120962418191183490717275981000279509042233549297098714357272903
67 -0.107251137501814455712820025400396788407658614250664448835807726826669187864867657101807862694282451011770684712
68 -0.104922471668971165820701697277633796035487743765991287229629218287503252369842809075410105871275016845546307244
69 -0.102654763274210283464573896980881289357866941826763152495096830984745274405450191388306354200847531651343807493
70 -0.100447586616390514813264884276014884103233582968536429468893655375477311759686578882887596133260546395042036378
71 -0.0983002716156818963907084833141752379539869570256998698075868566032403968349345961584141553458401488463127690216
72 -0.0962119523558416371298523538456524270091996027261855791374568813431350589835572488220706204620718469780892176583
73 -0.0941816077371650975569175523181221420507046209885674896255437725103277382169961851365326016987285176923371348128
74 -0.0922080955005130136227327750579409444352211676537422935928540173541008386152741565447571405318488076874434859386
75 -0.0902901806760542599252040468494133925865248305238235681972265352345045528055723351937548570731688392243502259933
76 -0.08842655933888191708137841059607209903501385964183658876715093967576882481712589804541058338858868181404108378
77 -0.086615878411179507401071286161075322848783297430323836089312212068382306504109555938269335715789976397445189161
78 -0.0848567521320189733826598049190429893018532130289515921758562438294033297745200689294457375801720537377529248909
79 -0.0831477757169875179735565265342156569849801472451633246412794372820854164690930842584777613202809501703652624093
80 -0.0814875366472526125246913109647193390787262323037844466432448914356687973175585601870573511194371303418638518414
81 -0.079874623958585597827228216286792013894394803700387491318498124478353974676349049983941543447480043431124372711
82 -0.0783076358429773205291000799584184039650089865094321067836337980268141643229883036282000842476484054992660699525
83 -0.076785185826904557112702447265204630947042761675311561519133162876099595412154063266446500351324772718682752444
84 -0.075305907749486182339410909201990242331536408828880723533466396368976021557271264274469335726391851455654104111
85 -0.0738684597294171418427964425222404455342458050089905782481359141294853536600639302665756407184791283216065740043
86 -0.0724715272806224481270577556860709342963626256403382064965675346932954601126144489285081972707215556019112332327
87 -0.0711138257121509880114972527969292336567732767263164675847120487556432060600789122786823144540427544016738484155
88 -0.0697941019271979625072266984088963770634709683603441463150841416878676170178897362587872541822556105083260978707
89 -0.0685111357186965667725651318150299981020169740437909054110592911919311478348209060006061127066708918298611092557
90 -0.0672637406441469798084608160583790116278197376136253043192544883568272593851714202407986863355659959956936226458
91 -0.066050764549830759853319358889451531951622988199600255783681241268100794119377645409782472385511790940451560091
92 -0.0648710898039377164167623204210023789516137667940466018912715787482177517790850310253584754674998946720854391683
93 -0.0637236332891142555970651085817088176654338097410063118177351603308735896331556544145872596563980830577778589741
94 -0.0626073461972789249491377265961782669714815980799791577200693179864176753833382571850017149981004784338555776343
95 -0.0615212136630340772286579438105176946940963363384221880663134964403955295358252927604329147197450606373088864398
96 -0.0604642542664570563737882363956380542406777155366787709798305217600193700131126120859228072362989308237354150595
97 -0.0594355194313325924856894324503430090137543741794620154031673643984253722080915431686513675246588242142741921527
98 -0.058434092740865821203473628167479776503988157013546204564678731335988810829873400448122970132783347783801061544
99 -0.0574590891894875319280928339437640810530630267213966932829416354470956651282817411788987509600083023431706198553
100 -0.0565096543864411529939805852202721653869601691113777905359298306141732469125505625545903769622832915663381091345
