4 -0.2259979249267291322122473188169722855973457772728768582746973672401328121520012940835024959737762566410305678
5 -0.911937813316215321566306741437777010251314896738651523392749761452836956512237338284748696793173320722949475
6 0.6335994160657412083015276151336078998827578998445192029839007752655782692565377260130933165947340036480773676
7 -1.113648323636095482393785942176755629999365954695627909870418823375054026193050352368487274983165713835239389
8 -0.4853958704355789948699156523636469312470035354793030669032008610237142811576215999671018795841321565523165758
9 -0.07376652592201895552387517448587463697461060682917354610494055622688404976920962149006194301850850600505952204
10 -0.3250061213668711526376997481376167044078035529333054995850261052850412980314279590873566104309404188051527525
11 1.341062914202806570448957283398342280489383425867860828026938166383770206435613071631219533617307852359234937
12 1.322379713230533299557166998268121423029497539982263790456656443095654357430938943950960311781829560146987767
13 0.7506326201724140729752944383420283078747167763123664241013743331602079624950825687769526715871962318837171649
14 1.219231090191099457490575296847841853017233353736762080554478505678810444291780480850969004298570516327825314
15 0.01220072831184089352483603863146245826365449326534969845248849943299719735778329013858481143844117375565750703
16 -0.0815944093452783573105997319968365200687243016436842706285752783169436647248650705549326933737017039456849949
17 -0.02192714810062345512422035715209553916797951329124114109206803275805042924054165575886235369396576253503935312
18 -0.1944596137973277306821530140737206201891819297081568657979915356444275621539679323438747679948085062898634142
19 -0.5229387990535471971591125174402918967911900965875022390740430821538949082313409153744027877624200194783674046
20 -0.8714463299910541758404597222012547353146542927920596815594819506630164406448120536890951913951469272442067298
21 -1.161084810844294924834813473662405782882900130898901081975303432227309775269196295177936090107880870771392259
22 -1.366237875273403398361407194600676691361025387070725457091999688582038191356018050087868034850414155212414421
23 -1.49032854713382852472523865686096032773895338839954060092219641966734719230397767603463971048702316422803681
24 -1.548084111790986341695305441738367745646301392670750217254870009215645472470870577710090555781433752554596428
25 -1.556230487540465861281583668168797940123609576096867697114057832454981290745975583780363967368229199925886884
26 -1.529590605910779615243335203470415227050997025399985825691440778736685698577297010687389561479062864123121479
27 -1.479947172540022040659115795568320726969272710566176434715920251820312104985887107502584114041181114932533033
28 -1.416110244705422596227909711661482123034339590185012736356290846543887916026887439451232799787772397649053769
29 -1.34440589463586608326750331431275090055139077260105314906348998130643704636321224968159067190690591289385484
30 -1.269236374738671205338780139944081375810181701634218261299459975047696423323333868230107477028425585398149626
31 -1.193577607647192808583451729561807449123476543358143378017692483809998904063691473385489956965663456344976244
32 -1.119377377843948546575974675480827059804765659928686363236298583685948887497947110641865329035943181200930646
33 -1.047857223192786631973727347341077968578631503833273809289272859525353897843542703878379420702998457416223468
34 -0.9797341280013380709124582525791802064467746818923690388553256808603411521742883243851622435156187383398588368
35 -0.9153800406767588830417097412391876707068544210594130595096052729393659695897445429058068963496882995028187935
36 -0.8549350547161283083330538518426663810971803802989503637304431222288416668949235165707809550749896643564306078
37 -0.798386865457456713740182742092955503174965632313537323377693741040033610614579428591281074660588791608563282
38 -0.7456260478255048519008160310353661078539640116650890122553735883082836461221792143692981747849412859367832595
39 -0.6964841709351982101827408575592908504459510219286094386293901046782405470458708700830713991144878310440123123
40 -0.6507598154399358321492658293479129535596850960223790735771456645472061229453742376885510218983796396578936644
41 -0.6082361108986459455193501872256386673868666244790133827026213910551542755988445135273077930755437109118458399
42 -0.5686923576102909087240707995465195129094323826112246853441451617593805911174899606600994884073681997683976897
43 -0.531911542392684669930538781419663166022675716349082650290080537042942202089920192334990118159279750362123763
44 -0.4976850208780987326564458398890950743099604172678702875498588172508800769405268920056934874113888461551366558
45 -0.465815259020279083106411169263890179537631605825913727381862067608339150161030498336906406570147631878635738
46 -0.4361172585590928091268795577164220461621799300848445467814734545412594157338142826748040282603763646221987737
47 -0.408419102535855635345196357443639025536265026252228386655981933546515978276999443333281264328356223049348436
48 -0.3825619242753571487336042970475443698032214314053295733419550041535746920904043114607218526951078687761790575
49 -0.3583995100140573914791906765608979548152546348535889495469672584576144051927537293562341281780005752986228074
50 -0.335797679884791332504344657947186152700063710625428054944541361457057731220535718994259410727793896184391398
51 -0.3146335460456836171307164522295479145425010751865549239843830205997242027509255608265713304121202345926338394
52 -0.2947947145807963333666261761689848654008675828773388590596066672473739766566051120880022773070224963153235779
53 -0.2761784753329510452730184140590087831551080359675466612529460538791113061988848056944101319516089171254655542
54 -0.2586910081906260598054885760033858157049876479161695131313892094777834263845137246707099086598051544823105077
55 -0.2422466235225767619351041794732833925212703997447174014663195532926937182744492825721590751100518422604499351
56 -0.2267670470123981701878517352645407432456343360032715150098366865486979626729677826510117537879042995088816382
57 -0.2121807540856454315772816826906287640162474417527814661613492447367680228773380453378317688653917109009948076
58 -0.1984223557341612715097916634225166093318459425759945384127130094899404433368363055610833522723673042133224211
59 -0.185432035323754856831910740815954201805282905328023296502626562027005834104863192528694782704813651094174483
60 -0.1731550345671611112950275658903054123102564231133333364356088725837957201066816597713738440298630324964467523
61 -0.1615411860031509100959316178958536303252710963261925743128150803782806304182907873833027328522190092148395413
62 -0.1505444888673622900935545638911466475887153882056288340885449189444682933170698357399725189955376961216024693
63 -0.140122725045794948161419693896496322341597296404343939064881632575950515150083618249247575860402567272997101
64 -0.1302371117800118714934140435453413265377848375939990957553736010454220494437026425228964777828265022824230595
65 -0.1208519878823608802764665584843531901109397124932068645431716880265770372684699284324719527940054227577920016
66 -0.1119345303771364682904183289829186678335186403560559456214452331837844204507132647211056571987482771961280183
67 -0.1034544986800111673429345416689760865531570621005528015109683511788204921988812679653110596612178393285932297
68 -0.09538400364315251080256396381820854423911758196134939769121557219750790442470325215981786800955978239900585857
69 -0.08769729901373330226894142306713712009322103559382855388608504851862716784104430489784259904874254982897950598
70 -0.08037059307024463451771341365610834609520917401658410399352184150162335060928954491022578528760305249688551579
71 -0.07338187840861106104978648125050485394021291035914177549290005817735726842321776599747231864811326649307089906
72 -0.0667107780453348113490916906108573339988047676877275727116443162160164977360213660308565312712032447170586195
73 -0.06033840618606902154947923862217529612867563656374052611326610943533141681070818204916851092882461545060420042
74 -0.05424724217449993531871962208759323794644508951602843148502672931776386927047145646571625340582636934643726725
75 -0.04842101628826217127122497327107141364167768215738450594476588010784833141558288740830284223342453112247373298
76 -0.04284460618632143637724382582755790708137608005496572505470349141983412444134085438827444370884846212435467143
77 -0.03750394293660686658730526863338216366115612764723481664338556563280269434489674097001514339261071013927675159
78 -0.03238592566458012904695596387355322655991523571107336373932054214122530904838037293667163057209906040314664906
79 -0.02747834396387588759489207893391848413965925313913030964560633871543786038966116491462060732260624164292958862
80 -0.02276980730013419296636636036347746421852983881184875969561450958914374944104481190390907257966485775297452158
81 -0.01824968071964065407790579325461633336144593256995652557982046518366249332071518570378398349594303096018006002
82 -0.01390802624631841889375888226434493306084916495881112977756949894477834579307110999924202556068270858136351673
83 -0.00973554941484056167071459768582428351831568792623052798308442858718157327902276992871005947688306599674538622
84 -0.00572355044494969272699754260163808812422458609775466134030476832692207378428115913222367551691439997079926923
85 -0.001863879613212596109668500591184181154020218074108657795859362574795980594689375781213139850017186276792495712
86 0.001851103575936558461904578515373921932074945866858734542566936489683747949666372638429594476070553065564237503
87 0.005428567777302731304187381976835453027834622441816285046300458721581505488103542407438516734171009217950221736
88 0.008875244071296769222551514599406920855875997588689949040327215226976850119292135296112382790847282039341551153
89 0.01219745739824423885175805093359361028167095967626308696790068500769418357350993031516733521083503376610205086
90 0.01540115542035865574332256608099925402860244112029568120732403073810035195110618530042083462285478439651750229
91 0.0184919350452277510267058193164160668919097759636787625131170790915667042533071200152790310914809778913890418
92 0.02147506682153238694131886446153926730231261674240791099945766773274570263328226010335828177108080367761031421
93 0.02435551739703002235096395049888400520018228143717779878508786730009374746810649587653525921532937338796850504
94 0.02713797021031882190301770386723991852694706463491953102339225884406718769556023691836941154565202119260053696
95 0.02982684457131545115424916359788149977548305734815350403906645763740704961635951415739884799795620674100160367
96 0.03242631327051711694887586941304501444619375468404510677419389641051898398190317442229827377262913030706248209
97 0.03494031884378827375198891141909443349506535748638950405036455126185286996432097201978715223199847552310606334
98 0.03737258860744766941503001328930153736249110174356215293251543976489465175642727988917491012801873965216073584
99 0.03972664856768395414442983895530291462403748691840214185302759148235405276086727136815582369172724106665024006
100 0.04200583629866653781927025076011575537649332243813785021934407670635212437432421705093211845231850066743206192
