4 0.670106499407766517921991532550824660406755400860869352229416538986742752536300026143094029106787147559200439
5 -0.178883946194239693277940109512216077689454599366854667956128716750638565678754364764813490395360935311719631
6 -0.0647563234808098743699752095229015155928710472992570822146977728291919048135312450650025991243148942134849984
7 0.723732937450896061606939950463132168363407953271592434156967221465569703920634386471193026413128883656178897
8 0.0563306754831297794554691173131671226621381735526812721246303306885194012762488393446419063491463106046991064
9 -0.21249582830561796345090062563952236413400233700725373181610222643910339992105977438854646885950156708044635
10 -0.537396075820294787733171084065942494682220219344178027530011098649789681223009889003300782952140873051818501
11 -1.1406555603495085601448518136287008093326310909479453841055386906936350417462361445101206838878264641407868
12 0.557694748175258221178365115399046079513654998325169393613416903872840773763764339044810237373278017016056801
13 1.22832210236580580469087389497351241131794042844722328426323908092950320128657231039922161994328100271396582
14 0.707516312744981889205332328164797904444592135426821306230765125453813708469279838937267219702405944071771682
15 1.70667845973377485391489480885677897344641455072890941931442832869450436902393870257422780212101497816054143
16 1.28892194340688109288688748487120173190336712984100686692610268893008487463225570081720448478897147684760089
17 0.857337812520912364131920633988200812522067400013964812147363258267370997276351737340496433028994228451378429
18 0.751041415807020498780794969301620016775849493381258385380499675140853329249554165621052987329935742099957503
19 0.805576699287426596780248609613432637365543107332554124112453481008122976490174928263498933582793069686687812
20 0.863158416935755708937796971465744864005013583499908380725772399942323201288370387796971421578172432891953296
21 0.858558206744466945326980026116131923691258076965527681358265124984623936260256576528359208091988767744730497
22 0.785335675101716292361254772462820728262272059033855079536187845634118753346203402727947162476650645944818906
23 0.660127502707575504011371330195001953389223218027068011856957621804335138333295198132470080168974791316556595
24 0.503585664413984390508209455706314101621538992305047485226338474108073682719774349006178218565705279633524358
25 0.33302074015761978325840459776096853908384012771399432971495998159391510423820356591249480893305490149176953
26 0.160742889644125208591962443404460543249915649333999263226516995759270776416523940742304373854663508693053921
27 -0.00540731641838820045706612853832363994940002612866707844386286717900269349606001523153197009989907370476790427
28 -0.160955755840910134094324940467268908393443141502863639279931230642433767097787382209735584592631312880050225
29 -0.303741974632801008966629753946266313852202950778807114856746029377654326914169526450383452431178178025250604
30 -0.433095779836456330912140405925387627887709013419891148440677187211859149754433353436808353868181738531258286
31 -0.54925068533697520902646094351039342993416633774593210410149794445430957789299787317900061749689268800183225
32 -0.65294895274516453734822062156485813726514168402959698660404931904644318713003890707859163795285188142418925
33 -0.7451864293612622589103119915262954428953725775057986371124076030873791641141380382791927694709116610932756
34 -0.827053778846407941546349571703278593564887818179295262647917394636794425900734542462779520851502515629717875
35 -0.899641790335236151180835490943417890898406735813111675753899858793618499992846994791620757066864026309470421
36 -0.963988124656211320590854979534694261845826164591388471285709330425554217598192411304333305127386630697535585
37 -1.02105019975028219167283546107744591122241087652847476064780281093560429099233917663632307694539364107351578
38 -1.07169412964613739654649761079976732943703205764659560150887650770383358407296136519243701661849758908840573
39 -1.1166931919864989273436154000617034468750463886005546233925167083032863546223257778895160233668528005566018
40 -1.15673167337429409079822402307592968091459159070023313549921238719261187752493719176440474419358642574537705
41 -1.19241149865601773896740069953665467339914276224648167554380918487232459536422879845316211216632989670682746
42 -1.22426005788622690919714713781050298928985295154493878974668917200870930104240613781585158701070871639067872
43 -1.25273828932793822678758598434141432807224009167714410180740208509138364833342718717054390990535553692221018
44 -1.2782484842685946731227283794209710793985531039111756574363672519092814195604294889889169314592059022958917
45 -1.301141533272934823256800328199778901148431039851171473010021606244405768453630801094345026478139791216841
46 -1.32172348868073652292750200762793858160013612319130023846830639921907989674205901232231278044087343044912081
47 -1.34026141049388561568219348599464301110787992860002856841740781030370367125957813480512954693659703932969906
48 -1.35698851548047607935256923756169315277760323897744079247357096308245577276884355569612857221493058286307813
49 -1.37210867730107206689894772696240911753985963777569053275691128854744117397409523353053854605330640365898624
50 -1.38580033831186585635138680793998410758689665216964585402733000062058129557043083416790161415710449145077428
51 -1.39821989751851112775776349577522004469565405522346732832259589483379171953017438351001603919643508151699848
52 -1.40950463779166897727525877732507551337354792887145608863412771933553339307623010094378873458099229059854384
53 -1.41977525131235247796197176283581069405015601810697555389451810450913091067612948077442066001846094560902021
54 -1.42913801676616086849873532761000538251374846209812507004953618067208484130479039785398019012922432080853825
55 -1.43768667593367076678583744820050967897507795267092972836724999930809034882094775055007984824901165757290131
56 -1.44550405153917262047052990950980018209852778020295731004249959464467365170778432035221610530770924655932937
57 -1.45266344279751114662959842935422503641320270129449728466014634832546799002969377744556722414191373117174943
58 -1.45922983017106899065918450052870394059615555838357899458150377820028579020087942526894914435229622963341505
59 -1.4652609164614799518842359290318591461070128644946615152411260400755486577165140532744701513613420052991132
60 -1.47080802750886065343500378406704758230183685932018328397307585837591104438524494373086753374625743212477134
61 -1.47591689242321041475269141660664462604854239146851903772636404308938826544419584192685482511903587414689578
62 -1.48062832038283220098440890956454758456813453930531951477362542804921642056857683196768825855902999368604739
63 -1.48497878855302813770352826876024137553295363719920229656951783793508826191953012136348061000601733726206732
64 -1.48900095355489596376260402619148725174353320507022850285397827104971965097211276356356198760197471884830329
65 -1.49272409710161337991294524108692014275410481330716828651462604750561126239218731439547731790810010227546855
66 -1.49617451487514358082782878843457930227389502857277053599379459541215071457167918032943210329658327315275814
67 -1.4993758564015145310117115426467395948680581581419918951308874284736842043649031485705300598662340312668239
68 -1.5023494225641105430705617810120629588901500336375206794231457601796512479250985853091555492712334896232132
69 -1.50511442644261443942930208531549394268373322173493525771367777396456185191519735760994286344103057621865622
70 -1.50768822235526367484798901051221699799686932625306407690519984530680501738995498843070839932605600202151198
71 -1.51008650729246921406186621655928406464431055560945264806700115753575332962461694601945210589980000518986888
72 -1.5123234983423042656500689121682655363194762246297331069472828966229131796470236151596256608891209194133801
73 -1.51441208920736835781733324395163154836074176562886059897658582678782846033837442419530941702950705231544576
74 -1.51636398848490580898200740821923167092674002686798613534426259181490284311263171818910046961519370912499171
75 -1.51818984201666449291921276934224988312429349030187993835210485427821239750235356822420308271702301107158001
76 -1.51989934130239953037548737151570179087066627139608833226726191260661315675213709347136053059997673604572172
77 -1.52150131970319419551989939326081925155417218845547139538564980090614236380519882542858687812977755593470556
78 -1.52300383793115730360529506326651019592053870986213267150876200035986820616988295198645783852135402130842625
79 -1.52441426012487435234554536015338353113622840499507014243373026569430015863998785559378021729668585401702131
80 -1.5257393216404286547164286343187142356575735727372900110829490231898346439465283236495768651714957994844318
81 -1.52698518954179878026684501072205664020900219691303097631353803596710632566100736012504216286609810598149651
82 -1.52815751664853372114050538812403376164039301531399976880481034612193619859255140977324846060869645796645352
83 -1.52926148988988684825509154218586035929887276640082286643749801378669375535046785683066671465698495733972911
84 -1.53030187362057651227270791554327828455751970138376691342453875412202979105171649514104685971574993441054595
85 -1.53128304847193130325901882819783065746250777357589647911012772205234919977588051130943850351269198219581564
86 -1.53220904624158303991695889008476665389681175607260123879103382906869194144561516185983662348856419674427076
87 -1.53308358126356830978090808703569139092079515476256801961952898865370804995407419081980145618138979902610636
88 -1.53391007864739268055357753469312650492098838701239193288879297994892691364989597015182030847931372312304926
89 -1.53469169972819381490040129842661264653250113078947027019102952093854715651773962244106671842595865123284514
90 -1.53543136502966517363761877654352126418839565469939494142842938762136155610750818140600934520771656059725522
91 -1.5361317750060620374990531539928391747412247418155111445394295048933798112284627231967241253351416640997602
92 -1.53679542879871352100078024460334369317569800000104949217680252209630321857457610343685449019888027315585997
93 -1.53742464121541402172906836715034166553620043898492935319995579447783401658993073326894469874478133061304271
94 -1.53802155811735498462763014737550465737602614801268297618514155237761694789159597724211325102305464081472103
95 -1.53858817037744428603840597111455852937448270588326506010154455453891240503810529173681376060975487726747007
96 -1.53912632655556824925287601283211160877566188552007752862803570025415449811358873331478756652064783985210348
97 -1.53963774442025465480626570790943282515449198568359192682632556963183971965840272503991830591658274616435473
98 -1.54012402143201299220604469335578168688123917633982096181370970706218048084489023019043817310161698204116942
99 -1.54058664429111762447079828337750082238261733114619041454415385568128557546917607807205637454912858193247887
100 -1.541026997641550193090236657375364639408476520814135632753884057740280701136131322214263302952138855111907
