4 -0.67213157187248177238966495590618294339570596639705798411635296133802262348088048064982741205837074958900292
5 0.59069295462953559299023372619209681108743502521057159347289654651161204080390893710044922242152124532627849
6 0.14717097396547910859188259848561501823517859261630975297240767055994733260631938534559882043284713291349506
7 -1.0246614715308146106252891063786084244674906465736832712557866369964475528983423137383358390496961329773476
8 -0.39722708799705851888517811118097801595221119165108210753743966012972342235125821898965005248913329067482072
9 -0.24282522035168625967155106910611296233119981150922929904293332500945631682254985223007619530698078361520634
10 0.21737870760474231784868346612192478504411324116412175927964937107196004364652680241290960314648930012170948
11 0.097241257793767108240392669406117354719054880211599472856267974304917682725357171101349898722374510819018536
12 -1.2699717415686354944421174472164757510275938786954456749848049423312721872832535899806496533500773008640428
13 -0.54650272091866367433206818956126071745275100513572972195555771369626450655319152520704540587653248051482797
14 0.60192318549807705895006882291479258122591301028596874884450113404524075068312440216745294562775061953718149
15 -0.019400414808196190912641054476224877992201740551807376953819179570839476283904250054726679556703853690128484
16 0.79636163128846248155888349937890492641487292756246005026452971875037197896465823486348472751561332830420495
17 1.2938267887798656209428940286894737419925360295050389992780304533769983262537496911366582747293244903183229
18 1.3207712277332342188533240897510787933307292871942270908238036460884209041469857480833268552543610279284875
19 1.1824151895785791056660262511049222986104127849388246110222223997489077635941609804049953055088109470564967
20 1.0675334480772056573279175093664517672646000589673777907256630856055553623379050162083294506839303232790602
21 1.0289098850713813499526140876080608007768880630492921216427087050264532761532682825870419337695397761529255
22 1.0565075034547256728244743481907113633033878173098265100585787220995190783001324876090013533859021072422433
23 1.1243145757823847151484436914114138493274206164871362434343131586266508171455476338806897828221225011940138
24 1.2091308619328882123992771279878250025025685846252965081702907404929740517449544474543011238699226930817695
25 1.2951566951751938684243388118169674565074298654467932667151627468584340505425782960456125580832374334561402
26 1.373320742903268660365408241190135362341096146522873806595787996395060419214828570840448210631159660896054
27 1.4393427156457308689785077520425190300048545415903419645830298837394665850462119836761693835829840564921084
28 1.4919433730727760012550093831672331102452361164790890879774266819775320039459778447308539788865579794422224
29 1.5315400118803721359601285109122438359963170203799653650126450664318771100261588325622905703597656000448682
30 1.559397140894720729687105823634456431655975658069366035135396973182632990524468836724789373630957277808986
31 1.5771136598966645622485507524102702661756740039013988202200861186134997974060349059963716884787532614937907
32 1.5863337269435284306040751647609035962303658534138342007440289279047948108340855602030784003174966223177932
33 1.5885970874911958651253207296950982011228333050571196982778370317958828980035877034386593295836178764294391
34 1.5852721711745830003165243937695037958782909573401952554935758785692351002384392828137229430094105239167332
35 1.5775359702792927701694155371995197901070317190354113261679304270366690953371369035440121512727706956142309
36 1.5663787666935034700638305580497773492575383398279977230561461999041773080519508657129393565913180153406218
37 1.5526207914371369191954538842248228305953543646573250291572006486291669983190465206439647585249535123604476
38 1.5369334818975305344802661061501557292015503316694665716768978395104740764861440579178441370593129540568697
39 1.5198613625922348078325622686279760581178390035344459317108260994110411866950523376099904549073872342780275
40 1.5018425487593457917258435575371118559609897565913431631804454006292922446583921767195380255835561055753946
41 1.4832269991485033241105563436754847580393801138970732007590702715224411465761671058529890493126017701845733
42 1.4642922649549112964661978423336986864331790879125960492911077693731461107626281529554768982686846562693056
43 1.4452568049912254629857830869075664780136608208575740285081802703037585491399003213999524475836517295235944
44 1.4262910894769017094703555161773354064653727463126917054402830531934243437213548352727442096053867059274512
45 1.4075267717573496595004122904819791087688575755958710743538496289539478219038252690812754224052019022353195
46 1.3890642132556246753931101676495010449293101101736641959299797834767628600842512631431477576411497862141063
47 1.3709786276719422204714658074141344203905874963857075697021740676958143710280356373006227715357386899498816
48 1.3533250803681310875270574503814963082872791519399327642588533082280830249739644625594879713307390851716142
49 1.3361425459033531045514252604278409885670348863702217348124462101079197266095335683479417520692812207507794
50 1.3194571948924852207527573631215587006182874460961926496307918649168854788922366397829727511702642875373664
51 1.3032850526246007469506444925345391230942523613155363400181874966603010682161210397351575170089968142123465
52 1.2876341468810096480248670621252925975345074742486957162382667573365617963335548220202958014012275869145582
53 1.2725062411639818409599094808349627954290631033900876277762480661007985357117328477205334012113848150917941
54 1.2578982318080006071953701691910594273324037850443684235692967618875028001709064421048277160494001296006337
55 1.2438032727841577210428560385954151622162893515388579810046347528371736184060894234577095942625906398712962
56 1.2302116799832813161372390449320267346511577355212703076171764129998988101874850615021388176115761129045379
57 1.2171116569527833036655627715357306359773625127526117597374334076190273124966597853053729478722145099389956
58 1.2044898760873538730144851315072388769549301328831853030419367598626463282270014908629420103809480156595292
59 1.1923319428067606691443365633310027108055928860484800181156910063511700904679128057598387414972065852682248
60 1.1806227650180212542010832284381314861343300853006996045343849149663784421172763893890827371928003918842542
61 1.1693468459234870293752867100003558767281744540025845193863510734870222687650970231972928467331791382587594
62 1.1584885148110487754552446099558214305072844410069312680504490576123540051220656964758511761338434898991336
63 1.1480321076926386444183876551278937337074723848919762813813194022406448206635028231916639964725581691491394
64 1.1379621074164130780838099313492657858653418638738053252128605269466232218101303655535227906575916247182236
65 1.1282632510644029461879268168161594392022402498293420695499840464559933251381085030127006778943334399885731
66 1.1189206109785910688989795697358772661416527295540864400616212059850767693536404255348885838423554720204475
67 1.109919654567864329324444136300462204535636996938257376444924240327594659297690978875164938357539333342337
68 1.1012462870825471977940518869932004345367490905971854123368917528543278361847702680463736677950074573901398
69 1.0928868807591382691544322638163402624535071600495978249652481946768673172427947608800728048414401900438416
70 1.0848282931007166518537711432660610469866974337020795394009979763431568237749068026375745074207005886579263
71 1.0770578765402852472531583514860160951994979104754230565825832828364328644589394848811941003390556795567592
72 1.0695634813125215707743339941265021364186903132126274775484212951433161076857869592038704562514646119352243
73 1.0623334530158203081926983048290973549250389637357896079054627750708616919582227969189528446753162459556176
74 1.0553566260664440272099824568776626816745547565762553373659049573722759387205480913758375739654078935061786
75 1.0486223140181739045835790354314156988556555657803225333457629295901264623215950567196708229365808414940972
76 1.0421202975344609104714924033093590200578822707307390928556391768062825437314800249584243200063878488825109
77 1.035840810647933707858556720452819943412572921912219776305037244208748076110036560435750498593446192183569
78 1.029774525817906998446506504960027727549897688493793033895875411759106655886402467837792095354302920871178
79 1.0239125381951240250459752054220025667732175029577346224739592961438147714786962971927241315917363707878467
80 1.018246349420188735786748756797748695999905547427607867959990011963001335800622634200738911383590803293955
81 1.0127678512146012936981861300753610191840002561811461261740418078325418098583841977645600146421072192612101
82 1.0074693089682376037293184171003170384246905032016878779710989572356381801484633359596525774146229202573244
83 1.0023433454822509018876451128763140799674461856357288497888773051605089075806154085601464949516556477851327
84 0.99738292498987619726287633657578888340362493277345357255576278552697064746142899758725414414054102629088626
85 0.9925813375479775876729434443925153742353471957938414900543048812154952279259038332112538892269403076840972
86 0.98793218386815892483644127793816528245323348886321467128161591312256048075258784849292449746226034673885601
87 0.98342936063684776915094777500352366278891011288907197113664655908454479382297772672075898762619119927265323
88 0.97906704635813086509071572278296109987533520191573647720496154170209017915388219301566681350137567440611655
89 0.97483968774058504986423308832489233805077022815331608345408761666622252010748745202046981805160393972995868
90 0.97074198663935083340635876045624714457870661006690297319364938078659881582667429259458887120174006868549704
91 0.96676888755677677735388339782361068251586717431486443956055279151682410475680967956212155506891264600388502
92 0.96291556569874289431343730919154724511507496858062429252833665411347374531113540554790829062407588993142704
93 0.95917741557893929993671439423765849882808741606015274643973624605408248097094620559050365978022287322466722
94 0.95555004015967609888589222024569989137678728018653974469327817786367629151794486794321666319800762229350336
95 0.95202924051502110747401983511807452663851910382046635121356868727801214173818273973213487435716891396919446
96 0.94861100600002994305421754620883378516899446546185492927949621983766109365664843944782651185749851349760907
97 0.94529150490840539598962790969926947687852176416464263942822638753887427686440348070155841638594213472383015
98 0.9420670755999823185861798406796174095387681367420075591703542580954056748180023979211588420873081477329504
99 0.93893421807888387519509757915402851461778906492111706384054932008630737364123224616551897477235339896252891
100 0.93588958600295549077476044907985638797789081223691335759237375707552171729298662567939892095582474335833786
