4 0.05310242927570655012354411999398582026553979192409832595835073071565452173224339758249643087986981627746755
5 -0.008189797518250949573262043689656318793281625378309952732875248244072707706004827744501733124847851137012103
6 0.8168680058960200449442212629251906847093502387623149390342278374861980946214548385068733073654558603157236
7 0.8950665824124065200290719815245712745885872035775953436076936247845294825276248308988407532008552758574449
8 -0.5456422059923703847817674841928416407128299007950666720133207695824997966830621254286071375288156735001807
9 -0.2424870144993837094492863583858803662216044126174184139993883441232183527525382445078753898017022451781131
10 -0.5400341120349303540201064851755466921129601067976847911523980688102787021817619787309248351617729028858615
11 -0.3143083275170005951348385910548401200520747602583470292728754608030384198986174758915275885419011454106287
12 0.293727017248148289920347092855587396774695011315220446804906197222053491012279686766267838544947161349902
13 -0.8848574033285893236308647418282968476998007704336502535638037559591922740344162569710633139284673594154946
14 -1.366015924207912075962477113866228373172793306551646845535080502692295573835119258784035385642510822802376
15 -0.1486104996552542434611008744848700268997351392228027581231946127917147771663539295947906918547396379229363
16 -0.6246609610667256036257447302007514786965844360218691769874874326193563862548872442221101800801479763866963
17 -0.6268751922263647522246243600117355971667294981064873628253016743429883931327738890054950520274846479209293
18 -0.211429442288504005100083708254473415522607483679265776228692369461749306633295608949593253488840241760716
19 0.2235018569132766101722114492570994431712842020598060845659898747530225207517427017214380400960175340000083
20 0.5158423484891659908139204564255734336720618391748527505885359440246357857246123860772911037005465594432563
21 0.6637870393521468203935960377034657385686020764673073538066335389386637641123636825002527996570480871598978
22 0.7145644482960832036127072160116875129551430557137780810415671920264998626082401692972192327859067744245313
23 0.7140005640366083079471828642199567836082660884998144898272780122903874945591043794039376025460137285600061
24 0.6934771935032047210634915339983503646959269662280791471756393980333642131610222605193117845304638306772462
25 0.6709156941929304059889486253363383735779706212852403683194409364719884029367138362415177876285909434847521
26 0.654958993335156071662074252010990921746568423192734001192406582221854242217586818656291133406044164430288
27 0.6487248742018315809260234402653719470902901379011017666522569119894778784830320927993042833987334940289204
28 0.652391266463023979255453771314667614728966467999074158289497803857246978765985246842585886135911314670668
29 0.6647692803358709961146233621137646745931514348274704765177761381864977114947726150595703584497387338408906
30 0.684182282961965479163949071200298587433079876207039908058975744982446961909985515022145185343263069600622
31 0.708918103192912116023402419647211589193812612925820685864567544136746199526806459404591867977850757387835
32 0.7374362130929738749935571463497908746986223475210378813361364835942290002977667605197587244074841684914804
33 0.7684423072970816907137790540394489261531458187011013170993332543200879698741867485280009091685653396182698
34 0.800895806678120233139747776724752712896426040651646870573825638763188031614803545451945653982078920738362
35 0.8339867765985196325768740631290397868688954189078940488767055326733031927847938950515460296719671529319906
36 0.8671016745159815524792410534829200161214629120798686155228291723360262937946138423286891028316556424457863
37 0.899787668005591526821370927904512937236034558263721643398912469148172998195186424203564543884018399815318
38 0.931719965313768189496720003559436269009105464726209162132012124900870303969986235460303623033752481094888
39 0.9626738065701948154658660456033860288723173637437932171739497106003862765104775248736520058771739802754324
40 0.9925013667734193071712494033045461565815606917593165432544116044028895190166690793891641926079397228988445
41 1.021113182977144031631132613657122174063050045551768054574882744586225218727821301451934448022617633489752
42 1.048463477452632577410087011117782822784662072925122403459335279454168803413318090032477171384136149831429
43 1.074538706817065603469785391132934943031218136904632554939235275291798316212835440332435864217268100684542
44 1.099348716598118311781625069521444406343398158733553158204169245735033627038897817549261118904199797050879
45 1.122919965078912009394211742390671176971726463664624183183955368130900957979549950300298832539518299390455
46 1.145290371347955921253814582057316123466798451752333980427910656888064616256751251091273744758625367216873
47 1.166505427272078971314023409096829821785671389121104738426238318412100821282023388874544077868929847476583
48 1.186615286580720500628198090207949710816418509236439363977265715494336007060926700181248979450528511126187
49 1.205672605347140545783440302032755289335564155017852163580144172086884830821615279089502598200760707060674
50 1.223730957672075995999451906861920619044743753985604016690239369387460986448079219750761390044708841578122
51 1.240843689838673998371881411328332132070916925943550731019519051518834276875841940054523102972365055150647
52 1.257063107296360743573178095931533126769934470932372178530571648785367184956050514019537812210978109559715
53 1.272439913127420571718077744647054993346582416112915575386472054351646591817475686945199011288050417211109
54 1.28702283553075391410012282923423832692132239453599063563611259901560091930650159678176544630853628892358
55 1.300858396470793410267222809527831035982641622222738767911627554689422892159734515265866146686521453404456
56 1.313990784917696207279158004207857843045153495695231217560263764189478416530692582667583882692828798214532
57 1.326461806790623718166322713590982470503074176147198958211185850032098914287260659677693816533895399242056
58 1.338310890394456704028916606687019630810752983353622173298829879328071371405990410216904155207852406623267
59 1.349575131268992879760172363078496817633118719007906993561661170068809886564641080924702917592900649292694
60 1.360289364303837516932102340136925794997922674173557550138399862071792180407961391217364004399444856588575
61 1.370486253986787544908706664524836977645251781411131145536135151476961305872101228514079005724569173828065
62 1.380196395960755369082521685343256672970634790658909485167434667262237433509310228894576519590349006554374
63 1.389448424827706911897649698295385127449319586989120636849646656895704737397430359337223305622779379831898
64 1.398269124483568279304571565776290880469192247187995861270082786771657254181954924356390699099861525797817
65 1.406683538292415762518692356649005914459004507931742798967185128415998391266950951308527004656802894491139
66 1.41471507718597701304217427752004563908222077488483430111215038938701371244208827316617855233032184320392
67 1.422385624362815877908583082394194995351288571275599064009904076701792097551892408252481069689665544332753
68 1.429715635704611238981753826710134831551719745646681960932526367629304070158463268917761704319380842574979
69 1.43672423535857370728979250812656569593650799958986624717348343474000791321214061159830846702359418808842
70 1.443429306181365176916932865031468041667795143693859189889959565245033562327223578709673114789345841115664
71 1.449847574920979980778014034162060612519536050242718849994597025268314477920347868297207292130416966009187
72 1.455994692144375170855325228750593428955971706565772221935528858578121244961189335421042768098180231656792
73 1.46188530701210457448548373406969435848075236143946200849088706782275728387539438091670221219991453317495
74 1.467533137065977940182049680663283169364760429047023263964097755819360314368604295706448933554639486207362
75 1.472951033238879947621589822989941129115094750448510880996449556966504420687679900473477054850030593825984
76 1.478151040322760862904442682007372243266820547639446399302730540183822976309916827676980097265889663016875
77 1.483144453145609684079110183374305068877888048588451391253193187874134018858494490694681964874334602745047
78 1.487941868714128987529937792630177127715779615308950096023726806225675351011674081125844508537530783413105
79 1.492553234578285723206047217410504342231631487135815210700284948223148532541980485584341632962108930090931
80 1.496987893668772359484862494028420903702931622408737394068113421869979754149975065398811317622065482018131
81 1.501254625850089663958384586888680298518216962324584416198341095345032635304048096737233894064746565911222
82 1.505361686421522966754092449818667150103683494874553677068382088748746390614110736569063173756619463569748
83 1.509316841786529294035689182715014593057923430369202727627064512319227492845396532100704661066330639853546
84 1.513127402498580134023641836151353170305195617758673158837073357428369833582252411073959156098007433118914
85 1.516800253878753581539377350494449224884083873447442794661680893287332910846780454162126364937286560316668
86 1.520341884387659584479268610741480329167692248592633777869306718510040852243986744625720271218141209304644
87 1.523758411921840387699969955980067891435980346935948811116421228019050016348462599188167993418673139930853
88 1.527055608192772440372198868866752631006615507889008556075443408035620898513887291319900580041528110517667
89 1.530238921335110414568283394151297175982216909599358473372330663438041852564728196530798512118000688626515
90 1.533313496879923136762640613790044173397800275494217349318950062519595927097004987998331456932386957701172
91 1.53628419721841000695651900640778847084349546064748358014308082693251304232090903788971801755235937638575
92 1.539155619671967810715665356182304552359554797644586726705529459370122172178304690012651964630996706558005
93 1.541932113275498742216698069754961579191336347810201274531618206473442103980739984315429814415036820203596
94 1.544617794372496651022097748419237176173825965066251488417714267323699475641999971000414388355583477876904
95 1.547216561112697873686984545123174911914055010839497914792856339171580919441500388480621404996586074123939
96 1.549732106935908209092935428195355599314479414991547986190183091687559231627124163819597035089520912120566
97 1.552167933118988159050413590901217491299816137723204886474535162880273790182299682905025460306052122783728
98 1.554527360456862307902081209550336352825403372357584199066294778243747109456410296490321189936669644999592
99 1.556813540142782889097742948832486667145148532282825289583937593803074816520831985218044475722260500352755
100 1.559029463907889621148709625822214760406599000337398683300969020676624934342849870367101009289751241953527
