4 1.028500885902682774853397265782677066568865486960253659544836973348965212553801525734217618336106251899
5 -1.24143723804267452462988850598482836519325802887249379720879843961271434289468194940146520607152395881625
6 0.400825278430591219213610926240541680675411619361615616566314139836987652459214112461075049052096196183336
7 -0.247164869188645140081384431512014383328009717096661361546919536164129145044428558306357738410224333794253
8 0.419382705954060532827660643255507405698388344310040338575306785435072675376919534801987283450018752096019
9 -0.161316333078203676637772621724005051012842293537399681656841559525475285693044455347742175156389506586132
10 -0.0727593985778364736839270719355912159235957224442859635195979835326528148396144797644041194847573437660196
11 -0.0369153305158568741422761137758837358460911970930322057692236304189126947014218141850279930082635026199511
12 -0.265062061431099236624463458907193675294200977912626023062931969521380933696079546366228617599229789670354
13 0.503462228338601349712317191075252197080741547756756743693515903973340786836598526327594446889009547655134
14 0.121429556085225686077719379191236769148046158293984464945273103370025634434015966213335211867556043543896
15 -1.26614017647410819223885497637435639523651883738351173962043957495082281220131923628694845226923598649024
16 -0.57395043933439568380720075407292837540225213569846849277519555535412874780456694372828306329831647070422
17 -0.524589085093729563376900463747504555976106174469963863621447574100302147246142416141153214086758674447928
18 -0.836757023661295271967132839314938381847977336965627900124954798739341887010227686116061750965699611016493
19 -1.05810389357456791215173096714977638328317202472274195381822782200620432060696407484692502382626731507136
20 -1.0850732544676313767040426682084961029930489477251076309290546221224948918890930756673444632434414345071
21 -0.973413751220622047899801925921393478893105498349979048342744837206367058809411976592607066335701544635359
22 -0.799106290656803480959241239255860900822674117699572046892691865294621937274420250745255689417571929658367
23 -0.614952165412932762537762462488677699335484500704610523377413365254905909875874819553258345727245848096696
24 -0.448563313118831524938456808839662726884617505940492269964942997645040834828633538008319357979042353948834
25 -0.310537347405011512131013718106877151968901385092162162539459583555234000909585543368590878309465213634166
26 -0.202128953340403390552406399247588784684293167521202740135158023186320236513530211427719398917363490319911
27 -0.12029536267324830429428297532983950402012366940384595438599203918332644843097095303218578406594325203564
28 -0.0605222925636966860104147201102437639278029058174168332642604255534570878993367125285775412879056335446138
29 -0.0182245913505173329424524330547794932656402028781622837008502380705468235416427853983964818133127794457345
30 0.0106576719904379654919969451586571870126693752170111380000749549586621444606903240163436824462716931811801
31 0.0294773984493910800256037825601026850425772456336113580411607624448352900373980080002593537927968174133595
32 0.0408921623323347232217426420670504901680198114870986296148253600819673134607833846421339156790606074523011
33 0.0469532743484156410554099506383602144779121650484345424773560280002641252021366224645978805642707322997439
34 0.0492151790223584284457049022208337782978663736158836946882584538405457518190155875044355475349824194183857
35 0.0488396703362228895907844462891227573237159998585064192381917970378140261416012883972692266563929656622508
36 0.0466853462800078180082692284827217933891870882374077286672564632269850368885294129476900727884128054980607
37 0.0433802967690460799354628660267991929320368034265598706626692509632354148579783190678800203490652246324384
38 0.0393792823004743864806709902718920100270631802500343341917815546457530318750806223980369110570456060011542
39 0.0350077989636113585104408712288714250256194802268273546122159956726700696799191729108102349553111906005147
40 0.030495580181882005987255837688963858670153084831321940430097232253805483084118371380690217736720694517497
41 0.0260018327675915132622774047214230044688916923651058638481016313073365980497216069207931570705388734896457
42 0.0216341228295615511363241971432324215995265196203908415139721648313185306034782686959167492853247427745129
43 0.0174624414711110536407566221637503664146579796618340439634749492569674532614313274966762733451103622980308
44 0.0135296408828597763793417505718287516159535583019467983149765115089535172233691677604537063039394329608525
45 0.00985915217313189953480411113566438350387336458532271306860325907793616298782047783221599294232635640865262
46 0.00646067503565080467905339017959873442638136402892402952771149685939419270848098878317479901437916534809551
47 0.00333435812218662229212080564919077388494709783702731856895550956573246800390494909854005776075514047044746
48 0.00047385842748187948421162735139908995847192511899636017368405961542409881822616999599581728654959445225041
49 -0.0021314305903404025116875317442545549771613701948221024968416364059040308994052564690327060699746351281542
50 -0.00449476639827944496611429958407915669869312590626685664176399327301811580325360488830630720392073066167166
51 -0.00663089980209345101673685600585439184390782163308740662747062690166490592670421848576445175135517336380979
52 -0.00855525309901884741560927488104907313236226976020574986242942116492876005514091360443736728303972802481393
53 -0.0102833453468954061121488227658583733990845135942530652258317817891356921970143481020793042125957763334071
54 -0.0118303989339843783858870141288553939089036332216524783721911880686396285105056697467707009453095954414519
55 -0.0132110785940250586513341183433588480415715345496385719828386605096766521484128180079361956647860631683783
56 -0.0144393266250238569453233944184758059836611944467127571695537876147635431190082224843174345992340558702134
57 -0.0155282674544516630889037354557901669757689129477618205930363214561970791476592348212009596630985537051766
58 -0.0164901616773011206743935734533219897273421036641770602933773719941404203127646384053659785725581831454602
59 -0.0173363948923446971303160065567824210230801374040731959746521083978327203465588057410619775407061593768147
60 -0.0180774905326872385110442346692227259319584366774090570196900403258139848788284280649415863579242791750856
61 -0.0187231387683821391231762710865003624544958539639408595111649353980168372527154379768337661900673944815385
62 -0.0192822357033543027632245875481554099710594499673110692150033456580273308207207271937800760100119552797389
63 -0.0197629286834366856801760173680425965258459241475647441139431904272092803116579112097105670019219513699014
64 -0.0201726647164020368749042026357524884626130295675189146672208658728573487054047751969360015356250115456037
65 -0.0205182398823679854292122863676121190925650401412564856203434562315827596889920461024201229044280993981999
66 -0.0208058482614091270328079672296732042156388517292649203408242120610337685731317146582538463319202071908748
67 -0.0210411293825492913810091026784846207103457769165244291864208481321158310220707140455884363902122832137472
68 -0.0212292135478509215713599906683440047063706474826168066477837654175888939859824856182291030519780282962477
69 -0.0213747646394949087191064682113087154131385916144288094239315213500994667829095736569125645913888851722704
70 -0.0214820202008473054270044626722420263857811528582607322865028368763321136007597077839434834549290481164156
71 -0.0215548287127493524151661319359950443660529691862673463354970747358839283653764498626822803747347588469951
72 -0.0215966840772983194978599273059205379145513187573265668214607210582120209390159282286271738161852483849154
73 -0.0216107573834465827512656219483893279831931716608771033572894649204371113060107077173685930262789345809422
74 -0.0215999260695084409027481171186488465207264275784314603601469144828294343838258776822907818650625408904052
75 -0.021566800622874866131043935628777876832953641257729044846049994557274177784606194340581139747516723906608
76 -0.0215137489711933053087844891873614130814728485649852575909786572224892657380444169413004391587634447211725
77 -0.0214429187251804641373253176136978852716025963496581803698956670285761553374745180796465208629027918595198
78 -0.021356257433488227792513280060195712846030719957394829363753118314250358842111131504869707824594594740878
79 -0.0212555310064069114875628935862043381846709731451217895228137096357630025594312691498976984721970871961866
80 -0.0211423404589722073415758998712690036408477975191864931747412232681489164227519916104359056431623755455708
81 -0.0210181371162000884360825632738988782549014250898517467453860733142347336645656622456110801193169397071949
82 -0.0208842364144034677358775203525027169784559623392106076171774378344838383402437656184087176843487792870897
83 -0.0207418304233455624737619819661251238173100723105580627390327210964774479017856074896270559107014321649471
84 -0.020591999204711330131664413181061451580893860670791979931140285222179036024196176908412609449066063600163
85 -0.0204357211132747964043030546676037029754778157924650360797745137640537472382844867598613279110417351434709
86 -0.0202738821383707549247204221804917823223750797718137879135898894266688988124470558635604381406206821022836
87 -0.0201072843749490417447178156231946605670414583724378505083248117005372008538594522019686701586912460907995
88 -0.0199366537056599590132459694424226056758778533198777324407069755361825516736701842188177280261448377001348
89 -0.0197626467681207955416428887824734463153029555070511028427135737720048834047418652996800360554547789442837
90 -0.0195858572747539110852105241014434750823127504664879383440932142085365787485530045214196183437704221900136
91 -0.0194068217463591839931351447400843799170477483942871172028995693017531887105566725337782591711520740960163
92 -0.0192260247148699614087300544208656877500045654309442752114278269580111231881965371035199169915963475526942
93 -0.0190439034455174082157298726681123508647683602012920550282446959093351258428378898544117373976852051438977
94 -0.0188608522238646583423887894226137843681720655067090230535984054194567637723532798976983008116238613081923
95 -0.0186772262488386449611409622293316340312487474216493877594766261563174795725078750681236073719926601914938
96 -0.018493345168952422728837579736352299301256647567583201859541385735903155341734345941999771549268797537542
97 -0.0183094962953429590462461200828413915949784592030913865704337544293051965255067524212548148838071459395094
98 -0.0181259375220184617392753728457726107286529934571767366135995555415184148856633804775548950913262419240599
99 -0.0179428999807864022192298208142068512828595229824447519567684844155658480740642274092760747552339658392487
100 -0.0177605904556912056716873451458459293311036792661881477645424353856842009580655420133823776051094961691213
