4 -1.298284598871894020766143693072684614686446841229636458787460956852142209016595100495659509475158058226883748925522965920230615355597975717651427902
5 -0.3957942276508215563870983548556790506644792697171749528050783785434638835577883316509084754450638907944647388281140534717156812182476983906139499526
6 0.03955270728741408327543406908897261266366255009262844052287565056672356981122886605468731634120975449580431153585735301500450560019950343984437218367
7 0.2725183775427124220077123784204433201423192680857053526902139821741060113695166589287254714011244738166032898038429815544434132973034574856133991786
8 0.4397199285975451343968784215681362953029805090297204479223556706638463856758505231945588380310077041304553018726666601095852857135393824126938264457
9 0.5762571389530372533441877065520597728137516215349750673402479865146393629588670721927758908626832291398518069213769213075831975628791096904373036995
10 0.6926131304444487444592212982270369192869296815596017704680560360725088168773557982983346018757650409161425305966331609750871289527759073623138328157
11 0.7929341910206092882260555430711900141493272874553573181937734199389286075834864113065216667867837737726798083033994328624942601169781286171902044758
12 0.8795896469585040979062662752236471442673815880558135826687977059783023838396531363536221795147100358446936902203473533310128389081336037459437079786
13 0.9544080131135243110033948228347888182681090787766982343433143651954129152828035494497375186416472135537071112864023480162860384698570589765402521879
14 1.018995056376990027941675120168589969927163986283405153483025179568681634747105003726085491877485514100078202537186753209779652263465169263751425876
15 1.07479417700576431208351772509859910003041036247353102421610442603053255413691568854413316734400181118555499458017177909774292109904220435234049297
16 1.123087220286456728144153113896153521381707539140895126541805750713408228934420477407277717240592759312104187994354447689748239268575594680106611316
17 1.164992137138087609060443447180462850080081261613487967430769661965435430295603173711966260347047958761149803985268294505971536782089773654012029595
18 1.201469028875067623046223539587456308310139256819152543973535275013088751294718778867619860227611256664549547627051342485471745099253998691835112191
19 1.233333355925976305619977212043010088426960075834975071284193272992022296288494432238554791573629645915033196413041911704862834471255986331399151052
20 1.261272814685505699075307238508578545622400714866127081050407792319987489805988387928334101993797887337138294396880797288641468075528169730583086595
21 1.285865046825710521501388921141252646427454340910122557590245446535775826637044416143283119917794039586810837353015969506819019555544944743137199027
22 1.307594455269282898115391951565935879991198295234412233697928696557560463831862658648110786751042396968225734285031522566187430491811871795510949603
23 1.326867279896972894059801137007030237153796313470696381402966591428092973795422381528106748316952396211353872844881249551859876845493283311671410389
24 1.34402464657168398073201795411583153788488021690513945632996863670828683635673818547755368609258701478904528473702308178650222629496105905629111738
25 1.359353615795172865848455824202810163236149562366516798532279734777761580278604692374213349127428150664930102370575279051071405613268488400958591521
26 1.373096409115501821023651158564840284195491823857965387606700888682333099643956294015412291455972986471153857374517779936676803757105863532893711929
27 1.38545804887776743165640966498888348716791336954591638841636759792599614585722782245769529551171403186034914048865057770435187258244317592457951664
28 1.39661265363589699877093919719065859878813882452463465070123388721934087024254307310778113709463949033748840770218254716992587271173155031678861569
29 1.406708613677360556241086764830619219305467322137962570463630382721293604193108322367795986057586894567042596310867870147462268476115197099225106992
30 1.415872843390139451306081975679417301819557605658346269290897439415223674834849992158019509726920430355576670366127206640814878149866548256756508289
31 1.424214277413748147878685896295224218095373576107299056985032896350019714853800244604994863777577340902173911962169042834989449471640387191605670563
32 1.431826749447740095646723948538440455352494837624348635109746118863669586834461117546798980780747405987428922890590282304441233169532071988410924118
33 1.43879136781516606154920081517161953060818763298052569469377088340011502214701853394985228067139367350413820880069011103702110042264588324741249603
34 1.445178480808464566996934875471694999194860598828011827883415807097895197633058766496670639171647072407572796104596897302841648606746456558893634271
35 1.451049307329173470829393045347831499396837086660390984604701499952363621029426229454269642048943280087714635589795770831203963525611591085776459535
36 1.456457293977062764038066174018483431757652502265939135416704701515111898201296268513814715205020474692584812813247443758649769967021468511759658978
37 1.461449248083130593093554784818558350602675791867592695689184493923654583176956310632132703983124421245019765369704128866704319921400545889796107327
38 1.466066286759719924212182024528256744530163018273975980697939296485071524293569970964507324273472612350200458714974173629994699496389034542029619899
39 1.470344634452391037824503503860386417952990371035167151637249128694357341844321072316270287030564354340074438461909418392294391294730552610782855299
40 1.474316295373711345857136830720527279264159467813997110361902174635964724449628371908846813937251005718289094453784631629032195999701137496309137263
41 1.47800962228905955534702501064589554337794058368716900250710160587761743284708208672463999959770552702295147082152448563458578021283908215435004808
42 1.481449799172140501102908888332319962918147119693076266100335768666286987213104938508292469034751305452773043969054907928784223662045175301500550267
43 1.484659252061892554502307893671077207571773465216066349174506067040396099497696585695149543823917145384427092221257481073032070609601518586384594819
44 1.487657999879403396564284745886677597545645810746030064467039987389036500980094858827155462278201335045772840361740474850662945715976639611071791212
45 1.490463954880787550300329090509235046456204413623330428613344214683154582134008012137673257891208389216674281418305313968474101467613841507624260349
46 1.493093180732088656535547029752830373919270924687076122793256772751243773884518987394293650010643928754906376846337323429012669498354609880695514754
47 1.495560114817449681839183637787052721648632636283842842250639894897089790749654083498048754287877326594927914256813296151837326730035695958806087917
48 1.497877760270208098429015011260928777061433878290244053985100932113792596195265288559974129450738914073780114257948741786466072074689059812026998205
49 1.500057852298974057491250340197545707525114528955294690462993842403921841415308681705653608662717702687279124698507687215547608681531799706186394905
50 1.502111002627868389769208411933882855857733320990069718487385965493182563895369992573043900764780036427946495427553620646770307752943105194006949376
51 1.50404682525056768740363846030434988123014627709370079187141430655809691275670100125702728250399640585128834911082743934813366704221010342415134142
52 1.505874046186522039887175498567519654956977112270210130988192429773850085970863527125779056789753285448544751048284094673455161407337311067549758593
53 1.507600599504540879002499228563440056147475809599165227690771143403544909680549326254288635426729995363479942210662583548081071436851651602595336944
54 1.509233711527693214354399234300325161307529543415374151828222990715555885983461047095098302159389217640377717670464787343757636440200831411738604429
55 1.510779974841089433896535520871024613162350152414478496955617992715674231237296979925095097325261670157085561297589582547724340501483152929434238607
56 1.512245413480055385045801208358781804969237230243417706449652855610801498788497278365610213659336822996841468153579577861565347033523732159188478499
57 1.513635540471928778818736276093564840514329931777405397677818510133530955935439432514025255700442693566219164822018447763202338405401409592672442122
58 1.514955408733258656478073362596308577972665423602752018773957869188562499905710780550154407161720434459837457031690515478723780734835886225658834325
59 1.51620965617991303251437175461386126638502293209275768853501294060519137761999886961895623094724607652818910818980124360409017649287684741331608527
60 1.517402545785876007471811633537767373879015353276012355287916422113388384351177757133615447414727055632612416694892557760033898258518883641393116189
61 1.518538001223557751729818608610603393737526061084412869341354696678601630542885825752174599689332563478938352806204533689586321438109365938101319779
62 1.519619638631139396185568975978521476597611756077714915621732139721171017945623980422121437768507202318298070581756135117507478675678895550375097466
63 1.520650794978269457577988885925831403172989573277949490040883135524353223829320839910529518924974498832347354238800122507513494757755541191856590111
64 1.521634553438204840606833708190575066746563235578466765543095727597960704143865655912100244730709051591358425913278827537110914588221687733210620997
65 1.522573766120497653815581846422432052459282324459189975175065637353315138839242735396062750911640527252953261564463932632781235822127774186851815483
66 1.523471074472116714672085304439961364616105261136869412864575756572632061705716958763735793871772502760348401911658283476065529551575819942083280433
67 1.524328927615251412587369829955436808869394777495392523124082609467307198296634718299949730677163006821356918301927978730773091182633442289754497896
68 1.525149598855967826900591215302826624471319142982771107176855693013465778419199415708874536900757268884238994918268371084167122322434743896582953
69 1.525935200568530189006229689565290929501883495224437535570586234181008664121973587952416444885813754584211410778363731079779127183556279338254997983
70 1.526687697634858947069974426268579941434260387893061094987139819816004171060101400925664991829515288514767376449212725445358620588875890409143799117
71 1.527408919596676852250235559459259646158399437640152275177306787754764953514306514684660025895215035234037742126614715999542491071438304793131991782
72 1.528100571658897432502932795890426847024930509964519572925005273179908551435369240868990080759282516748881909691694472386830431419104695957642029587
73 1.528764244666314763069232880256543725480994040452862060186703289763679806277538163871949194074982493888476748416882294850938849363367091830289515645
74 1.529401424161303437533067193997950165434524877993620156064554207924484705479032296294197474322839779561727995276635839728971709674570847373576562245
75 1.530013498617731303685374824679659561886886555943628272762486430211551343402333151808657727690070296760812570578391910317856153455290605884523897243
76 1.530601766935368594593375760943476166748393755196014502207065604550580229831533743272617629305208306177992693945370513309188191304187567443144860757
77 1.531167445269527510448402367917462063814365565699389164270584856916363817208252643049129459767178782871443876678645181069932621617377293034735937452
78 1.531711673262300187038323900052734322991262384434053003827370788462524980275541076937365944477857844462764966060340303109134559437683885561565509342
79 1.532235519734421511835588950593811273442261663219030246175501372447294997565115818974869996320328541950715013683939128680954888398617032821201577115
80 1.532739987890330493057975070731724156712040362794832633437957745575415595273262384652026320039285909209153145411675834115163605787923365081851120407
81 1.53322602008332329327138519170807599910574409502629437796555189029307250406485347119168800793893154555997142796677713245857667352624765148455459125
82 1.533694502182682474402431358113325037410685265794870487414505388168460079665096802737191571487381675783207775871142692367672834656089389328981081055
83 1.534146267580244287925005864797252003271239238376791734228770154083558992032018116113049972196409040303794181210408170756197622473434100661619758551
84 1.534582100869954684636002106936758395332446958629350797597727847474989755345000076908537292477085159828402312520687480907179585624154491423348330572
85 1.535002741230500946505091251111051079255564379204491005281852159900636980308229587539403130450500483610554503883419622188172639878408117238102815274
86 1.535408885538033948570551444862414005123737880087632015531360737624382647182225942702093670713023110670788501244210532849824079462494439506578494469
87 1.53580119123326794088915718812452523039104465632997265046071689330414259697710099947496132978749022230436790330766769642640492083744225262603748252
88 1.536180278964818650969620241787716255413855942113480758123130234588384286461706148881583616676770388904906062828947125238147314420223161573934916001
89 1.5365467350284801539934990210722101634320745106410914718149642351478592318337981061531063227708729277544483090596562621734051664238348072419059039
90 1.536901113620214743648297597782803593179640514820854142037528198295032951790994971330427092341447673200378709939544669975314222789690834203864424066
91 1.537243938918910407866927471964851672761680047424314884047344133697426267945183280626995344216888208164990320924569893369218496302477492798224458104
92 1.537575707013423409931661169152049824540017143973821160866995545126353656451166652036624865672218276697744070212290975732881268848644765514708322457
93 1.537896887687047853325920222010016331049634268497909585396222789626384443420110395315563378000144313266600802204446439877596591826999709067709292569
94 1.538207926071321538822436933159446957342730348352894304977832738101774388701583066846681228025930148067233363616474243265612870933111832004766433966
95 1.53850924417997174115410503377116658287175553559679294590152602557137452914125807207413288342380470641757603094506054404349769858613140775606325216
96 1.538801242332811544805802971259652064722707430413156873553786000381409866634805303973182998359787173444057409648679015706085767880903148256081175826
97 1.539084300478504600158352006672795395404857075272079122640549150429942129971808303688012709953183229496317718626054186544184259295304829306478373084
98 1.539358779424312599280462376045446340006412191910925916590578642619161996226179814067510397729386762678005041416187570042613448770428931547850019503
99 1.539625021980215732123973066547200349407357556458839637827969065269875820898949758726135972340792823200099752991688885736806220322458367154092710437
100 1.539883354024143311275286810842439946618836540740749218079608877501348740774023924070089321357748888522207032766268914072382011804149543332376004753
