4 0.823096414241837835348027143714696116022632537694681075721171036493806013450286289183014312968160523023536547871081033715475244761221114591483538802
5 0.061191765421623646485953841903918891379994950906137396912540100530847084881546959228107474324076343878415066110798505077103450258229399965853456019
6 0.153359041701110206263041107087682345176115110644110625713432605216972301810675428925954500897725702006669907571709218134886717086094791144447541729
7 0.207916656188531222259966261108699721985328890453370563832870066700442900525012480937516206310648424001871463118926321125287384270177092003452069109
8 0.230789672964341025216037049585143526638419528200329535595729022414206461910341762271231509171432298204017930719179128030131209254122472952715505806
9 0.236609642205298238216773077580939835632801507134761623012728247334369940846691987172833069427971295840928447919574437246245524627334027444574827035
10 0.23274532150336576527553699148880792500056215081077067032757868848095702173481343453827057025087123176752666527339738212685166166546074658023386589
11 0.223358145782198917913281712916355505763032464868901844418016080228363445690399269400582102996175033332396262973172960946591019718552048603710038676
12 0.211018590166055869368797565167869978599464263915339776904902481816655492015527711823466034695625020498693811977509181214647136825664805818092998712
13 0.197355646924894346193007489917612079248644294050895563048237543164106414131628491524669930072524032633277192375275639310130177086714550959763210865
14 0.183388717382435177872271046642497493325010667569243587948466479924816817000636823485800565235101197706860073003292012946877478893324752645490310386
15 0.169733140360050121481399718389397273526884746726245702986299621433919465102457213764375308256737522957757748384454523074216501497407814460842523789
16 0.156738460167224446819216430766894360330632344918491637366766017315556541965236013448788081482593131124271130625142609156306264984209604090331395119
17 0.144582831957932634893384611848721498031474190956923007511362957056119730842695728086203160244574188277441955432705733394395163331629554523871226065
18 0.133336750152256767324132764157952743293648714833855413900642785141396871790589887946046241103513063665939902206095317411109284996591965272729482787
19 0.123005290844846132242678407956627687039204934636787368612930112914000919229117930580285980822129164274227919097660431845859827298734057346393881654
20 0.113555586720323261441556680523979380472765168244693851559366035253161656022530791406983958618964465742313307272364484731277005029900705750358219009
21 0.104934361434688256617261578243215564759707167185413210486908778555091299089282928747827399421325405431466407204693275426979652268708065861824188828
22 0.0970788921010285811771879919494848315541415342162947961894762842402912310832719902321400621595611537780322809297337434448530316455835870069659717254
23 0.0899236916633480032623909558270859173320480788756610043345529577617215281146115075168599412662490373789148597778655222308716027725348975873402691101
24 0.0834044403345895428734502227412121931936592408078439377797328644399275728672203908091303723806443857151410649071585588370079188496808922358462398716
25 0.0774601719288609797556636974941805274404442231519266661874917674718209617149105383388848925800339550050859371874192601308765057763572571763064748222
26 0.0720343695850659932292891902462268526756899937685204388135583466301835542174368533195023611321492391529812802484923040854870551868816016229116949282
27 0.0670753930393836763022119710721914491546276934954326253259781430802190785588181814783338491869636764636146816247198266573476141888562235954159809179
28 0.0625365075214569649784706072490170741586757183914856938853289226019353619037191308591198095994358905552484640323975311909198894390959885469673516165
29 0.0583756855135190119042717967374372191991755713606140934152414279784754138111791142467200380933260223039999983248640145737256777821983875363657242209
30 0.0545552887305879134164644078078679782460927607995319875245671813543662468972541371401724446139612607843522486518399432782566475363880561000325271706
31 0.0510416965902873074748121956979072301737223296411941888212690482278255004360673695582701468773485402445578995024778064977041807225047301547144870578
32 0.0478049211473552633885819323261915336762894476025692745112323804557842256050275448035274500973311008454675629611254608667442408256036558745325991635
33 0.0448182317510003049984025475419707131218464985060440067466838640861940846870829986784227047818838628654757993032362425395353252484710214148629757911
34 0.0420578021493787016389030700302126142247954596112940605195143433395401188731974742308186719056171829357266654178569739092253934345367812896125326748
35 0.0395023862131023800981685391118508993397620513683635783122092033509899336176488409517170429184883378221950290820596284635897300120111475782393662689
36 0.0371330244523913892586276397079930882507952836553314444363206688558214066354365560257108503493686688946653763743156464304881498464301544938937224523
37 0.0349327811367235675166902666986962857845492811690774144248738425548976009966629138133229485931256337222588810942076770593132901906106511131608125595
38 0.0328865104941988958078387856558240114258884584805903162045274250676837514540250155560016626221477851558806820313412532260988008317408870662899548525
39 0.0309806497844310667098867811492802569723015609580035237876460949787667853275735754816537723888312812470221625992706756191400780705915778053464343593
40 0.0292030367549457855355698102612450334001763001011090566771079623660561359177110529745323167595034590446727769215074816347109977305915613898306061996
41 0.0275427489472243020938987950393472938596875742426665971517591006685363083997000955809547055422763122532612579887581029672381566773095037376868390464
42 0.0259899624129189487898168431481495266488266276085700597562774162031048851801887539991908777770620169759584457581255585085485165279190702895994152684
43 0.0245358275691203794998567217102747811715913324510106725919096642089609993024562373285239946018715682927034251220946800640969898742723170022668613873
44 0.0231723601238832940220988478778512598336487001658980254624214088460611599254384962385205591516863281246308196128665969443332403194478282359074739941
45 0.0218923452151880082190118872013032102573987194582828038894939850324217303940134110851696985713294779439221326021930883549146597606365407884673876709
46 0.0206892531138444859263993911258787916389800692991925989298358909578733035325154886936385565483645162534543296569039934752754180892452337723685435541
47 0.0195571650356374639132139917482703679144497881421190822087856139048631541512366414789610701072895908194079251306547194058346998886476259320902538744
48 0.01849070778638043860596373407065303749424504665998416314661675166054220736321757911799139336070446514615641367477279835534929480743450171972313029
49 0.0174849961240747682647807146161737900825702023154474784506510030742470976492881882160188616523057621367788301884432543268231382219624016618058858147
50 0.0165355818651129006751379172589380241233501139806160716056905087319806129421763337224731228589045097491602369373899512748826121377519799347305635847
51 0.0156384088873123099442267825672582556475213496361920523263296187346116010953791361502966946338576127650146826637836045275058706835759864090406856462
52 0.0147897732928422079535361959209447489678408661051855429028307310256360718730998622243432317307134736323109756175347108345694788300177032280146811425
53 0.0139862880903135437631602101968235493164349981966358862779941349823620188585667151458598021053137982892097242696800126261211738244928506827322986809
54 0.013224851838979588018890391767922983365071310692487800888390762696653644513615543294655218670184103005871187853712980440474673028014899228764770476
55 0.0125026207706172691846803275048094165063191372697749582269768789533066566927432528392657986820034349581059886635420611668269278565331445478346965997
56 0.0118169839676011905549730778966875536004827907290949322352744102873940015696600576335339511562310925420469510994404162958389253975610620149877714386
57 0.0111655412301889279036934978115625869303004670282388818002682519659286595344792158654065836427747408231319050411462158615635744582074735564986920808
58 0.0105460833132207776804328465477058994597900216609583506945217959655743813897711422952607503486048186311926226022097202894065980765509923057002520208
59 0.00995657425328254138381544122176467805471952239083879280933628598813325795370961829031707928657320239892802974355241868537954167890218499970826736709
60 0.00939513554274719523021850282023732294621364633161995323391809721103712704791859573961564730100588713295570304216011028727620915582380513594605114838
61 0.00886003193775008581727965581941277745969104019342546093622083645285284061336326998835714739421213101020021928441233157185055003997769660210188092933
62 0.00834965871371250964974565175979018746179360523724537309662162167905166825417021166040365444988621438670024888740433128281784896387491949362548223021
63 0.00786253020507178317936322516141801046762004873209798132108278919382768528758178015944750628802956948002597501667114818251937710899571991439018146259
64 0.00739726948588639992481999803398896328388633625730867038174095221191038032927333671958749521630676568500966820648794664996896973427690424289962496064
65 0.00695259906537942950836137200534388192357364462537528720485057947414756985354614424832350660777055112738323710382139865676056997292520987060531385051
66 0.0065273324876203996654531278640920597261524502403801273878451929458793309649693186502814977974031373521680824419198475238220545867934086753881293098
67 0.00612036673773360525765042135691538260948584059906411724465202120335443329850475223849618406805261679037965340383271637978449440179115443780679727983
68 0.00573067536852384537857197520250503032850038868117425714667465119195340872085971001725278852379873740310183652527024053889606897407314376020295370294
69 0.00535730227145650021179815601238285417779088247771631727144200501874777620962330744522960409659708752453568263304624279110586766831262488218318890212
70 0.00499935602471317894267233830404445011118478880776239524311049301464486461795111789520911828465776449806812483987359865450111694228918554980916724625
71 0.00465600475873507519038947075697352668408199027928149947449035755866889558375073563558166068399663025951877454694036047870555292599414475927992177965
72 0.00432647148640837782988957121874095730606808143605471328042051607938816512997879646275886126077241536624015620728988639980051184050466544062758752721
73 0.00401002985096423200497600319848267379799506284752307225404520185767195817496584983065292607790434107618245566960086631813759228991390993311128899892
74 0.00370600024986724555232461439262757964944661964734994715012279866070237966193076034311696915113962841388195293705201428601572291140288413771436884198
75 0.0034137462975440593680171660585811599832801181456294716346254210637407247294165565799413431718488100459737166617342498148470251095999260334512067046
76 0.00313267159383707174793389616543454986412245551078997856761094912436331126116052548393588083153348109407938834648842612465199999043304436091463351761
77 0.00286221676862720516528390820414389627179485114663002853102400372691378540259208348067453914700438094258644292879185892549330349604109880930189798847
78 0.0026018567762134968015987554876334844435440904663037180848811318260413402811365384598032833068629523009191727951833646827295516139966419762837472026
79 0.00235109841581814911689561805873958906641693831560828825148241006123872889420397613225149950924143269768247899426662353594306382736597704891030703284
80 0.00210947805704848235021165580009986777971304680767788127964163281179274350897012892559182473308534119102467403789579023579628857529761954015583177209
81 0.00187655955133105442405236576824747688006161418546530550605933240883445410332656313844613077168212434195243395324550505968262923878309739331923592464
82 0.00165193231227202091013455851696593334629257988512221250476752337733147498682241685444243536006191540445235887896719039256929425201563217730445803745
83 0.00143520954962116386217651675346774822536363541117057576918407941772152434884666012287838243763130371563932644098991779395795287664205355288732512477
84 0.0012260266430506894493051109533709916484491873981745699329579686313945863357394138080758633113518563363910777274351498839107827538882144005906846548
85 0.00102403964332636232372805601886732574126926800998880456541838572222858112790212518511224974084274848607439559862159488686730502778476108044402959572
86 0.000828923889667449462614012632689536089166159873833883334705189525689347549952955927445731056969139457736187062863119718991576290473789367105075410694
87 0.00064037273318046564014291674739310421123813385954205226023748244505414188081002774133721197052023211045047496479744418174096782853790277737591101583
88 0.000458096357224888994435462163635885327981338041965483855825016573138294961827979274437133958999281520229402916511141330124881070206427038448636247693
89 0.000281820686440036257820919805533423897616722620460218108521674899519545933513702179394076610419065149914865650115490567719137999655325510124714768962
90 0.000111286376942728896706352668839452693445922928220019621206189625044706507457853180798882662192754752394058040505133404199247791789468129618398956351
91 -5.3752119094583705919129445801096255325084115449411844816984478041876687192323908119066232248890069461698432082774027306145406179334679556128414918e-05
92 -0.000213527420646999835489670132460479928477548921164866512095647096514797881366958692365910348885615928336253535951925870054816507336934705528148534994
93 -0.000368260022418391070576024823014600550867872396592037094785008486377250510127485464540048131896012049776749326353450449119521342583108351164612395276
94 -0.000518159041889046499614768455435972417292254884212072998948536646624136989053239139140433767972722771050322684343680004581987791505774124355537907962
95 -0.000663422913460206080324007325527954870619581206004481254222783376575957948018408727904622244833832358617152032350797173019051871197775118883821667719
96 -0.000804240033913116409998895530940927012908553273354305466057650219626515089440184348780969379517731550035785460237908574587713435863182434683081538528
97 -0.000940789363027666567012377549681594865851152437196226797060072610127835905453264195269236289172635886749088702448942923763242162122859280043271125668
98 -0.00107324098286909702551504614136315441920139366404781993156967987214785459996531238557445849237182476982172147876718047516382126032531014066666095747
99 -0.00120175661894695182902589471756493395733771118394926859296297390532703062727154921466953971935107308281659635550998166769693200977153653306556901112
100 -0.00132649012617501762332427910739522181886149405843634439495143832917446894469231745397309119009500917480307210351736244750986160117086849403929205133
