4 -0.48328198177351983524151012378472019698921213770271109484518903326159402332938499125138595789990320034263519371492125108224289291776560980825641818
5 0.69928829825214814493227908902394089474437235727113508403494847740368572413864919219076130080935663425376777622298773906367844476012809257918074833
6 0.44813310449129884478526565700944783661905777169353941188590408710482430640258870425307877315227649288003590121687873270194592426651533003612884871
7 0.40471816834191771014862468341440127616303570409899845176665560379608801285587334360661888883803005237047014264885151748888383991222394036900848612
8 0.41013284982113266627633239693525021949954806456790880067861462017185712062105549990808137355329509640802235294283639959281347740724181196595143744
9 0.4295521933947182498048322678322103683426465353314101177747737465143422428028485724169456458207901127189535183817544451688979573592572681401571219
10 0.45337236379115159491090915412841290960886640879283780054028981862432412398820304467948296538141381911337202044543379227423412915339251154377791776
11 0.47801199536642799603875337204355171129812336703312189859033808934587093654552214663482934654185428259748533605951849032574274079078297087855059115
12 0.50186888342389534107843977967556160595533540363034902215758892551605517299471287958921658157524924668378953740803366027687868419021802278904421454
13 0.52419577431257069652194694309214397989327152031350453571000805158222725111969111280066339522025644113374262171372215226392834856598718371685557184
14 0.54468267757671198668763704322813110437124214526081034952785514751993472924693268031177034059246337083928539596747739834273088908211044819847601875
15 0.56325850143813916653711256599025998320216773993381756610867812909890847462653765942953897714639723789413926848763001116385394285914029306234672895
16 0.57998185368803662283603244505016486984064700991534126806741602308863982231944493698730794613668910477482375975610109609052538706564464066600675932
17 0.59497726175785358332191781735700498620486023809304025623223078779275137137853508223901654216310246662012400673627717833629692765183563667373621099
18 0.60839766452610777821508868937250481338264872248698584401716110799781083903697686519742492461906923809382993612516381206161743793362517971996983647
19 0.62040283926993290612277316565379668525958330306642541325638878387875671965099031146407563617011938885487301208891411912222181503074473958904094854
20 0.63114755378883076215720829922035602475222370171817219726200231299511033514327478186837239241717419031208447768774872657490290661986030257496079526
21 0.64077558091655097914375900228258523948649399633190496873609396204416631391248367347989947555635538134712474135921042076514446686449402267563699143
22 0.6494171679689830992431756057342434614918056874684697518791893358708473103923591561193258160420772494871809281824033133689634986586077863794596783
23 0.65718847601297015411652834905985083336350289626848543929622279529079961804994430317231655545396962194926610618229905066380628475589196133738704558
24 0.6641920864457529714363892171605224973231565398365160533250277877165997856057880610962095804625914516536790523547822875264207667388105445283648806
25 0.67051803644429369159712955218148934190423053524476300089572919934320472464727472473328282773694953764074924111649585052317584081996012177354300529
26 0.6762450695795930258433291122865272498200247522201283040396416996422608998044030571675137615069933653561020701911578239140318569902558511886417289
27 0.68144192487553748226408787483516207015841408219610501106682364087375494330666486672653048733382442643142999209631116298667966089196345054614685548
28 0.68616856994002095316142266234045295791000387501897956164187509209846468301411945778756602092499209822519561368783617273578932377957963261415654882
29 0.69047733246738243942929624661566685554806989970136653639958053093226057455470027891962218087228677802915005945353333131200483424453195085155578349
30 0.69441391251918030817309095333414823473550907480281668866331246457252467080385284989436538358779520886694211179824946062222783544023171549387631934
31 0.69801827366671231862247048026117042515648709694683258464252110530021518317082684909612094333180004799724980678699316491919982515778169035756262478
32 0.70132541932966803375306878679470355704689775220399391692295811631627017297256722958591672878567620320573215069019225944547532074638932805824625286
33 0.70436606453277645948565669125667173792521715946071834362800119853610358444805550881990699337127706777611404788898914926076019350035517807231773327
34 0.70716721468612196417354239648360893088848841218343728957299393132774669192511253389872492056799790956814059876048283698991051041219754650696087295
35 0.70975266299506990807915918956362340950109941795806146144380227834129393964739111224372820114381841409202405924135585282181037978644525191999937475
36 0.71214341738932109497024440057710517601176770359355026834401374718104593543148353965658204789644940150755015718531880582764284615690843451478856723
37 0.71435806681787237813173301226841892206735223123450997634079262523868823998080675817993058978362076449064515099068731447614498519628367788245646255
38 0.71641309561031449437030684882943254618360173312629968063041986445073497336108945348735918032324064056839008498029668665321958446572525719512091446
39 0.71832315347682872470636090565471931570825458624874617666149382779942597617305036498771405075895502618741244748331300405813322398137833066455069771
40 0.72010128767141490509848291805602611825851944251801979507896324105361262871556513754843914227271832022595323697107246115197066607151918773046921353
41 0.72175914290229635334950011454531546644654437252610746331895735136638976535070457836581236557334054632069701706486154902467857010115808362839887508
42 0.72330713374727588096936756811829085387867274247418336190261021751491772541732606269548742067512357405241798006020407854589034681222326943042528484
43 0.72475459361650438181709880181186697071884373529768504335838960339873303637583703757920933373380933512829898262696004953438538880569675708018870543
44 0.72610990369178051856961362392990119192636359367518745380082997792493623065944746115570516673230325854124379994234178089926377081870924192337447055
45 0.72738060474904452781872001651983994529123281579757895761087968948540921178246362455573339466288719242352677634589312744043506568746685065174576399
46 0.72857349432765374104930988264298677964153216054635579891754073163294873886112025630215932250035916840986201370475397388856036169795120194519418587
47 0.72969471133534363350049356029497215822671187294520483028779360287876525670875881277089119556781053865935208895519971821074967730482382602159825246
48 0.73074980986147266388289419387746883509300295179691194439054572308554495793675968668230076366831196640641002586888334353944990960824701170130177297
49 0.73174382370435694772890969016827830153664181515308009989298976094504941526932810920483783125999455196736477663225446941381716024189289934513112183
50 0.73268132289352107086832388273276096172058517352154358064566492911879763952604460713138946476377064971310450368967923145148583369463046618915932756
51 0.73356646329791992317824812020115397253725810295631314024261173460874631497916303104786771096023386833008988422485151917014245276829842808943455737
52 0.73440303025100974447717349512346819471191720290330779532915105193114553081165943065480561713116884448610047533405815143367320018941458357357365237
53 0.73519447698822242258982859565528123635280984679947732817301091320381403872749696231173163785911756527198575644618657564464047790273040452512744631
54 0.73594395857793635533151286429800808045868512538692048920668724576402288775377659099354603398480500751443581558905300377861893357704513232036165304
55 0.73665436193009379917999042691454936408078956846399910995673740766713435513062751319787274393372629475302138645439312137618414740465743504544371533
56 0.73732833238438692275572894315853846351441146309267219007363298815232191288025573972851242605447427149750886406850414866698661935836797309657795384
57 0.73796829731007932991631049664832802404136822755024646851494701714651622934236054613867933646584845048018979085437925724536537965350525991381587156
58 0.7385764870900872582559221414641539005413309165084984297420085908897714088969810920790176688851253746842805854356857387096568612825653439272459761
59 0.7391549538112766632172554627149368439220262777476761007698842164080068535889189677408221359644381266492146185897647921282468110609214231917210348
60 0.73970558793966847594833245991493961202466645938468355595358598761089219816460207554280362071935961593552568013676087575638559274418954824326106548
61 0.74023013322223721599307730917263154250614879750253228621594314087936648757440756247263265525998197206040883785125804383126894967403165558594181048
62 0.74073020002527655362837375541082276801400297721192549139077682830006182062112158301834927128172913035894385130814708636952448950648420164232942442
63 0.74120727729208297313652330867768482163337246534011720967491165082176397946695031399301649074094586420037527372038612919928300134780300971280658484
64 0.74166274327929810582281734228424424503678066769548241940220132394117776991955367982889680954222279350697222208878802962361548828302149483887983777
65 0.74209787521108194572294461012122632158230564300025577822942053610335838959787188620019800311573954393276763895570268601489533797398291851655846908
66 0.74251385797288323574092850374057097739882728257474549998958739459610703981500885980430944173179218698152483389818675574554304484535840974450870467
67 0.74291179195152507471500950368893610896169403547034473395782103825146153000496563268132750662632196066587032554527826541594958228094288364898875964
68 0.74329270011529127885422226404903094803117895521040233624894263215024225275987832170683108691056586025424972018555107561569718701158014945557604822
69 0.74365753441639283919097482495039830023949809981266680195169942278065803230472540865809631131852263274413062086638621835992752435119770871695634706
70 0.7440071815883686445816599116224543494911690777416987416842954042632624838190406616448854740238993246193659091880320683404895310411762622228401873
71 0.74434246840242221005234990114448158058853898345824837353568957813910204727950013040898579881593406256244480259265345936259093674453080635164265149
72 0.74466416643923933028020933796286773688189710999085851504800832991283152867355055542396042118181749086216026039096752421875823680511794270120422285
73 0.74497299642631947132734171269963302192065132234172755410603813164465449366071821189048642454531449667413075866398709918852676333860184306717904699
74 0.74526963218515756010790921532011461600386382781653046923274467580678229008179458758738284320350647723417544775724771911192078979094023647114229648
75 0.74555470422762257659026453833844039930438515995246887830578106835962570138297016984089903824108784367794195532671141455033644101216432265641044137
76 0.74582880303650077799057123729862199196151802042139557924788608607353992642331497867156611303380830345318510486584167591302673215263361724552245329
77 0.74609248206132369010344096069503306511823773904284646587934495929036810121225595306866026899890977162700632160056362197963399247818589573760389935
78 0.74634626045721478974813407930688487839028401377017043497840259253989052938501037282157197488383842491281894591480426252227629377978419928660833218
79 0.74659062559150436993986131096270009414816688298665817091393769419460925123483041324933768168150497302206188567299394573802302995864667169522355684
80 0.7468260353402279802902393254830197139802118109029728188557422311450781879938049038943586878936694120781892600505584781364031498079639217393953575
81 0.74705292019429567036063075724740320131169582032282937834253944218695363009305238665925161520153516489798007698649349882191408792968762385561497559
82 0.74727168519305865628232393214692056901185625284055146991251575182732659783221678999044968342780280460317120194568460274433958115985010722331422435
83 0.74748271170117375840878350584205152730638302623440389955024728333808265343852528854797777996512427050759455912302415394250138348138158246741848674
84 0.74768635904304521632335307031756242131647105918330060718742972674851499291092240039718725611700819743025638727503989608165878049825228441418325053
85 0.74788296600768326734329528434307221488065888136098322738839554822469405871511652021199182019506984207208391782387793752055747057281646425128210971
86 0.74807285223553742826976300019190812788273937442339225080913540333799188585031664108679691456105373908983571719603374255377839307456733263217829686
87 0.74825631949772080960691714591233703103372686912184823913927468612632179034567994573719982801764493098808290858483991228334586450730672011989800559
88 0.74843365287702350204272343564221297982820045042533880221333875172621622441274403900069120672260216969317855325151834315575909002777177203848439431
89 0.74860512185920368485546229824298642154352258764375527032073719455188210707937556471533721078287486194545171573654655306754813913154147988735374635
90 0.7487709813422320036910354970147210415514986081368640283774306411373481751749838749649124335745090319194882628270002386392611015202739070800025619
91 0.74893147257043690766510486456654326472758379431754698572588474074774950126550231239769079015728638856536477484772498025924220581762712439993368553
92 0.74908682399984634013028116570271823826597727421601724390088511419176055802254401191707018467212773846880150607981078252772064117535008768028039853
93 0.74923725210043594250391705879442801792283224685852565521649949848335166620232832940332451805987452075537584556530063900252317602126347637929789292
94 0.74938296210046828289600055684255057617124273000980304668099927663345214520268639295203706674835719655212398238650818052011214150297250339881669132
95 0.74952414867763498276563501795772793517568352972373851613250467909203677719033987474401839219269147527078722483139728495462605113991342862010937292
96 0.74966099660128818810850062448088707293487874268664082562824729039753564862134578393830629117774351850731567031828474668085296304975696062237544667
97 0.74979368132966450122687080507859553725511386861193540631982101812671423376759934949610470518162214791356226364015100106271161887671417518881386311
98 0.74992236956565873566637814756534518586653113424656036608030181874298462646435785728950291712109533767724683018513621697029054075574612182023869967
99 0.75004721977439268312656207039296227324650632110685581510195331883342161916935912867686368343309890836627235064654536377335956394966652239533670508
100 0.75016838266554194735911496400003968228782742447844120115183864703678465327141554297192872154774390913997543841933058423260842172081503513607858728
