40 101 5.85517371983176627736411217358897636024181518278900769341841841490633077148531934285795528492795698899
41 102 5.849638595947261423295495741522907718811763532147788295669235649257167985366702618877350245043693200753
42 102 5.844667157464256827608367654665443298075233379001419562883382421205570334841023656563764312037790386826
43 106 5.8401881703761804627067621974945946231810908741638005626950896607416513826958797427456766519322036096415754
44 107 5.83614111534647956682874581018793763732341198369270282630138562719980645147679531228481225276387496381358948
45 108 5.832474324612438953551777068914591491816554107799730714352557473674519761372925086265052766114845290756734984
46 109 5.8291434853466453419885157389949667012085158096181569803181312040031081270978499829170108110791092041103777233
47 111 5.82611042930450636146379156128340816154670648617537928550866363314543641265396460761259698878813166116903963362
48 112 5.823342147833312960699430970787106489626082902692689712362231078875157147225523757041303343309704226002917654791
49 113 5.82080998555049896243564435740182605058129095842560456685456714078211019975656274093133092666937481750671011109208
50 114 5.818488976621183453648296718641300893323614575604837580238117817317672264034534340946963616148539085906991699001392
51 101 5.81635729556279813492393563125188708205570588535104066172105479805418124805043903932245635700984178035
52 101 5.81439580057564682061483513702079804077676312775869416846209805171282237903463326175737107458755145051
53 102 5.812587652042369586336050231390344389160173828716754206425616061689464660547336395279875228382449464599
54 103 5.8109179924177244487118725191704694557321451525707640823093106169846745854517926771901269003687118586787
55 104 5.80937367650633316742563489264320404194786548324093436448272794223359360358815127833339565249430498218168
56 104 5.80794304329388366234649669810934080601884260150602859030588513110539594355585746868723610848166871643674
57 105 5.80661572220046682963115137592781071068534676291587659603128890508908710879309756418671898252612226886975
58 104 5.80538246797064552275219660641894650182413908820503837836113016950594306076366411631874455242527187207638
59 108 5.804235019484336175192618396452733811095853576318207716221960770568690808697260055871699295536887098644854825
60 107 5.80316597862687946142634422264290733169958681336161070700195664176058134625936171411801692643608059003672945
61 109 5.8021687060425030703727111757746751623772936294569931108551500958139160550620542595697630673527020330855329054
62 109 5.8012372311485910441835791013918506288839693676053952302521964730878514707666012854883327179489719664368866546
63 110 5.80036617423644939631862935135205346673195344695129894181991112585993729084759397457654542055097298900569014836
64 110 5.79955067884908560870228543656249053698824533269657177871929365742267647495137359400480744723832748931196995158
65 110 5.79878635292467271582103033214140315976890686199187194736921525474726435875915204099184146504885176432343876308
66 111 5.798069217439005887910934961706847980076162301685700294354130985300067259274613357792631291919441839659993637426
67 112 5.7973956614817553042229718852719285536752579870933282394939629087984782146767487496892663642665648457632369730241
68 112 5.7967624028678916563591192048567202966621948527101710129832730393091469940394019268284056209444234429242743837727
69 113 5.79616645352384898831667408696508791607950166580341662816546084048065037904928554898946239559350950787723764989241
70 113 5.79560508900301961920044012643990015640423443197215458426668230645284277211022268679289116531025765568184797639354
71 114 5.795075821581241337591755796781772494812607369692840361272041036848184234193242358783650491941455662354251388318064
72 114 5.794576376463416848476659178972803223179103388810254440503924110728855463780351070389501528055528653939183081668062
73 115 5.7941046707000325557833118139506234827936557286833261006236983657757545188079883224584686883741773626751449348167594
74 116 5.79365879446933686151317258201490926553593030761416357652645716360034709319686528203538472454907223859362343792895651
75 114 5.793236994429104886193384621996250856609373396737621176543249996903764095168365257237153282120253400172243111425841
76 117 5.792837658882734678556412824045905822133860681905363338527410670735911316795086417620037751645065213161796040941196525
77 117 5.792459304539101783892574177617938552690681384721774816463462641596974406276041407789065370850230168525518434308534064
78 117 5.792100564675142003068737687400799566418047288011074046346687213086623216462394669513061172340432527019288008984561514
79 115 5.7917601785353597139072323116997449509660448536915324064916429825011232375425726659458193713618832244196368352923031
80 101 5.79143698182405298418392226221759585490823699598256082274138116439295865260712917486942310030560211818
81 101 5.79112989816457296383920630933491050931108071934318607233268581420296476825695871353490049018829556281
82 101 5.79083793141586507275078892776069415601038571828247694300213551908722870897062012257909583574737253478
83 102 5.790560158750266872965107854726116642606593719444111356863079201354508145549862282488586874798945941402
84 102 5.790295724408391715807170849270088137035305986095265292856352340194437757710212842521058624083480184641
85 101 5.79004383405718482445101936165306289707915819490753238557147332329781638880026769143223291462199767142
86 102 5.789803749686132090351549752046344368956069904466335160730562040630658607462591781333550622292418514015
87 103 5.7895747849843277746852824314327333064639281076405366543044062069073863429093268697041849518645014546312
88 104 5.78935630114783142128825173983788107125162662790329717570001646215933085716252702482865894338692962854567
89 104 5.78914770307260718333424707649978049830654902586719939582370673859133439243240533253657832289518650738276
90 102 5.788948435893459820925381752446055340004199902141981733483551863389657090268153313052832333980293077843
91 104 5.78875798183386243550103844207090671774861644161700609520614360167754563698077206067544961305536908082764
92 104 5.7885758573354982103320524955466095277758771859241941812032336760977967131940476942883018872740819733664
93 105 5.788401610439786062949543318452695500606652765953517940603326822420890905356107834561532801288703428354357
94 106 5.7882348183966915800558728013784464111417043977443071243313477009549172127015141674345393491123262914479579
95 106 5.7880750854787942844546564066655724727592061673402700227749111165006259844793173668569334565366979218857685
96 106 5.7879220409809369222756104962672225436942855600464910356580197183617886901799439163852320110895413216251986
97 106 5.7877753373878623091529154173836793406546323705793622618232388909829221601822519101737896128295059196573514
98 106 5.787634648694083058415749645574290990189405406274847348892429584646720488816940218112909667225074087046537
99 106 5.7874996688618592374841951099526214013837836944825721420635727677006505337623653737170529973839219826243647
100 107 5.78737011040460463271145269819877950736525360179157101010008444824530884901183728857838499432044933859547636
101 107 5.78724570308432636682855980879154437730729726501472928577395191608754945319799607201661224512169556333863913
102 107 5.78712619271284466347004499029821569715260520762309160976491072509656153410629340864191978032532421602463527
103 108 5.787011340047556600732367110492632417525898303406500313815762966626266047513381724681743580967688648973481642
104 108 5.786900919773414559593571420997124406399389360429792866410750385668867287951303032139535581043820604457795581
105 107 5.78679471956359968291833370444457901180418155240837273869768184886057118047505268783168476386626354908540079
