4 -0.57701904457360354069527108681844481338281567189389348637805489648451805918223205936513405431859933765860870121208018155390001374671395300161171
5 0.12828756257156344677976462365937314782584160347858813021483869510656117261856717346574865030921205597089087295630506171912369630622176201365816
6 1.2134332355490334872475984626534193237077009836673997630442058284220577233513577742806576457235199586337846279183881727505938079666243591905902
7 1.0299994981634573905339528010870185316052556809887345255942213683188315762752300393817443442583828595346969125083865731167492088312297820862773
8 0.8725590100141196420339419139589891019541104411290496648123067450320661463500601900309245712565078656606607217652652056752955365006554126449557
9 0.78318566869925223058317123600395579936397999924478198850819759887586124274067014332539058571226972978418045223790137633785777533365540604378606
10 0.73033909163206080983327613987284481302420744426840816388955661277118250319407516747958614409034436147370320527543492262392100566671271812585193
11 0.69611161214326167270265009591442298053474477469129053707430151887161887234732186663826950530435289425737696969777526096848919485940689909368065
12 0.67170350499353982508809511850598482212206596573654563716891292670443719708254443200427029254684685785557268496107835196872965725449958577114836
13 0.65273780978467100347297626961580635181809671889692446406399574736266673292993041403163452073989274176511331649709785193603063794160683934895986
14 0.63698077645340826835965718273086722974398673010840475043452475520541150688623562834730861338738542478020447793274896462375648698949674439834786
15 0.62326665255015111055050429201395144554219747808327916586048702546509804472311766589203895777146706210455751256966620836046907456007180809543816
16 0.61097437404284820377519938359157400349296226369280187060132977276799535564390696166582207695467208925123102360052818616160356942624866525261454
17 0.5997644636242769781329484042048268112127519916723718870524659872032950444119428526325187204140787479136974967058776138494822393004336092389989
18 0.58944371457224493633559807238846649323327583403038272700075981954946417701102928991945079785411528219803522214491469084981789475195364336199941
19 0.57989475718945476608928153881559021181745843723777362068790300620289537660048097238051535866384583800399084170153971683158307941256463595227827
20 0.57103931803272825743231307196168981311181871152531423526357852044839633227113784364881286239633869251681528620639197149202298235356548733125746
21 0.56281919181406605203369162886748745198103842971677934022433452425598923570836262998020762955437816792067364296263860147967198520353831571207337
22 0.55518655598705239331137223622930279829248120320046917951099437501852195310680127308913195088165682216816514767267789561343118942352734927062571
23 0.54809918753129777402438084648209182607394886515305965701025120510957145957443550831330724413761431584412143345317287911639308267850601824348831
24 0.54151821430595885535638169231502014149136120802448632356823387495622198626937636685255855042844392078391662587543717732026982842495956217134997
25 0.53540714123447415015634866562109537298565772796863764381828575838235284772759249817715393235334250516523039637455808033648635886679519686544117
26 0.52973148753537531259745415823260815289728733900784892664543550443247409170023165807574833409975530506801982130574621755712785681187860008659503
27 0.52445869196841656023824325281787995166133540507065850623220953572920786066937774560871446100897252745647059368425301849837767510272460675080266
28 0.51955811478255716807003317643598623972158676128465389393554478179430160542332043213701057241030827083083214581513565233076896700933797302148607
29 0.515001055848255047896595609915380914336464507936385452107963291953619623540090710544732987554757717072693665963651410173762847151949268428298
30 0.51076075540529746873042115980250550716038114013237880187050575855048821053788668755384947017203645099334808649505449891051724595654201793279734
31 0.5068123672192473391982464555109527288801303316184164444981447999037429226706763342753552357293172089613856574984697390009510282669607413220323
32 0.50313290478992572024595793574667343108940956373871679526939296167298068805316705812462322612508484695498385577603243641245369145027048681877729
33 0.49970116562690381822641340504919514151525399004613375750025268424929563521576658027112037443382809554206790529324807405379378583769883423151954
34 0.49649763975827519231489495228801727911914816096092949009051055866916715107654508062158685006717189768016655054917652093117400411006818223127577
35 0.49350440830390306399758424991330099673197101355041930420305744569572256899011122582275858445792126561026606159703686812250274201382012520578377
36 0.4907050370226301798112137329520811025992171932961982811966557198950041675299732678789802412954771223558580400115947986365276248072726051364678
37 0.48808446868211042178429259492479382691260215826144830210040033433115512956150354695638167246117701045289941141626822464228112951385852803655986
38 0.48562891710609172594489842141983013573647412835039883858233388581632441525585148945436410190664776030672248115469211474368796245714640469005627
39 0.48332576490768062582846574446201507985730183550539803892764021991642033037291750114686786782460949148891522988476691314607638659222219665218692
40 0.48116346623629659224012952392498749802667300006819459382970792638934616791565752237925540594726332200977930784704078793717156326436950357645195
41 0.4791314553397771681215239681246109876737177735512459564175015914538158514636217175714219988784892882004915840546202773773431889098949316494731
42 0.47722006134927529749752417459009689988608725286604844215301719554447185637683323421395648272504794263748114267687767130109244101240614504012169
43 0.47542042940860278910060455692818778766148874869486392628438869045352964885064689099318902731997081958720617086703759646174102625215258492012858
44 0.47372444806854171699889969063577303584841856213587912020109484379726509534979300043999789969640667947140523888554473946786602452019718316184296
45 0.47212468273060087318032858945920076492870910935737095502859887873652640398877336264985823543053351340987013039539383063202815140100722485923098
46 0.47061431483752681553336317503366866475415633095484645372803874340124231669289624146723556554395961345803870035515194585853255101593506222144673
47 0.46918708645670791180487965890252085849764550129285866280606899695584174808727217381969277148435281193264165842681922962043979568744622675864111
48 0.46783724987742909184482930302707240475028121317710072192257827596232021339519875454260353267537899729020808697118799733467812200004144492781935
49 0.46655952183610743710316580275367553912978708878953383909487961233371531801799235935674253183062361718971673464506904479318362926862613284091515
50 0.46534904198942037376678024126250449590843947986872799834935515489251994242802544991364525827676751098635227958010348333351647835325062458563255
51 0.46420133526936709073681106192902149139630763599490735722562096078475925041815346107962754674173216491753021884388581913831845043865090702976689
52 0.46311227777365939708264413969296388076778103944621068091267941278725377045330601987540081978600809110094929137817089822481442099447717114834357
53 0.4620780658671684076957907009336753192351046649625888097152060354395812966692760310216458574213724252396577480257558712268479700283820723205061
54 0.46109518819385951745935474652039439953453926139264704501208872876812919087682988574146057031443579260387978803315136414755929054220317061597892
55 0.46016040032261844370664651919447595717505996657877734144503622893502365032017280876512750256170983895992392569402466597676886813009552187313148
56 0.45927070177385360079691701959648328761726015507555465498377972902787251019588743614030498890596599263751483629184754575343995416297434630405008
57 0.45842331519626548642061306518529097857819337232922532350908406957903792871994696925327757878126226646386576318935995847741719611266276502286831
58 0.45761566748440292038484710036296029819875545796110530767852906556485622997149609330558299037568114636042534382128326545299660426349450088291688
59 0.45684537264741533106278476925979062175834959350446161152539215583606522430905286946917293633444371106257164952931632172761385715713051239454338
60 0.45611021625769152792197968323348222524509237728965476117262478743212983996283051283602282117921921060335602838966413164379087928183962175448873
61 0.45540814132484570824778991986701953587193827067525756136636545292386773843744573788769837243680270121343628925209964849741185738512742688749853
62 0.45473723545581171245012275077634199466634437845086454814548683587859238767090923326288216332565857750326578480570478824568287716507164099822297
63 0.45409571917570558476504597450556341517928604081062130791855293522724995395198942138529655030543428124913949249497714805768605206134746915091542
64 0.45348193529669974056803697150260999772345400844040757992069812148385311864721310398261994613422888561805199939399573648962352106216350078546192
65 0.45289433923351350178556111915578182124379058396323772060038057792126315491331620122928418197784592831000136900070851238865938736139657209645081
66 0.45233149017436145760927377554692216473795435910541636581876434530315171333381789675893109837752284430045691533345001825807421348417222318363978
67 0.45179204302540926604166680779454949552237903211946079559898467191189600855763185186401466016502739746055094334975211486763120966950394734810982
68 0.45127474105505906692968084730578910592654069695308595860872673417964880508581098501620026166959051737525240224209901808209280271482544015997406
69 0.45077840917181170530587536977940501068570341712417028217901450240525241055698530884828730870414098603368325543619224817450220298451226426270681
70 0.45030194777611278559103821487431989690005482410633457889251966220229260802374165088460906533147475103303969664119571131228313578306640127621864
71 0.44984432713256032898928488108747898528069630159919061625823627019458250975752272949303867310630789386408273915948544001935939669379418748176707
72 0.44940458221420333637304879676659480744971088203494952150148306301916407768152612574834074605608155764807095482067035916782032980535364158879229
73 0.44898180797545654079742609376071857101742052504881858303956154961137638098364615950008581514379972664134453316603983509091850996848493098192735
74 0.44857515501445482195780199851551988131628539943260227954915769991557547714113633412589363432250475080181077919009899069652231114210166029080154
75 0.44818382558952332613441234302247575771927442617395696127436434662276035549299244616407214972079100377140976822229384836533434726859887490327182
76 0.44780706995789327711046411061015492390507878049687839941634045753619338672662221791816453195877301987200474243604371677950846731761048006428687
77 0.4474441830078909833227754627487123677145249893342297986161727871901934057335380852589856717411837137229847388804975974403015945185322452061701
78 0.44709450115860648035607161205784034267718169233665113375342971881255630471065320531748224717866627934924612245955292086828765960590253627316038
79 0.44675739950354245960624733681059991468566265851131338935562773331181201362483571007490634792831040922982539846330506717222199415697311258574174
80 0.44643228917698389403929856554184424376502423788886232280824974966075217919582650559815453960532657864031386056286020104473551207460432411636482
81 0.44611861492384111308225557431957431844233360855694867523563056619896658399572500247382040535096580099733672610389446466445237714988481739653278
82 0.4458158528555281246213311161433262013760903533400234065734216821181105137485222760506229502093389924683187382613071169709295329954577959140388
83 0.44552350837606524992136743739001128288481550544285295710870983177048623773613386682574691273637802119483184290235983817572578030401368980235458
84 0.44524111426405981260313359375305208415608925915023479728686437942799007580087831603678043977721170974133437635610477079691996125318387124615675
85 0.44496822889753780916553472170223270387050899057383315909707945250058835893200307157632446612901755043637151748189071536208646037453475723968155
86 0.44470443460978843246511277637334301121709535255328391184379951622563913535741254975626627690419313378964357153023123231137072501494557911698086
87 0.44444933616545561290580600781945004867463382203528459446131668291304366550525803496043812351827351457708187932588458490008264966237401786094387
88 0.44420255934707850329432789822114873431212328247780744011461626819270149851471620272882177552136801698171937578216967184288017705434525367479214
89 0.44396374964315686956095228720219269814698934987493358180412544960860057045228473863499940091720104764232122544759038653261782338325993161640064
90 0.4437325710296073014447541705078098746601968183971982657054792271226520659093836730561205882752905491967004389034941791989771816592128339191203
91 0.44350870483719062779028948494171008297708093348166997979689436078672896850060476493721683429739989773050299628084882921083247771030271580753785
92 0.4432918486981375904489061691544204554708896428761360069082464971292076629441994806822362182325969916499651609776809307164677047405811493183585
93 0.44308171556578555829115308042436388020511128295094795857920694549827311437148551492197051405442794801099268164179380711807145495942920007291706
94 0.44287803280156997780020368251087845091948458022906802332754136496066226785965626317493249184514366374084281660853001514940213688601375230879722
95 0.44268054132419583887807349012939682663235081843877011885697155481618690360434532481079137155031809936771092217869867001954160448685718340118721
96 0.4424889948162515855851280200730489806010885126518858654528705686758575562808077968986455103185662100324475227518283368372886895767746971542855
97 0.44230315898392500873617762053378148038652687944844603596096361619658276725446684608188844959066706666396507292605674658631757841515196724536137
98 0.44212281086584164957844737255339300375620724344125392517640378425959773828918605180028206852173339899096066754840888945532695364284001575569652
99 0.44194773818737464196323349257039118742768652986289971028639057077963663030081324034262857425006586105344413205905816058809005164676523567071136
100 0.44177773875707388146169091768833710922610943413610652796835985574444286574274581230316247862291149125439980752501672982346412048601493202820996
