4 0.798626595937470557815820594756988334860134602642902509349558161750115955808087373533643245188864540519349260321680079198097170124166743992985
5 0.5807392887148285298709179031754324499597708531050619297829389307112164632696415492402743518077206277255834126514577760805806659924769741054892
6 -1.107948889395678071064838153197120137124093860050240785629780912346159440374063848186881311016763618773920090509519098759272062813649768678653
7 -0.3316465616900530542651695590029781201790689481945316520056630346740897624174970727008937373955556479243060685538655002176558293174144356809661
8 -0.05010483802884431019774882434927115775580007788013293526973803403942213617723872922673575853470426962561957329472878777634045637896082779704639
9 0.04406631821938613849495861674657915342217595639212918785245067197274258487212207509615342079680371878008347652673530779788951227796073666853016
10 0.0745802724289411904903702764280412375449057714180856519927837040450471196659108236214804669636882750795649944451759728999400278080548184558256
11 0.08122110450170319827105383823518519422178120885576978373797607200489063771552945615658233514095401555206430411557348217332339411362951125753793
12 0.0783250454525433241496553760130232617680979544128536580127644870990181151341534333379213439513463937844459263126419102063326519472033181124837
13 0.07167761198140715703899899478051641285002083132514762060903997195167206794223624492345102227821012358362975822220697647874073602368007030411863
14 0.06380520475311350760067039156575968504466092939166029359164372322101617850213951959672063387384707443969600803987488388612913331444959036270112
15 0.05585369105038358174137441837972560008004119614362094018312099459926185049718368861778983122462614180859895795333368378469583318096368474667566
16 0.04833623679758006112620180125588025829269166293967411573480500705839294616320927058385097851081909180381845670261630335408461234461864774248473
17 0.04146090620967017353175883505042459499431023976449591879101401736172771067158476157023063073042527512801887425064937722134749895881340488647394
18 0.03528532862270207097793000758463032677126503774059412569807274199120431011916204586561500659254182705066527565200753946346064795577738800648368
19 0.02979374162115168732318307800783317560322128573191866142351442591560619583818734766793075276219809563311685832600852947437164190238790088001284
20 0.02493665601599426450182337835655809904202059172952407684413933032155199940674658766170627346005950410282345296065280548937097217252972567301173
21 0.02065154175942163281188478350668846876318618018442620237551661836514301091572459688206349021569836970295322478780894018345346471734816335422216
22 0.01687351799639433203605644287809963695416582201800857586829217694795860364481885605786791596793279088635408136962279047202301631363927837929374
23 0.01354066402745213780824161768881335837232803000160749912262080007349199068551616261924246431183926828139047383084973955627813151445693912815295
24 0.01059641440533668179445912357739498589126547123310377245464712740506312225067033646084839408799282768695283033425394868836184668819991567691505
25 0.007990385749622373590107872194062053236251701719428854786367881516768763533726979847116248702297592303414460459691537220338795068716763029362755
26 0.005678383058544427615474718037159470442739799416955994903616367052621437562883062593503246637838743471125295907691752151144159983547158019888271
27 0.003622002165843405119383882286959176450704540543619087650661717664167007378033162884963638756581960458556316390196737021897801699470633897842753
28 0.001788058966383593890813856040410215084378296106797786711534463311501443242202807490995150188496009675941240019940589051077467075721974335131808
29 0.0001479705167766509576671132146309601957833213844888350191948099403316912233139994726327244541304437012186792897128424606479341313770839994429164
30 -0.001322846876107817434756211208790243044336636792830371307690408449816806096474553630220471363418200915456262062562154738602005054099011254514547
31 -0.00264553139243723579948787808586859681938587233805946042337294021635328494707887337083031522681316655664490234920895647356894010343655297881836
32 -0.003838268974503258452708397372024380024124274887128315390152447017332590224620999831803911966844030540998787071295200516947490848223268450404815
33 -0.004916724072720303745636916570837747538565363078744984959840275411171446446428366258265852846655463894421673765438431666395449534088080476075628
34 -0.005894411028124243677157212266742664850280417420141102859927823579677555180061029058601598468389131220245152537708422552476889406071324348157349
35 -0.006783011654019586513897702599911546590274109344609707319755454491596931525016780746464971770229631597125510890391325322816045204987657750070628
36 -0.007592645399496748988620381954862871013816221251800280399514567041644215493628486663001563149928529381954093764912517240545346409970394725035465
37 -0.008332098453664570401519550628300313555377915288790923525087450471385310255969970264192615308136180380719715196523500008429361328102089067276625
38 -0.009009017704892012927537653954387821534249215683899954810681285886599623875226932740789793412070406575418511325080836434080932997052253792655076
39 -0.009630074844582693508282955512204866317504677386172493674607663533878622788848861215669406969083539563955973904407557841468670051861636025819171
40 -0.01020110523283630871773956750768281671291468258044741403156405298147384304460577221202795179376126598930655491716636352507661480066229717389434
41 -0.01072722549365355474051956050301755656781796537321620699722511288356733350822901174940679012110787347859578963881634782302782532408122415666476
42 -0.01121293321362881815022397509418848786964423838945592226068517575409224133023284784983319504686323685933498083871446321159495483060516777043528
43 -0.01166219159329707314984963818369523455255265988897102503053580517446251483779624056603307332693511913939598638305910556793951899135238217011314
44 -0.01207850144617835890267909056469885730667197807777369309349721440710268479222338383287535806964836361806563931570345269714715091083748665100257
45 -0.01246496255305018507904101324075419267098469722462863453039521705491681047254078606396382485304791422005824055941347113621645238902461887364284
46 -0.0128243260514129347821135330364411822573144576031692874072567314847379288422757638902030159262260843526003993303304020209453706076389438166643
47 -0.01315903926498228465513952124708741498470994259701948495003169707768580968824471564098397162019836806169215728356463469435580913266799457101839
48 -0.01347128414793003256593729654519377283644017360175929830301773394593315279555453936188640080569015436105474854452245053231854186185238130275785
49 -0.01376301032665357577413611807880339127000482754482491158771616467052001828832546265292087003884155016532069997472182800208698431528835256793731
50 -0.01403596356200395466037354177184977619946446349967505548532691574941371642445054223255820438786028561868514640536523655051925512068816288082021
51 -0.01429171032187397556302166087776038398914146001974819613976636043522126937349321947396965232302628161176042743863369934678197939070033596477504
52 -0.01453165904334998327689195193654115506486877444150920366959407383756512477462995123589314957770976087226430819644277668670209945081736763132235
53 -0.01475707857147712837448252345878813130659513969786591095266334359144964293975960932220522735596634071876178882960768592708795427923929187810539
54 -0.01496911418491126396219338462973259923076881608230814416309060228891425679828641876564728793706625922670860295542950458656857629778960640402373
55 -0.01516880155469561188369167569915605965870383173097774841553907804505104259076355651242168580285705183978428612782338045135072655472203271227638
56 -0.01535707892892224159771922638822164093994879822030528050491520852414205977453433039775486208461475160057227661186959196417672244391446440478961
57 -0.0155347977913101140878790202580584573163436874563694392732804575692253285492879251045305671855413697969208133919955872920897669864192161073918
58 -0.01570273220426038307031981838817887159157072842528290226922613920922680432505940811815188716301670968653785898139612655576050484376247010518546
59 -0.0158615870155038553175015226517921401276066608417063707594266182996701327190694531115129991708809205362119299908727059851951428668299558435349
60 -0.01601200508101826262793944136519751149025053014541987377521350468373159323387974003605829474004414627978671496863184523455963357494363486123058
61 -0.01615457363462492825452873754276527435309198270359776307855120330160840996466009795988554624286654015129271344321058364237337473096612639840794
62 -0.01628982991588213033239355276988260170051877781958035306651413268370008814878273235024515012639551707225705123306904629294546111129351084023003
63 -0.01641826615200264000536513371904422885721813772800136180095812155372924942266643134559495704837743816205602480781091176690778883762691551087203
64 -0.01654033397606093806285384768426567045273719019329520220196054168496817962812605894049873694442624879392122859093909661144113497008226177456322
65 -0.01665644835232810102164999057284894029030713443240228683008512531419577094247375401440071818501984112064888645813024651014240514819184332133638
66 -0.01676699106985275314393952720320398140551384345832928701723189246674615846000546830647890575441410199056474253044246750008441403533061574116218
67 -0.01687231385712333168453268815301043698228784553271903494406777965684100394083622659887181228051698039135099328560258205490808799600903007508586
68 -0.01697274116357415062279708167447131864322266365159173949766595026619130801039016794164139894430336805628038968572071463842943012428179934426183
69 -0.01706857264764681466539969731755923337895127693734243937054862093735608430978013383423710620507857770507539561954266005527382439864519700922389
70 -0.01716008540593187753368026866065801797194069269850227776083186541789508687801249463564855482032014801560894746741202131603818286512272115073972
71 -0.01724753597346137766034802158865690423490264218652480638547240926738923083016010492953898349986175060936747966157802253068282067382365431093099
72 -0.01733116212139043370839234827492127346648620434587620347762157171669545039650793607107493176580344308183342385087955000484816035909136219054451
73 -0.01741118447500254158389500990812123833377129541649223295832355008207679737289781912679009677101189981093530113602288244830463928269638937742451
74 -0.01748780797212039948539259025094562995398889927775494082979167255862847221618152202012371209971805858158257986822463062544577773798912298496796
75 -0.0175612231795360785799348441449683582757343187801927361791960725987724774779155998660919150124980023518554672259396289957990651845785346337658
76 -0.01763160748293547449492641681854244550413712618528081645780437595641976831263376668132809277384679306403630419763022566807317251641569638604316
77 -0.0176991261639351032966188341808761448287573354785659653080640969734889636005459113034691543841136722868223620183897360090813866803974488108916
78 -0.01776393337623450424453970567812400087356650445464102477602261550781591826794638331726593221998306693193029322813325483903434202789786959365676
79 -0.01782617303148086136616666060900963205326647017884746421710928644520671803338335900449751204853328390217388609148853163650339424359082023631691
80 -0.01788597960421510058198367635221852248145996432455584475901664857490203800574459325706461334418075511233267284296918666951917220712344035384372
81 -0.01794347886419606654008757927684517046335718898945330539338664683973074706160779027078179381426612989708185440750709704188089251007630585313558
82 -0.01799878854346043884385064226147400529880894447874491132045465492905678439773504700178364919761251834083105827731653879911842891529176232098493
83 -0.01805201894465285683150531076371789544699422041656165168179003978319830284725203420956983709281839002518625584746870445866423066482515069537281
84 -0.0181032734964379054958206210259498610204411721750598475831291793939717175003753187157242399411981805801496612017339982625312440750114796685877
85 -0.01815264926116997556405120463630463105169127991338644147105636261444715084974172774929674436707330917045916975562527919199444688325973019329398
86 -0.01820023739943720574219418404044482479513073218984360991574883370332124111869593111320462394299881450519961029946841187358285878012736093208928
87 -0.01824612359560198025227573533403142395915114752730343774682897029949846342568572332414457635151082734477963842322964518474904468624132649159499
88 -0.01829038844802437066323654508398254701606391286759300371064889237886462709739957256280448219865981618896662110963369782824995532939052464384425
89 -0.01833310782726920652233207920871160103622964719609798521186014873461530583175132452572849458523515802593204041872108246713530922041202716840836
90 -0.01837435320525584522848557579462509396796453282673596272226229647418420917801911329785353522738350005344802750002050252245262788813920961255829
91 -0.01841419195800673972310822765149514065949489559757641283519712340561355474103790568176528341042263842270432743309524200535847019214833994098625
92 -0.01845268764438184608899416523231207052023036630086773162593468720676320414469521502275726580624159069897056887899964452495587063842874177841227
93 -0.01848990026294666502876073512595410975252609371634825648867244446289818303338319642594106045921356362075302479431105402755796753283905194475146
94 -0.01852588648890869774834824246339057607609693654044485239977863460908105776472486840238259087576928166708784341664069623531472315554651746732674
95 -0.01856069989286720390694148129116979249031651562413882980030733916392355818342020262241501250838200743002591836476412308836313768279300353998528
96 -0.01859439114295165958033694709210499290518397322516613572336805891360810669903823271621266702247551542543572918827183119579791085309301747112169
97 -0.01862700819177285202725316777425605812237808894925757713862944939493589156286088426878614845536501633087865557255855360519707900236739559834705
98 -0.01865859644947503760323575015419267311872714051098085435666283464665270354644933001126422500806814603916442114675076056500468369660309991953367
99 -0.01868919894405620881059531058571471608576947227295920875257138122684685219928684828170961719709576079004795331141186168619103914430870357874386
100 -0.01871885647001466885007410514105460614486552037270658097192416813413760010221637098519556592055672494827471244179605953715695636579636569924051
