4 -1.4185032710183052218681002465946160186549096262758424838061721255951670466010939175688538581926205761983496000227622324253328566870234016184
5 -0.17265118163186517868111240133495191925560073091844240265648398430056080419105920859408620949924623643347820010572056626576202825777477881044
6 -1.0425970484661910689855106335699286830915122039291035078549128955937422801682263978555184291651131974736088440571581280335889104375775751832
7 0.017711615773652063578505044025465672033846868274134670782126702582267464676140847744861111668696329213221251364672036382045303877561363752307
8 -0.48021051695328358782579622896975402600892645370221433826684310073899392162189832374887612234256938475408522496365155118034572813309196793004
9 -0.7250158820542012124586601893052841727548969984072604387058754573658835681790226149085759016091874732398475555860151175047366743777818291474
10 -0.81860385930816295649167715910686662364490144733869579899593081343100630030920763418141016873329516269484037486956735003273924715314901168352
11 -0.84815950671637705865062988045738006231665349661807808506122319377864762865569621831712531952043995811190719569999727787759258908357655486543
12 -0.85081690258286886949794828620788507720151873671578877711769173064898400975801263442133966052538347429965536993990956318654584096171881103401
13 -0.84206809656183782956584703083827412481237484247813634255353657674632037387076900443263263471533073732268835442861495294939103056279634085973
14 -0.82866499488316940327454020702316845512348033933443858919098776788445342213189328561899624479454520545336244952813722179737528784525192005193
15 -0.81368460243609752321987118700138169988230642399769554977406335280985207445846074846035143495488567748051431104167800525944556770698819942399
16 -0.79857004987907919403180635379058329787985897890592352749940515914292093979859109217449941842286599283112936817472497839140067324550939504748
17 -0.78399897550913269466445798742350898510273713609597805314786783416155221522997437607531598265592844847675711185648469044954704433455160049161
18 -0.77027456430187862955457095733746758190811081608486074112677688041327139305185907622674847181692460835391899398738756164888201086971795661994
19 -0.7575111203335680471860649558949543442243461665563509061112537178243741457546072249158724071051320938695911454121019544060751565569532050313
20 -0.74572627434698047639235727468462636708021994914315635477689426176071838393883522466352682197654179561456378676673826325243222423458150591566
21 -0.73488858714471431042823692110476674667853321612172759794090443848056486508576191059213460161144083077484068962949370419841693787006159301299
22 -0.72494285952306763352790491070557488972203784213321767826874546548188890168104926068116647524650081138978016101041131618727765482142096372954
23 -0.71582384815145475072514076052424816446236325138277251555643986738412321512461682898602626958288763984963703933005512800923614833999128122945
24 -0.7074637444093885582191953996036019864990409901276352966220375757706959395852121923428993530615542298831563403875087384323258418551226837353
25 -0.69979620508875758568828046685817723509075996780672388272823453830882653757792279572101654325823969556385314377568543244920551006901250750716
26 -0.69275843814428549380181304366268273799625461187546894681247609651937151484643303419027735651528742550029490714305610765540523969204618941821
27 -0.68629217839206882672542780438104720056311494745232867151121922196573200379176369971100756443312800610211763184829021028956850928106045896208
28 -0.6803440286342014082202449104601288378000768466978047140644643512595031930893194365018973019243251572160934340070940737734405632618100623944
29 -0.67486544237147535464274794632269857368561331808337395946032928160048532151216581800657164439650494294221541718297967519869853696601762438333
30 -0.66981251072969315372784557026895612661483255388518739515453922613077432633574322166083695424477435390266925186469323936234445437159702133011
31 -0.66514565005635386296828268272961719342570458184827638826522501812941349619293898814950444397322219936449434288116023869002571163516551469757
32 -0.66082924735472834416323241426744014034314164339224643115892340254611484431187087878853803998776451251469925830266356471416566629320212925646
33 -0.65683129705749480125827185253913921272460355080551291973287998091269309483225085361967586948727551927218955567365116780809766339139428349169
34 -0.65312304825147638878674852607963443543905233598306132930113233544218658338904702545288446524864302043609444232904696168827487596947037746675
35 -0.64967867267628141671020949211540094498229761684353769877856942146380769378873067168222801628766442957493558278772313174867117172150006240838
36 -0.64647495846248267685949839457757628381593058652443512452546514680165204473398730038892637992717803199402989030049160284566746980865877843006
37 -0.64349103134206902288973072194148636545041946307169660779627183879016543015515706884065996453025519163069524854290161469362254564371329226595
38 -0.64070810315483785098511987103305474165932066527325180021041277184123371748419971440139986000817544411648706023286920684537277143414105678165
39 -0.6381092463924315167710844164388419599904092539628199127138310433579056708255475432976836764432014834759755256255943949044714869384016155818
40 -0.63567919295525737760404068798556611035594781781157636162217087099123211588902091950329764884627779604770052723896271861582940506125285258886
41 -0.63340415504957331101550916841648482911108539682128192337913585694458299219152383786694439831378772866822714430211442248315357273115311431462
42 -0.63127166609742524671335210446247938485147332456468760468947835341123592087481676807158096943078153503556618365461308183109256403577105110883
43 -0.62927043959127938818254224328392603075124143421310827715281290889522818359640243927135935080303391674535610811771714687343055819944201852405
44 -0.62739024394758151965697750267895580375300952970575502211174648262510182282753862885183304914868270336717069449074765958878426717876188733281
45 -0.62562179156728209905573392329921764669462565328637418472896547795321646722731350932310888536929052714298060011220315688589687815411073289413
46 -0.62395664047683469019434330606873577282890169833365385800032433392268256969906859565125377545761980026993362448404945712636080944669505420567
47 -0.62238710708833982773618773140785956562920308057358847777557638676733257299467041443512986378113803690314587164386436000325309917029654335335
48 -0.62090618877541456011373698800957690942341364889721051093144406308221243351655734236835959275535115356344557342739434404718918117371535923997
49 -0.6195074951082763828574456411653277852500403678406653101162819591975210378421107311147581616665851511450649321683120420156832061938139279384
50 -0.61818518672572496005425858997836458211454578704359102875371938687905017624079537123599461258789299865466184016059625064739706385093813111636
51 -0.61693392094273030103675931040771073551795307725271200782689492543848888691343943600370129415266031608690456192639113014943449086537930643556
52 -0.61574880330049226740829617967783656283809434568097906487446128013376991563470184106897134405861550327201103982502744699603940172497263710437
53 -0.6146253443618539753088071863082107777493598150193506960248111020676910839310036526261991776550074400293083193993849821709008083000530127274
54 -0.61355942113978235721958707448215244524847038911922642343731629779025349420289815880313271979982689855450080557153167570497907094017368768725
55 -0.61254724262131312584528909486572634166540280903336187783353804768286371189892389712736924579174580052587707417755978414096337178837889936973
56 -0.61158531891494210538830500854907800492112770780004806387381627906672475744315821049645355346135031981064457260807079967052622292193279324115
57 -0.61067043360693672273242119342783651288449686173453877735439683287196443203862606056215987158491095195898273590446460267359579260218914110156
58 -0.60979961896237895647372775011275049967407464810569303231312239434753653094649884766508929031484843730618781320804871004920278180591854878843
59 -0.60897013365079221760360077653015068731136852391416889132387037050256914283852215771141476649283508159649752332156787347584138033220802634113
60 -0.60817944271472283953523098456343695024175331807203131443724289917424075296679129522599105086767879223573365517721226506251440508807531185551
61 -0.60742519953333209487689397976369464927694444640942136204114025821767364897855372406196475727502384393830838445386422560148537432910293922519
62 -0.60670522956251797413238004000682231519349475779567526346103243263144992318681101567972067916492176894012112745074939846266454804645841099051
63 -0.60601751565886546088974531944234703651089529956953390832151306949860302428535383934001880751758034427751303397961823387478981613401982199691
64 -0.60536018481729162050227102901634059263072351063895458902027058187907537134223653387310359795100086611949878587229198552451327829754121865542
65 -0.60473149617202004727324387375818405162273589173665751747166785881042177956632338504358974507192411681827025121382426050859752063381941372165
66 -0.6041298301278479507242786214169061041315215242667646586864624332104149174478622732224001413300416000143080329838224216160614866660115237017
67 -0.60355367850387178144735642795580791632031370379983189972847155499302070342451708221462439147181068550782480127137311487558959086117895471601
68 -0.60300163558518638578432235786573527538161004419839255743252517292244013611000542501491433482555307239553255031557106565373225950959256090233
69 -0.60247238998980516267577380729292387507252044441672012671538079526140499262431108844602137907503083339227383058463108223061365555340681555694
70 -0.60196471726837042298593170366152553469325406388157372146712877392832050245079009551447753277809974077223142521777015738572133646178461793583
71 -0.60147747316331293954521963010384286457980544986711917416193684389336529304018086142219755362808040082888350643963698550103792057524135111084
72 -0.60100958746213287281289250852081209468475088862744610839483722672506513577481127367069300454618791953587650420122086390169953537483465822971
73 -0.60056005838654585291037724310565262802715013680516302935698060270589145741875647017106586155673130180367144639051173655666007177772016119387
74 -0.60012794746548534007682869632974474377438415452707211772556930682453380041475502829708996735524170788512743949946414512636233499576217441788
75 -0.59971237484547753245882596539209830095677946330834480636860816065570413371573769442412694980090946429601100092428190892828962323650558319648
76 -0.59931251499679686175175810609125962966002192396325466911428946974331082497906680059245664227441564243177345705018485218074738930387319936197
77 -0.59892759277814586307140037112898842466157781238380095665609575950653738899401691461183054469284357925683939640404395072683686244406757658327
78 -0.59855687982645033769664164626493705708975282522833398856648791185566826883690835480748348818691193976874988182774259991514542774344509993695
79 -0.59819969124177804542302174291623334848917229483677836430337773462999980192997944155928303369926421257727015547688089845938999994966632903447
80 -0.59785538254042799856579130299238478698277003320455015791818787383832767401954547557317903641809984956437252069583980658647219959017121539561
81 -0.59752334685194263434402942398598026488369949197106137753721529081911503597135186368845981494011618353367877320967359515541825620154030524067
82 -0.59720301233820594383872097952105736409156557994711837580283940747558856963523228058118213076582389733291755991470062000901951565962194108873
83 -0.59689383981494137473776163908949720341446492257789293635067078693425620512530195875203654319649288367808433518725582051195130647986929915095
84 -0.59659532055784409395715105136324102763999064997754820683125055299521287252652537563199155185195825639109277100029385937607448303002203623649
85 -0.59630697427729939053032785441152121664558341681672985485914038003423783577893910305387031744366188995313625627914053700650075233093699073515
86 -0.59602834724717579509277987164756148715809081921698159758750423837295865289881227983320493314830175148105491993148763216186570875157793259694
87 -0.59575901057455825993861535236006499803243342270188959907613304997970923218267436613229954311004531534517196632071509232372959128007004704601
88 -0.59549855859852140491483567723360795024812549539295828087942596358544701266876745844232041657659887674607148750373122352435587558764737373338
89 -0.59524660740715117342727140110557816532993007565283671598013632013954730188651543035687954585867400078323142731925275934165557481417140923395
90 -0.59500279346301917499995235060352684484011865293915481323708476762977090799359222991718698500073441555721975869036577976472686267613001541288
91 -0.59476677232820979669303745187587694966638095801579216888087108925013433974186929396437244067599261001864515319323778877597660983669170173605
92 -0.59453821748080669398268255687952143663793757149577627636253098282747778948142139777501666706596283504072426497610025192595706767958025641001
93 -0.5943168192154721160294518876078946188473803406527997983580530675092913297122358894132476827051340460635613202745343320860288428723020089075
94 -0.59410228362140817282178775910740746755011057491923664910685433232327391527211962639347103117350616700075585170959349763265774027342726892184
95 -0.59389433163158113728970665616571312132709277082400252103179470184005324940165740913694626858051797095419612195412774281717479436364875967196
96 -0.59369269813762486839554485117003172045910840329669273155217816507427866609390893875398671609209958597541414170695106007511252845305904421887
97 -0.5934971311653233671118184077949139087474085322488934619621854049758071742515918705002026508113377416749739813271790460428185013648247640979
98 -0.59330739110601060232768707866609832859413035320080167708384457299215717049065023480867916293422454712890010193335100795867676629942406727958
99 -0.59312324999962275280502443149354144822628376507685209763745391232961992035749774916867443175160633382765104094269700267111528773425926777963
100 -0.59294449086549807576000793447809956671666760158352006961304326489124319895654453769345266120765478262188256671580878621378075720931898427637
