4 -1.37192249636768009149155937448138869141632144498952422712759525245501254984320651420597316930890699039498410361248278358187969154977113294
5 -2.05140609204211915333265454225979026985464501033248385421780303802716956213653439766039696831971500721529288841481634978434433556397997288
6 -0.857920308948961157224502136785739959601413659979321385570741024836914547514232215532572811324593181464971802467373207574842465992281228044
7 -0.116115071656966592541741257735236001026863180019567014771147484717597005116123966647325855171316969710556298503936082281507753700863639525
8 -0.667961907753998772855715032116517028383188368088658120283357620141464005221367143528207095222337517066624752358449286062143546769199101746
9 -0.587174725427877114690950322154086405502346699844030496652241191992709033103879296663242594239666988702306704329395345818433139957980561133
10 -0.529482689968500285041851336913509134672348782741484486035893655126822138769981309030488123458040102952615905567304769778978477991946536858
11 -0.521760750900544087739296496851387766280327634548906861583681386033404125137684570192593056787791670878123081371518872425158021430743729517
12 -0.539076032318640613714228372675828480723606521631904495083363993371189380920593990710318921270744763552529203567089081901794729388069774383
13 -0.565987075061758978092029356667162425485797288598795036508251549882500351021194811092685174271889746036259978176669352340541492597438022027
14 -0.595241666859718547418618880427423327052438275821897317054258664372025496898637820350408797963354306205055612836138243451244647092119837269
15 -0.623713324178010959757360475765133430891447970092995191890494065276856670994487455146058032319784159375071463628927496292708521495538127081
16 -0.650173566480370058200330160615286451383680385937651162363842861341176002336697099691552162605465475324942365874211525339693817650865048457
17 -0.674246235702121413427601218698447567719385818906890065178146090094501688698719821696066787975417921031094739437777031957742706996140904979
18 -0.695929633645296039478969631568622581952725970213940343876671013893772364542546645497243820767312231191021679219619486529805601955609558872
19 -0.715377677838639590119612091284395523006225669874645758961969521718694145919500584748367748451172203781846501909231615021429936143925674078
20 -0.732799297540201832746925128673656221318757349214027924375086874441389426768059434615862310253617332923018501101227381435080898673785582963
21 -0.748412599244945548368651186419846905690124589888311540075334397549481505905573608030954870430695795572873410605568471501857095009318313752
22 -0.762424788557311797383373999246633106558433958015033721885965201657031462081010450867934147210291706249810312818384007062900781520687364139
23 -0.775024308306303202590108517363950205037385256931423975531961498191738781267481099162374043456008649830113866105551720775642222120098499462
24 -0.786378742943914360555571826371368511434152282606254116110214748862715555248072042960259257489025270204662292573584406198652737230783055893
25 -0.796635366121165442038120090418589754330626835740644275168552145497740361905975268367045974311728978168449390925778361980151069867209275331
26 -0.805922805738514730806920930460728447560225509324354874020285076656523958540633204075132831118481174138901529616012848544658958556040577196
27 -0.814353083275822884107072904187649444464879279110923216818485042456322621501748993142212498484275761301995755138519007040953054751071833318
28 -0.822023673390383783985764987871806545422064652718227637564366268484900942019650003452179582096432271025702493025705961366217075314587179345
29 -0.829019424943067235013617871515770871325247857236124261458138954759434427297764652138262128002412735493489888638327668359991568859174476023
30 -0.835414282325217910942821602185924851777275869735759997494257149991721940513474463215621880494720260976050839655949497958343449994149815804
31 -0.841272794042381788481038762866934779124353861323149828601145164917275353928788340709940719188389371197815791637442483509531726175593718035
32 -0.846651418129477814895864924067681179686382995064856685592610308285064303604926242659928896811392005848566955376506818097535608015622070645
33 -0.85159964353487816355272848431112395377453151898900781938015037152106486986119648009670261118409578671668219822440006212152871117127714364
34 -0.856160949568748992894244105707248552715070528591027223290500282951491620723218783206715179111549502943821108022043282495179339773433134339
35 -0.860373625240624070003234430317861966258317269765801063229047980754348655941513257592380062364180739880961686489596708120855548987172977999
36 -0.864271468579908038729493299474194911340257731386609601544701514282481789001203190868489781370082926143563849389179166657171279961839129957
37 -0.867884383756415451161711372100449632002215478409833323737245677585672643102870326941203593868176388740273435630612344827917375001250007132
38 -0.871238891457982351760134515005105304431214870387511565375680104419798066995458721921379139313394276970107782164650103870925025305504303886
39 -0.874358565758656241934908160242531761486570527815626209382760818504291313110165485085811099832140761103930177546745221097080867111419199682
40 -0.877264408716132957261740503100135871472916663481704279232871105113020407194248065881198027257074412715295480721269189750323419503743970428
41 -0.879975172196905013139136000458698992980068582219838946398988508930217804614788449640595824012459746917714259659763529344263823868488563793
42 -0.88250763493511816438776516617729385514168402767211388765795909852932113790588063035990887250662255322339008647888583447534002872028795189
43 -0.884876841564632447375931229654036842928865919818252006688793173592325904518839808889844759174872278051651902464044357598302368099808887772
44 -0.887096309296123034537675532384332956629169722340324979579546022934017740756261541666792788428358747172000543154994166451579137063954822476
45 -0.889178207014619658032489751680301306366625883167852873746799134466259423097131645962773129066314730010431229008233060380172926401110926573
46 -0.89113351082190319362222395666121023582539741543533385645012868162836184805127897432575542570345595231703341723813025897514544733075318624
47 -0.892972139419698984729123316982056463155657793350361059065181505573136016475155773115455435776102735187780369524370663398491205194981529862
48 -0.894703072203731761375543585164798329643111897427466982551846585219999907470113506136541246806207442536274976206619201827972739652394836099
49 -0.896334452498483747187356981764494569563794191337594890767561146386651516819019660363992705539334086396937699445313141942255748960775609572
50 -0.897873677993639987255471775684849685280599390935378611447059152951870862226437192707660178591932700669318077727738325541028574139251364809
51 -0.899327480133760790279295882426525048996131942369730944599994513464499730401594348511411259951565315989651100179375811224501326725104982037
52 -0.90070199395273634474846354569572011860954496177956674504258160633440837736333623835468097963992243168480848597303214064461246269710328882
53 -0.902002819625786387414619177809562031611202031097038094846262617306743705315270779638394584977232605188115067614012246020728222710128157585
54 -0.903235076827313751638178256006283758600896373437459001937350860025132006750058532395064327181918901236942110204950353060699346439163302551
55 -0.904403452827124831838466807300228681142446683422854721972790873044683035853981646437032480112219680576359911270479928271662193505891004844
56 -0.905512245125685918859205263172360753732534161653136568863518282406383854578068950871062456106785944798563868133668202298133111597329270306
57 -0.906565399317290021487683781147855319584684128890155409250083519221856712553227523832159667719791977618982819809990507873377997878236607263
58 -0.907566542775026450733917075155477461796499721940575796265646879696646403569858155784305055874649078837036826733517617507328948317937056055
59 -0.908519014670585440481357458558636300119710372724241955880051045197872460282653459529441916351297964974449185762696922443175431681247444224
60 -0.909425892772955014757643512789414481859913556677328502601711320825030679045013163479970977874548823895286019202863786577959402373219159258
61 -0.910290017411113196102589932048340486949892071511206306243259764511644734213150995882080094453206761716671442612561660467081108808005753148
62 -0.911114012935330043632979307792098632286434041855252408834646416776005378696240567014427120525136822541336026211995269317731221371889867542
63 -0.911900306968370726003509491633317897654747033903748807155442920172625428417914168826313879397873843455221616745120928430832361362474610573
64 -0.912651147700644116397470652466594086557227260752099026770663345807710637807398206069465571531106287829276473529997070996975992702584126491
65 -0.913368619451257874370321416123453307742108157415018512860555371768167682239345847923854373563094474964189490984679571364325469403073986252
66 -0.914054656689253000078124115901530983998614391248108049588975781392931552985748661329376565442272318559032787639877737784861701442596254716
67 -0.914711056685352022686883241884280148739999443557713659257737841658287087299800332574875033891787007703612828374581237898865424008665434514
68 -0.915339490943820018518515949694277003074604830675470844905509853883256458415300057169018027168350577599120560316627076951535649939657951274
69 -0.915941515546045665954102150033947309428615909352559696769637998384032215245772209079928731257280186153978956932615505009525907232088125261
70 -0.916518580521810275801204410898901912108353888569148373811259872345203357692385806594561449383580093617851211296107575410281530445769835694
71 -0.917072038350595117775738475833640690281286174584838842071881494207371014148798783965669555461084258234409465885210631430115794363608074469
72 -0.917603151683400020154830304618078768575671326991848557337306579456854345272072724182771795711781518487168805520446170929740708240563368618
73 -0.918113100365169574012234722014120849812697845367453326258961505267925370231556858869936841238126060544035662192332550227604885248737791626
74 -0.918602987828842971633457808001593363934021368161083795401189219891634796818652757146711508641088228256805537091516160661436192348344238687
75 -0.919073846924084930518100002484738233120296771281899619020854989917947113367520282262080067674056758494644649548010151749336013554184411976
76 -0.919526645236768825278149020550140145669547267086626952861153743148929192225175243528815230200553452138599956635012908103997329808344569784
77 -0.919962289949140898450681077788299519728711053270068584939600194292284510402829482862084995282888279541741367059770571788090233945311958232
78 -0.920381632285186156231969730238925367866174672290626619475565511452285746706066321883033538671091054554981227260566247502672583017222708627
79 -0.920785471580947555611239098372999482197705878718713130522198926081380650067513721492950248639349162781506341204575092829741672041061861126
80 -0.921174559015338724646067708176238763152045717170837407200341492269610585009180935947130753983192026820726159872965104049395521160024308562
81 -0.921549601033266263783836347997819865374164226119077553266347151716457737806382949142237217733220587345182283461840522077118408157346489246
82 -0.921911262489579731333349093000482722472748576639913843018796687051159578183714597012093780407782086955126904235588651153303811363922806666
83 -0.92226016953944296570271087194964265143653961557903792705759317091124061419151893511120279385161852590764456309587255300274392851661161523
84 -0.922596912298123687839343214610342729789089478558688419457572088250074313065181299587529580544204923788734987959957360597863339932893225037
85 -0.922922047290889618656394654165836853929999650004025895638067535111816435479486281269042191344857118337686445739484779972546614869303138753
86 -0.92323609971164406804024528751582995066639278064652578997388865408860004879892146908850698477675972888990710289579584083318486123595362197
87 -0.923539565507101988130640178244891164294617412069632566352649698236236943092109870984650768890670441687938117179360566919995137408894206768
88 -0.923832913301672560078511414466081116334038604721466079527762761438223334202848918642495311464110749216563174807379510804713339994928913723
89 -0.924116586176753546231728921462009684950269293537644715139859336578386164401278662614481564378691674667475486833174557835146635217657385827
90 -0.924391003316835806881969014862963169966803306155316311374781725805571491324832024207274240761107450201969891748212629843271868285774396283
91 -0.924656561533645959513990072167499065556243763625710062234823558761246066520892680311673053690944812199573354630879371552978446276877093052
92 -0.924913636678505715954005315421915337583622513817937964269884816485427953903427059301287246202810145376229500022846942608584311668646515795
93 -0.925162584952144412790353705839090123308893190439646745617341447065426568258917684702338975929398959219798173860415488049532658761145465093
94 -0.925403744120354730012341403970451008865773991967071020940015196169147158365658475567526826790844397561548856421843364453526163915258065888
95 -0.925637434643120072171156108958337963024203692082744102419136508847190173429197084636378081377067192863523957410493174445249597886006951477
96 -0.925863960724156307409294248484442612689119019717550982950354767298982759295844918695226046643291298728917781175895946580529718321290629342
97 -0.926083611287192349185008745509397656526639779627669114899771822233283536258894844150524780499809260811970625539089196080930430701389640981
98 -0.92629666088475619922649170182344595337406579852837135029136140465165299773983551936868640659008714864885701842994782707112826754147491818
99 -0.926503370544729155257337121321585102958228890994412717259495290874022716238276721592423063172155238941151112063051149506178230407039960294
100 -0.926703988559475259454491597298650155765236999747728643501427329115176467221065514905557591288322948818086241117562754234255220057396824902
