4 0.25
5 -0.14308263073252510067912200480194924727166830099355141635271949700788897562559144964387971016681944092924716710762335912395876598367603091
6 -0.55583156268005835497573137112983971335073272263238637929474825156890164048306587299699782258499388976473036662330141021030717615358178387
7 -1.522357602857287578751326635707456205230017863392347167197676843145623746035704188369574118139400045446627670473288121613863931974989757
8 -0.43384317133652644252683696298023242678618169793742507990366096362655000210566936351756506724752873119250510236420503233738109798677818866
9 -0.34343364785731095536951899210449676735592399074606360103561261107861252123813284938532009812102081327472154906588421411805027451860724896
10 -0.28120197618438527536614429695169426148980310607803898361007723656949264375032064371187886844997593917649157506061345400771588243085075897
11 -0.22904259015795958786569497749169134300581920880367652995173505252898439716938487438014961649499134309492498780492555306808571273062409933
12 -0.19390241566348592824155454166539172434902967129638318947083487631859693776451136511408968852236084804721592264168719752092700484491912189
13 -0.1731588169249067007095266355381730479466416140432330694824337483513592159869943221039034627621882061118277655522437358090931817865033839
14 -0.16237965522782816607688194254395322186210462049489726263363689229212987802244745921586291388342906034969237752059858205529605789611236414
15 -0.15798051284404526495371214728423943068190651842100853892810345303144772482905436121754846004957631443775923734117265468926446896511826052
16 -0.157504840808832097005729910277553422248294616606423126296085455074755522946507256528049674113463825145895516954570667843109160184138548
17 -0.15936378199933081730015209828119960818830467011164883674536185990159216064827506784033695077524364915266941267028417605644572581108621867
18 -0.16255296295534079696063021683873852383959768319680713536143311130472614657645624829207084666783780392400893175660830868329047315630286604
19 -0.16644420002581803284922526762470242670361255844972573499601024015824092841690459247410608334689483830601807264200885781730892314002643393
20 -0.17064773787950874044713042702978410758609787402430276581101603338828170279439943848543801429243413887362698111496563414198868436697417632
21 -0.17492440396567451376098811451602692140911851621480437327306970206492479982145180213434682922851109184478468692995987616069490914324995751
22 -0.17913020359535466596647227744753485073660529362818427326573614468125725143721331996749014999340341296508489498807814600781915909688882953
23 -0.18318138455967568881901159066726798184450341437522108726999912729846916324907665109366797877366465408714011255564220798283206137276513965
24 -0.18703231574087095455375242156886523248857963868774349882570450466144309214116108750686056525825978542760302183483512033664756959034326663
25 -0.1906614000132807260834170473420320201667057353384711143443963053302665136024242789709034845261728154167617432545669882152539284621852973
26 -0.19406205406333532770470963515794054920044992470917349727548616954696545311440114991017309781590135192897712849002667283102327395083220804
27 -0.19723690783507283900676032798383744085696408896778554688732147168990761965939459623805052005376316437978408605481025768222541872743411518
28 -0.20019406588200800559956554931009304536363462963051768260890520511727795854662877839716183525405277854823867045600946695303414099033645719
29 -0.20294469895162388903854622297167383603418976773688077620515391193895525807330600717688524922803036353909218897587759861613722571620890701
30 -0.20550149924680530647393184449842969523371414927216478322042645163761420927023632424371271876706454851073110672827098147390609008345119454
31 -0.20787769924687296975236142223519798238810999581945665465751583629950631183383877331488623946364590698246833896150853382156889485464235949
32 -0.21008645944854127428924526233193541544549896108655849864469401918255802220306075427549865709064802261450971883873149184541304110611208165
33 -0.2121404978648430079861007690519290459147590557857786195266131544082797745180083234008516714166603956148985676702546021939141982596401497
34 -0.21405187768094583838356602681348701026994959365099243860599780802902444865021686905043712443905379992960392464896770057254206751586595503
35 -0.21583189782639347505987731714407002510828438412519522666048016866272819212612991029331833997278285542043333662107292491887352358725057604
36 -0.21749104983123620693910407178003875162371168031958758407925494808691660658561449739081074618329043748988290308980924047441710822531392955
37 -0.21903901662704030190863004512783157979380017204611756580541846863993418370140302693833477429317376332922158415369926214606808870601571399
38 -0.22048469712408890661450322351095278687269977271455167560187748428697083412569981163253768354963036296652014076977633042019951374900749474
39 -0.22183624585278447393657116512209880249949510622329220939556133853419647803413628742037937832878831161636641086445343188023271289106227805
40 -0.22310112061520701766626432698751096248343551329470544488344399136787127701242305742411722636559491393624135965272299062662373451839218905
41 -0.22428613355076154098559586057660765431254169202526955102085540051867810933801294758620443949381370366903571387635463474892127406142308737
42 -0.22539750267284458670767324208514068306073169099931844924127471957602475956585129052375860682337507088173957866234187973661483828752234151
43 -0.22644090204390406988917229524294812794785237242254922858484506270130141913155557608629307747832988851698260369149701128276030615479848383
44 -0.22742150949966923478940079402744687677447726553934714872462392950767768689572464587513521563617699371158668930773195192083573600036628422
45 -0.22834405132776464337502896378602805826469825301864149950830067003320714792220348642836028866839967022743257883161940812097514781567550056
46 -0.22921284363124495757269440338804582614291942526776072438541567647433320599519190222628296945425653101665432960747267706535259352047995692
47 -0.23003183031803917804422862839917526870362250111643853875929370582677236049556484601680017525326400291715280750042688797647173804213339999
48 -0.23080461778985708332660094317827308112944299514664780358735638237890858404897989443918209157033498226791644236580754121695326590360775841
49 -0.23153450648407259541713285884242729382349380825268506735437610662310074957214538210001335573749539107241908984846269493549147250016898712
50 -0.23222451946677808808287531145954281427731359888215799555928890639423668736472863914311979695171454852572937789428634066921251359133568681
51 -0.23287742829647119433774705642578243823149631959243328446001669000406477549124792582531332709758381315633636850841212160159545935732705757
52 -0.23349577638382259134591861970501323546349789638148958975559335630139483620750531407270246379437986323930836407541380355831481933916001309
53 -0.23408190006923632037953668159722967392920569908790201684585674358879401370173534036652872149530086177193206734433373618009752332384635484
54 -0.23463794763023445906250720248276974150249365776024946905408626837919235544100944570752374729950475908063121749027958572170735798660234774
55 -0.23516589641763012242664486065183654022863549432533666445941692440099772516001321285345484304953728725596688145847933968425357032921790911
56 -0.23566756830470459633938965850153392055207992963093743375695220510762096197041954332793284737771458170489831851004205554509228200386852426
57 -0.23614464361829938721750714804848118224503961308327158681323869959825271000811289043026168613479992166589193754806127299119974801868836069
58 -0.2365986737055935888995876901802823661262292721585438886354723078085361490439649014344250206796929445529937509895693338032841407205248527
59 -0.23703109227580738345789212735368333187874270705993983136304803429710645734034860553913620189194217177287341093196585550291187759552825559
60 -0.23744322564241264638868598073982919719537153200342589882836217660341682618691039853287059200828724057524215232442639961219951014491881538
61 -0.23783630197877447742672480377992995425909296831145487202139030682215702833004974494007389420381549674254686647471708634618915934497504784
62 -0.23821145968854251794040436817692602342050298388497338851672233763497803148120794922502430958514744908933482441411554856563207602323878779
63 -0.23856975498155359069239778847815265181204826160461715874501138961721443724641427194044265299264624273165357072292991319015690223928751561
64 -0.23891216873645917447879083653323893908375124249788582816722554085114728448400996208930876035587570344782102531029592388287744919587553491
65 -0.23923961272269425235057533894330335077261616727207704294258896384035656802763013270252181446374056531019757237469218788271638541890745153
66 -0.23955293524668935760716609948333317038080925483343577065523462336626601851588609434392212037751170798284250282274032651524705579377660856
67 -0.23985292628032211442168487790196597916433445346862598054216859766277964107718977875379885449624066938978157292349901606510247589418076952
68 -0.2401403221234349569832134508963089532289860195274078846007612130231181759052636269361549408679963194060941567848931150073923877336409973
69 -0.24041580964674111459114465267438859981494492829958208445815949739706133680920859555869515636851489726775246999537974217729175259558043514
70 -0.24068003015653438816674385168273925367012607186342283254209956252546044013001349411444524404920150167638075144054661561755346765161183951
71 -0.2409335829182474864227858444331701059504219578264651828589556085859386531075321209787517233876094877431292911082083595223645238602891491
72 -0.24117702837201162416685375448315273868345136135420062437009630828931758003944471223343096326634968260705671500225760506488128318341860114
73 -0.24141089106990476788945094370016853939281478609221571281927738185267644656929463810099648986483933756996072776016849002296428798337475556
74 -0.24163566236149042838154060033399210902380016486910954916282653832945210772877651246618554399184987163408303388229749103487149877492078111
75 -0.24185180285150109309074275965320785745496384015853502490408478645878497780509034735229188261290370854414202235907436460908511974652887468
76 -0.24205974465107254166208092660027650972095516201454119116385575754518835071742497296479364399239172529437557261454925171234415085218828636
77 -0.24225989344175374832985455434102865297814775989203405337201332133182429623744337403819473347599234526271770853239509212394706190642355869
78 -0.24245263036957190104535657411632647832878031434928315144673199631263320792418922307871622625787028982590812799565232338996770221503527451
79 -0.24263831378469666161064386947998253564145701649241110856904014685213583815974789031760487423842963097216496152746640133889857092243166622
80 -0.24281728084069856003144338702979579503522625865855262607914652656495415535945739160318783429635912981838199460952803053144771097146808956
81 -0.24298984896601245198087142893006342292467486421925879618614582942832379099050406645766698221042852928400651739270165653601616837310539215
82 -0.24315631721897975577101326255778120860258346439901172303701267206398900962739634173488897066315785952923642844930476877578654140193032572
83 -0.24331696753673633597313134039449933440705537334312159312653185702263339897571377370872011908509456698738274716042478554436638460847215019
84 -0.24347206588722191177930752068169608757811587428654279325827666491107386169595949379200338404765532949269220208508817369336960536698280768
85 -0.24362186333269890576992153907997783300984875200403608596032933107381591718827245175304280064423844739610673820145118628156729846832861793
86 -0.24376659701237235571569083359826780437654649131770072126587503189590815458995369106534381387559227560249571574639870821997638324486568722
87 -0.2439064910509878356747543922141074018891655013817876082742244368210405735147485071039442871076802460734250147545945772751166865060880992
88 -0.24404175739964237218997438680937217426217674192335627538960856354415874730666894879780921550727981638127114173972177172974115621810113774
89 -0.24417259661446621299629639899458546296177935016530233127372850031055564316512090132948442247080756288050143699780045230559632897729233138
90 -0.2442991985783140229640819801201839500303186987621772791790723177769480517263847550788367379725685093732734035455359013066020012989447742
91 -0.24442174317013645078555682226063570856522088293320811079798344764740714188094269033221859107806471925717592840251397383016815222249050666
92 -0.24454040088628153505986380534119380238227190198740508710492141001074032057955126572738633612746169822200640987093515942099550204008554913
93 -0.24465533341759522208094398953392354168921766137870394926079096792166988913608888175758713322097373777586321512879611447545550368414657347
94 -0.24476669418584701699150223615423808103145537668308078898738727202936158455363535005628385761810122491942775363781072459623236458468741053
95 -0.24487462884269663378535676218080151891774466397957400644825308348251562263716849109213334674191633808768038299960311591677448010518210814
96 -0.24497927573413702226834213683850472736175887029442679752798378259713463907070612878423436855143716667130436391566731724431431112118347231
97 -0.2450807663330952822197886303489796760926055730092739406882676065703039477580512578128731537529001109344478220905932862920029088617673231
98 -0.24517922564264301030438389061442787898217857607852285450557233644730661980070695008097838137298838645118267898065268906785531948354352499
99 -0.24527477257205914221930903324485343119786347592479470512496755955729660394463183841697318551666349627869093508270931154262433705477712689
100 -0.24536752028779919070257849244418273147223372439964474041539366206466841740869172496649493283558663160480112368630066828435952590881527997
