4 -0.483988114538099846621236979659652568208086192464795198829093009087870396005305570418983527236084392147907021882005816317720206055347818
5 -0.3758041195407306239740753361013851748163374052659721636147314758402960565304844789416888221242421408074685425293085342709881151508436371
6 -1.188613946720847138398442015053405530422997899551047135365271627644557009097666049419809579616356811776304987006672475344692039047941043
7 -0.1017859633602443532590865669267055299476885649098012856952122720513442766111635749961660625968657798636392450749034189342114003112028551
8 -1.676963706567879332464056570390666510146096233743573681701670323305960282868614315637044542039712665472132614322568096866494993791588086
9 -1.330932915005973871377192410532317052846562046890550015185597178001127435827515582776893486468411770016893018539044763139642861705441519
10 -1.029446151941027393635920325855779066064014297166854577036543618706016172364531965548521968736660831058781994221630165183391779117118782
11 -0.8012209613302040394602874807721107913500509037106937140999475439292102032350874104767427582167015100844980586378753549319243797308391977
12 -0.623597741008932265024138256952891867214506478500945540618838900844771087564970041467793678724619850225130930719072763703930508069306053
13 -0.48285547389733922716120840103256237216083710957452077209327266203751731483459148843662475319434881243848881159346674096001113327723247
14 -0.3697808551060112402617296233929944125396894599302314541850968306059821713584093692781504856567533102903713772726369319244026873158433355
15 -0.2777291645799375747058909845433370548687319480184766598679673257978299842492823723384398712756002081794588637974245786954890730934917637
16 -0.2018308702765458686169726345873380841642256198122230264336961224014634214648009652698646828465080676838207360464828211444498557863361323
17 -0.1384983151846960693200557442975073242500083178108569315533396411043064497503183121042748817633855960980669204247182636186246437205142495
18 -0.08506901463919097424035792908402847391398103777629630150627658171855444994574516173773780034508053350315330497263894891647869057644671442
19 -0.03954661060875622988350230141648909890542963865440705565173324968838563891687063420260485748746740825440157239330595077659406832507696141
20 -0.0004158497638844766574069269312529091966746938770789521330877468203062291171225428227093712748104160279344307398879725108627914942852354247
21 0.0334883169756850610759508276923371606439114640580126575951382398246827843483967916681538139949819245298037787156775512425688010199467075
22 0.06307326956944304523134338193604799199267098704479559149659109718667115865377987913489011805462664377563870623938761150882811045471829937
23 0.08905448119235920296567269283966293933312484092543127757891428818507109354257641547047513003228772476220558988778901315303580900312665176
24 0.1120026777120904632013761242693604964123839334583490664432226600702460934904958430662947447930982654611998173207734589109497617275698948
25 0.1323780329362002659463557707511760770111098082748974764639643402605843684116653805794425268852339135702394541321603194680054038711313297
26 0.1505552628227739701844192822614338890527106551231280491104338810533407342556547970204064012863919395263806522897613687323832239793174426
27 0.1668422676431405896154488008123860559597754373359883948574480059453647325659906477006177322643458986491358006287591849262667143808992162
28 0.1814941488873293022457478353466371500309602704551392574136542466173570828818942210415787618673947516366247686187263432616149656159237658
29 0.1947238715270478568928114637470597406262814488274373176930300347644407800627721126513637001077415810217995876761827297606163025373490734
30 0.2067104644330550140451773773166682141292508416732695850474846037673280206891986224623267470352305416868817811706598363029221721557953076
31 0.2176053931909785710094091892243125885367113254212300470109388063555481032350055234258009951153450430254077189305961968125426468908679666
32 0.2275375609894288172066015379852524474490717340110386127637321334753949536957096131425392746978867182389499680025881709608827483585389365
33 0.2366172686591314437033003256873752458502971269204357213733320699075655598821002711912434422267707401437817910762531765117010101922920263
34 0.2449393770732202394376671246712018789237094969597567278297864772255033623321139045877188745998615493412305088220050473620264538787501057
35 0.2525858524771855189372153025542806813622542054515977676817131491485699540516788257305486763780157486722443576473761194592786531931674889
36 0.2596278301785773847918561141884728309718600138357924917884680970947449572322940434155276303748011140334410514141041955589043455313841384
37 0.2661272991585250188459786518026750631451406732197308960253041352597328764425968305726387517721714841129640461723237770681815539392280641
38 0.2721384859905078627903257294047047689722533809026593333859993641074326939131505260529211776164346877311442473089430597424028522995746919
39 0.277708998494713895164877041423316138997873900435145597393962692651067944054447689066171332801594483858440922064820841842048220489520964
40 0.2828807760944289927598486742275551647709843033247384848460909269688623467757665458379799207801041325507160854720080813724746105022805953
41 0.2876908836594350841500585594314018933307348117024282368817760572937894085547054763675976711280959396406865336401793900042751491522517225
42 0.2921721778561696329522967405714695191035646721070065999933628648529830738651329033943897732380930880741271676859403012303429840426544871
43 0.2963538690547851675353066232069474695937733733501884885335367646618752197539380308191431734930995865731215513149224288680573867606093758
44 0.3002619972194123339280893026248281016096394999213648131719395764785633737765960012988282386951986629658743732831889745231008947447426466
45 0.303919836600931017590786220147055548735292957483051040916276444498280462643571581634700858443005565148483376843698645020993616472573886
46 0.3073482412187928945227094751542441347511845968746903823002584770215216138559907874005312902270740296613089497202838226341773614529364328
47 0.3105659408795293514137453924717873394394479024863804175429092098508680516007699139796232368002747837475127420994732560924978359161848956
48 0.3135897956993421254201400811996222362747838428656013645383089180707407324591946638671459592574584216934585217616816984719972336244939446
49 0.316435015674550500138115626183119961885274917066760039292511862190393378451612697259356828193111576944329001771853601102584242417530509
50 0.3191153506990532885799164510674482323605539160369833538855059366740796669818615424309764207752351038420586143811727797892074965487893145
51 0.3216432555029442211728873719715479780700561406065506052394971832756662982357921774658701364696515840991759722754655247266981407336298793
52 0.3240300332352168534516148110788189736131708760810671641323574560081986169325308288212260786756948236849458234492970152967925506465038279
53 0.3262859608006174502642239443700470294410827987516291583098430738454912704827905575662112321974063631545287551878471729914068345154184098
54 0.32842039855847228157707533530362931160337447770493841583845769300131392518402861061490472846973763159629769036135968064078018108413006
55 0.330441886578022054083426381963137281262624477407545760559633422391169523287993640687853314335784022427631150435504668944080709039638032
56 0.3323582293033257080699209561249783824412531157135718062181508870055051472541309049123432057768010607174133775065155068799215276044248256
57 0.3341765701975851869921246565166546643459930805676546198639545868083252761695048034516576442435035307523278200648653323892944913955563377
58 0.3359034577009909143567585604502260295397362282033638102974868412196403225070127732872890843589412561884948681977561997969816037989129153
59 0.3375449036392530309411680578272983559140765172686198649910882850274177759585498348581199358864673714061988221127233394240405534095098712
60 0.3391064350549213442834188041061663494324622462713577338621196392299950541798321173005035412582065512641519134322538058252636126386985914
61 0.3405931402948027043518569200361332602359812503157617337957386654624070867537610837515780280056218975385469510973433987695159299633919524
62 0.342009710069716306096304602279696032210060737776298667284632448428322180960104667235627883099090221962259131795129724051029354822823727
63 0.3433604741037902803380829137572712415447353886822727745025477602756690078352797438125462730864409199126887331043202319252180693153992562
64 0.3446494339064795860392727012245653115341888456774837308204708251140009238341807640271494512384875161560121699488618196611572662111916187
65 0.3458802921290028575198824239070289425036541432820284905520511282039285514509729847357661328077824295241035404527143524678448677563941718
66 0.3470564789059208792904840415901022990003815697464736126501484091541138347401751503385257590848327560496862270960078671457022274146446337
67 0.3481811755304337500430895904094841583414442319530217724556126573607469402841121116419090676226188471225623026379642442724276807901712022
68 0.3492573357672685152199256000615293887224631800417261928541701456176023165986634232623661731435192863464118492963393304967971330838622679
69 0.3502877050686106960432069709449116333775735528787365262793149044627327675577673806220154000462312890393998134427549699414756492092090397
70 0.3512748379254411287716558592302453083717326594971790793888869253622426051987353767849450161332964301896432348980765858517101213475570714
71 0.3522211135580715263170932358986872030012069893041227087797495853042514343938968447497832273004386624078621849924771219603866696865585989
72 0.3531287501249561854928129292723998881467786002871151773056877898541145556250328511719501803333667387378880193689069986889994292377967529
73 0.3539998176074289279525256561211081934073542608082282260721451458239414399956113986358161584334671212961913004922334857953376928778957328
74 0.3548362495093984867357194507078714980121467830423072500541169632270739386754607429201716745582953998997049298610309265163273138310851344
75 0.3556398534948310073895201689041478973225442125484511215451048018406131006376323877750736275216312600520301611274171628903231846672699268
76 0.3564123210717156939985033331652076520545469577421353593003836471942383666636076936764046773255842483171983650908655322663326307046755901
77 0.3571552364188609950668136782267606656594214731300214625989210749268708710283451731482147170229037694795084917703055182486148114368995465
78 0.3578700844410593362329629445164182567373489810256149787258059512290727038188169045973126481080268161923539129113028541904641780743843701
79 0.3585582581286797265906346835406754614875764388258964196331871494199087524136405966486724484901740050827011295743062185325284316490616269
80 0.3592210652894215265003277307210047236313728224305545513681723624060809695532830985616580417008470033050693167676866712343036187697565743
81 0.3598597347126369017657352966884212024020930355465233418261608637274072867201847880022203246375643728128622730760073176649351760221536215
82 0.3604754218201733618641652880024651460851659267230469485409442742327224260539851587878612999371250716784270748299739375602986459249328905
83 0.3610692138519890538239930535522707507104477860478338415960408502463764962865945127012104908826020912928581136671627506052995387273180077
84 0.3616421346297555496788345632187160951814914634081878186829512090751254738690126716412604464102882846853972519784624844215241327607501335
85 0.3621951489372024097591657148152072016866070458454404493839262266362354568576420276421883623059770128146085246516582939117884852156769429
86 0.3627291665520028452762558926895696222677337169529391150011522625452297070668851688610059715663742207879774574492876202232727038858819798
87 0.3632450459604880413183226284706783891470065576543202116783938441805045356069048660385695707623535407957046759937785614046168771418816421
88 0.3637435977833551201873096541111359877094085137053450076481822017577251117448444059059835383094891896833016696572225126116578569837328797
89 0.3642255879377534135387527195624445937051846718025476914648647532437337389318242422731615404373821061186475588637243958725594348611462017
90 0.3646917405586548609142504897520250273384244036613259344062497552109419120152185923913985255903715135495719410048433272664831823175275659
91 0.3651427407002014040784790328126516914112355139807857616723268147402052899175204288843235047144803012393701749761217011457540047883907327
92 0.365579236835744169930393184653100864132038566330851915159164465354407485590714379266076127179085076167733354622351827161975895368905664
93 0.3660018431735189073133409995492193677192134615585280664272002172260787055888190618334484434939909478399768463333199789778151968102542426
94 0.3664111418033158233122610263076458925599100996987443257340740952918579113014292603223393842497603762630494491879681992103972885120015326
95 0.3668076846880788400324095437710200241854953095541885740566951940480000014432180779606377376430879636658517095813187260606748346680754486
96 0.3671919955130910922580915665827492009973433008990065684827804937633628666111418007851483611191779608448687292459485447491631780479723643
97 0.3675645714042541472392595663508624099400764938460796840957420482386190118354766647877840690494534096473787433404543245036943145833901837
98 0.3679258845259338098482415177253546267905833195178321263742231162115428154939391196004691493388634684313412106180661065323181039649087389
99 0.3682763835679130146943573037592149454979071357962323412276931384244290211367677809224983883636208307041486408286161182933934885863886827
100 0.3686164951301511992309476561798863955995661009656997360118455209688511065345502400280931635807944545975643426807693267062857377784832503
