4 0.79258632266063415882398773477863806575436089373863180384747101591113937907224277440071339221387411998129334573866256480690728586807828
5 -0.4736139857610422181811102845951075332429847174136881440883350461514884076362639596213971990910063706873504393112999161066703094468999
6 0.083839999261417298259911434526656959899861561805813846308106411535970254536766772157868666411550007621331403374006147797385303375193414
7 -0.31076702607054263985042220240217315064943914633329970142011778930541462987070620584310198921688369196723865089032439407258598863979025
8 -0.5107515266925871975517369016051402937567191386235694193759703219331773715325819816940020667018270657540719056160386473375652954718549
9 0.97748375262705388422488014309915605762229364913119826954528260644141861089097780884623698468626577203371073723025064325445019937269437
10 0.84933776931649381972713713456508731204373064668919306105148753472434267624257144909995562286260203726210528585937300908510221805203047
11 0.4339716549075764738271421557086011447703474908456712294657995021678464442286737018979016771053863908514035275430267247072250214418479
12 0.044424594165418206247938552180494158059479791029690647540875469490650814362697827378013647942829616656981158904426385632872687159820972
13 -0.2696718599754437268370760740356754076355802160403320920476660804712727123612877760170603347185364534915236134837637507984428399551763
14 -0.51471125087820843391041013397744477307518882001416179767018846375835260098555286608099450111515540452251050763357062045399287727900542
15 -0.70571455384022618578222753309393578332755867973593530944615636251903455532978300743146178782589322525616608925023149375801929887911003
16 -0.85606506945081720174029161392624770486898880995779825882742415047733207161348288009760127629599797956217418594545554356507670576252038
17 -0.97598897080524834768504579807599690487153912461220567170951646842843304975134317850705998785660497150482531317358655006085326928499209
18 -1.0729739020910371088075967973738157543128234191574757302316126600739329266446202973963014094828378750494038945014832313759172750612698
19 -1.1524562611308952682190541422841720766493976978897910163725831164672295503412871996706182398498362398597228146183671511846545982053004
20 -1.2184022627295058705269161705306288845166447137316912422113566074637038635931781506564589331341231624575196128110645610291550358044614
21 -1.2737357133336176398704554430810596719271942456685321315452364039644485989607187964121113235115523542553649214759919595213507148712327
22 -1.3206392730323719936424804901365320719899663783781362547093408116862977845703028771288160339363748685226261660832122714551638038005494
23 -1.3607640002403892728770665956124897332589640313563367426501023154488447433906689260683863092586969886642151865775673679331653405347854
24 -1.3953752589410429199412184862529154919272624431632531867133150413219471500045911441990479700562948055085737435283540353323437753254322
25 -1.4254550648322089841651716665961570167852112093749301838226426416897108024836533785471995652511408591617151850897663244369098386071993
26 -1.4517746210615102689154810955682603782449795441856539117511012649685129886908964841848398468009998174945893091606360652166270319051995
27 -1.4749463285442368638886070763432208652645433091144951169217595610479040928443125787286441248369459348593640865418599837229688068400192
28 -1.4954615320690941410214731337257776362205254317684708086494112152559013123717501422630050400455211596697383748997941740424433243960155
29 -1.5137182457285113926916860975680590210130540994579172327784173119756269480550920392566877922610492029657026682015852635847309194541433
30 -1.530041757823121524028683657880817727663107968947836568344517001581088570850020142488417373517005823153057818273069529465739607397922
31 -1.544700117228969109171322605501319891894538433639599481435757947691649247299447961041193486746412187706779570678923715027884155096856
32 -1.5579158982017191483438818898881509015558748974033913649810373073250241014517191352828748887617342801452134560102792840126175135722366
33 -1.5698752292461515351179449530940249339705963199868594463235609353942077318823633178066871731162419051188425851451286060292454622663049
34 -1.5807347891488268991180886548491368961820025722543737407206350636958833432470298479783053719263544056442267901050887674426506150138455
35 -1.590627277162109462289244749691714397017908873698819385730144810380468676395770735367317268280491609639443419887458826208697460402669
36 -1.5996657267549832761088449797933187026915607587860832788000283957350069875847697463973391521625866827545688884989079248087321306269174
37 -1.6079469348233860157935490497358016806842227715325251251326673136076569147213469709017063050827864155691185808604583506411766830865795
38 -1.6155542084119500106166330784606103641680052661868645020294652626613469424720237920378198413708661385079897958667589033485525342863928
39 -1.6225595804859585055643644248757909047432457413823172067425404371495333552158137852145522070948700337969733889958019703658395472414773
40 -1.6290256094087536863383133339374915110781459880515126602647530413957862979608927706442720438720647797814127183612180026459318752227254
41 -1.6350068496008945636648952239614917519013872502124642399366586822261986353194671383966796362252275144802776763022309749811105680063296
42 -1.6405510606534409474253143874842181520322941247465053403632833642631618057393528500793186299878306711032244922412720745204156037854129
43 -1.6457002070224727353987343061251923224538508642806583000871660421291649357962997798949783733887852944660353659548555658796433567188597
44 -1.6504912889875235861654385168364746083797040718557180997589137119623162058833182928305689403393393604211228993881299896201124195061246
45 -1.6549570368423511402451043427357101355216424962970377449457856927247589991504260140439081462116777691854187761457133844936291153854222
46 -1.659126493602497003700662788685208307118161102679101435785362535046100607011173252172517756623071708514129074924473183233078160734087
47 -1.6630255063515692022249470894948668946223337669703924346313149986241656965474826991946184082514040250589964338283024606850137707400373
48 -1.6666771423342052179443879728245093324788520174861599265125716889443029533600217568693166987405319816253025797058025785586442661238676
49 -1.6701020427628622402757961703424463912448484250238291645226060963821518670930259408061963534926348989755720551094709762002915445133594
50 -1.6733187248330646601510890757536498932524137817459456310468764929727750947709862043020545025156728165646816838305214405313743026333339
51 -1.6763438404840264386326705748438551272444335858996378965526046380369749890084660679975809483102984268180685911900682436441646465965023
52 -1.6791923988828770168335742205905149774623831073456491340315713534898363580413046529006014534730603501993814386197515742669487795710174
53 -1.6818779583631475845735290964215234515205269783728594215939034304618782938349911911391453862692749052853998294143993917422284714900474
54 -1.6844127925445583573831952759723325551279907202119794679206795038427082982705227047253356179886331646703971904195565059802445204193403
55 -1.6868080345498658600119917183486383906957513987820652583619034866016687263261123168542867101572433574258651272936730081773987199323827
56 -1.6890738025756758896498111486155175587561597873722217799543037813079681927487097787537841806325512358313308938118652885878327434843635
57 -1.6912193095366816277918629370773832302598799796820857186010850969359462420591291490750618968377176783751151875418612559024702348855908
58 -1.6932529590625041398560056586786446762204986106158999041340267653138421584386192484586393904741749202367269580886474899407575394170122
59 -1.6951824297641509741570761407649587279384195105025884081015346701804822979580073473122292331479735345589380683719361192903683857618173
60 -1.6970147493880352493089369050098291424973918665512132520412820384507881285890236469583130471105300802985929294941339300814490197369031
61 -1.6987563602275897510576125623942533068046948176332297229012542021293031986805452096814639330333738075359672356202207460067658183033027
62 -1.7004131769562686567480081664290586278847856781568041167254177010357237556935265216452152847136572900505571342869755492701495480716045
63 -1.7019906378735515483458176723112498472178034855828696511084056777815485195170317832958631866236119042469002741351301660504477834315151
64 -1.7034937504113410455046105356226686418823946484946473225178188654071681365100749273721210870079716403672558351701776459034828821278688
65 -1.7049271316269469394612436618861115654175499134242846047318096881356543592680367825642735565453893239235322000278170118132396129299007
66 -1.7062950443066825604773868880160970837665560751745640153330972597477565113824089072267553937384974000844406175975353038152451994268391
67 -1.707601429217715805983662708859972194049608061260587957589466308053160015207448707032798394240091477709670344149621339059235929924188
68 -1.7088499339725673839343499689369615424737069601997808351067432189945613497001354637988211874984172837399017936611489436848868803705292
69 -1.7100439389083616113317783315107502190216744103784310555070334210232878738155058875600757034638756942752806679379872443214975311989018
70 -1.711186580329826542308510463756269523025133311181110845594856027014542055990321508885000397179418681265805183479175646790411687111773
71 -1.712280771419639291807810909567440323144026689638673729773990714526887907546997369330511683535682361598419991447479488459123513215367
72 -1.7133292210808024041096004901246437341110184232556012531405212019593308224171880223423416371215689289027538253793885843866796700488253
73 -1.7143344509423084071355116772571623531714075828642690304124874449217212056777551980992661477401296460873735834120192973638756882607213
74 -1.7152988107305621132956664997008434919351263864578045628277735563351427761304710248931979613404463348529873047957493590976925605446139
75 -1.7162244921841825509210877803402009109690468782426192626843909163294547004796515273690029947296485190010139603958974421476837238200421
76 -1.7171135416683117468468624990841993087986071912689709846967358364736159789871278259253196896690046320194770112222734475192088573682923
77 -1.7179678716259233989655381867781087373399749630324649019413022013861325825295148650457439099490033846919659822779209373623518186399484
78 -1.718789270987436346007905789499701370709973080723697024558481925844643869857155458869830891725372960957211275151182393053488409012289
79 -1.7195794146458460543514055664954112499199976139939538567860543722536386698866046802353751152155290756882445607498972874822918924153627
80 -1.7203398720922964470518178459606216398010332478924937635459530824998340528363279725285398706219421060160296833668713402721397756188352
81 -1.7210721152962736739516991927196757076598344362087967809118039215688349938808723780473760943967713026527037838018391119862525873887563
82 -1.7217775259051999120957705325526486487959892847508790207638015072421156716976911815082053119090699560925959981247201023129973721176645
83 -1.7224574018299576408102948911326143687147415935202723618852516257137727102911347974111883883227290291547919927117667611015998458054302
84 -1.7231129632756282736511775003851950015414123557778063974861259962249320588721490332023206492720178368189308512851898680160026413138608
85 -1.7237453582703511618430200051285138305482604990606345847116756562992390970443248319519831858379421886231610158179096254029973651887901
86 -1.7243556677395863404063016670741475472142007503062531292191011061059919744465076469838350903141969648185881616364346532461159504681947
87 -1.7249449101680995155640147182541840054121579183211271352570435019804275259323016955776151441605770325655381396702745842161458698170596
88 -1.7255140458875968276983722511058327587106417802263099150453192005005744613978478735102176977734508769178001440972881925710928754510911
89 -1.7260639810240475621590333833735633795875836925913325439830022196707377524181637153553387682697434420249769282445337293472512029383289
90 -1.7265955711352827619002967761601220382817554687540745717897897919392077122618252987937244401778885123631122285081352769547594073803731
91 -1.7271096245663925701696512684903729171080832852101492527502568385732669738341555623920674324446622138841245567434546953008718805212992
92 -1.7276069055477182398215334649583872381949003384822530458114125275065114977280000200335303620292636460939163213749997181106695704378549
93 -1.7280881370578053948100020823485583322118162042270698105086005572548186786998536437944434583950741789104775780765399792067413567465642
94 -1.7285540034715179196016205032416616213695992401255797440846864411439483996816402608145724144068844727014432182443822480103742891348969
95 -1.7290051530115759386844821730294630862607619478744951848442324753233692178001934203254916025601832928706663900516355052195658336869635
96 -1.7294422000200498112320327524924092496033653714853643254662543394973402408126533082702348924500324637513015476781166733038444653438964
97 -1.7298657270647913742045540953500795847667802392329266140825502278606955547860419199909777441575876386357201850126218866072754642505126
98 -1.7302762868943932201380742081459907819841780799852460491918967458313489233947793000208117063079381529425417001165438784544931683961253
99 -1.7306744042540185314542799540285175682380060893835777439826072039865307381850660476237987855631286151509379313346061113407839953580529
100 -1.7310605775733220516424918479028282982947600403564033388193900141556435478374682058947992449247393458784125220279394364825343723837453
