4 0.4080140792917777915285818472413536689555716597833619715862904927212101869329572569249483077091170580241949829952780696218629565732906
5 -0.7574456084608539225647033194778437615852228116268003198479444786085275321435053591108459792332023303783929108922544792329113065306948
6 -0.4950744152717400381879609575792601287705393528043781893180306485000341213979809286554664598820503327960167245133788636358863987757415
7 0.6222462814348656378081843205728041106812865111702933471520992269006228017765822604380551565805602101737257032022608156628817132050572
8 -0.02593203453153106805723556968168706417585818023738493639034666219163887020515653071766401316060703235833641518333012335398297265643922
9 -0.8856238331416654801633116932928435949582178960426532370297898495839433343451647178333201359034552181677958958089039833713857484969051
10 0.05349511071128635575675075352619237756393697363964083907050445844135105500033206081490767794501943388510928602504267584830100578119354
11 0.7071098982730311623830575942566409243424485542240241110717453313881549568074370841895958153885048613021873789277976402054608656361953
12 1.030451650989885406383734183532537295256854436906254586945854703387091309817924027533819760319470884632063230742027080828884495040867
13 1.161094233602743010856137953705524807197448917920582688864907732389371769085034950988278779665285758592945478909809403037924053416097
14 1.191828315185770733241678559367797098334910497050694339018610762348657672141564633551530534887607175773574513542575652059638219015749
15 1.173243329541112032964587275853626746210949118979378776437087669114884424390562826793393938349288154972487124597610911313901166047773
16 1.131729248550165495392125223633659902063106179936372146974320151553714683389035167358970958676579953594952671484370618483392039839317
17 1.080918005217146811192479944839475349271058818194236822314931514442150935822472490410273138320210911381012732742606941113000902311959
18 1.027797185925518229599804190339039201791059360154015388723776224483663925930323553450934389493423209604290286237983823316732886168958
19 0.9758726068907544692620197643265439262597360417292028206207522349867211534316622456569679374028231952371879292553323607647343318869418
20 0.9268099281072783974365828101320887287964956109227550513698826567999196496630130973994341179833511864814127724094824455361674382066549
21 0.8812986187995358940389301880602762859028492552130042388986445075271917250110233553201000751087549528134224043031193307574785373502451
22 0.8395136542854778468203095940192143987313978692979488393156913902639858114241705954183339196839836052352408191940476463938896153192843
23 0.8013654123875848905705615629147329670002569067570500909704189721736426049737246468023143919680295379801300808660583785176441749745286
24 0.7666359850951164593005573216952645467913597683657855883741729163909372139233434367661882118816805482994181112821713923283804728559611
25 0.7350535552344272821420070869334041535488900388646138473650479151289698269038296282339910333857921776054870017892728695693994981272861
26 0.7063325429016447603422736698462805303778007738125529612450859431713162089818680327522147629968192052150789721159373193054856746601635
27 0.680194657875405243709586624536848974418511991598292833290357208959851546896020747986504816134870565126904675624103460414761722014095
28 0.6563792614632567416651950383215365714588839421694470106040618123744706036252485537671262193574239372993003822289119379779635103039112
29 0.6346477651194690284747813627448059492431838775324478170772535117360539616324332944436588840791565632793241034009242766152569329742032
30 0.6147847511062718917798062974155793096461881178237784214036084185379899348091228965081156508336820503718313145275675845260841736066926
31 0.5965973489379559036598295703445660945103480470071805997352126370385707673513043215590489260626285184899274605804420771577231174180246
32 0.5799137438056814898215343636037553255731226925729903959770961835230297771321092099634158416006145708199280154362090481820726400236353
33 0.5645813140533662126152448778911609085822720942266215589210760540178257363296767037533725295410779003906741401052538602130774509765927
34 0.5504646747638499167848996648145094121162416358445616402767279299482591001042754371675585713986159856133219064681726640406012416822408
35 0.5374437765206593142469968743572998860485950421267781820426600050355695928714525834616998889331166806346349729866648166427666593003159
36 0.5254121341386303901342070624173886696638860395062374632949793456959810219035383805307215860087787881356114828429226119208495575693736
37 0.5142752174659335774680612606506596471417134700619298562641114393752834273017305479171597438961642720336659064264983869062813016869224
38 0.5039490123070739053378604087875027713327216749075091031377316602861002386569429555330577380761214150545647367741863944591838507526874
39 0.4943587464642416734113403135596309457187459949799704868714673260414578841857014881468564277898275079164777441959246928272517459282429
40 0.485437769304924176341692822566174627358284271741424223329717548110276922443404843047906926040844475214808051963239636917360151869733
41 0.477126570427637621324457536906895169652427272091171344022224382180971313640959800457590904085252330763729521759928340786588240479671
42 0.4693719222944561279112238524389677932502752276877966141184297409261156297840085600885708058714309081374064533390688757488833791886425
43 0.4621261321610220038230974067846570210235614841421531129469464555224265283661595943475391979813300733399737445835539601982597845185635
44 0.4553463896877592149218242927590465456435999456464042232333236735938574492030008177034221644389560457229255084327905628369653188602019
45 0.4489941979238237843456021175879227133506777680692441749645240061645478918787237312680879705176029597789221965009416771609958488507889
46 0.4430348767255176768629393082932840430249350682658222872438013725486009823702741281968611299689212120428078976487622189277470740054475
47 0.4374371289977963476748798947092693735352299343224742494099902699183010318239167247827245476525895724126194335262972703127699157776781
48 0.4321726613773194656548058888497911770423202136785138868940670434552357197583156775640411458920081434829284786454578582244248858990357
49 0.4272158520850235402869450568610007657001574655521299937674353114019799761770952780869438175935689204651394785211076967205899466489744
50 0.4225434596598290173120033777036337628811113300014781131000958330295861532348778640136050301392491264154640978265144491296489688214763
51 0.4181343671469366244004741205512158434551263383342671868508758225783036382229594196994901083400832218570377233125123754830955426540701
52 0.4139693570632787440075268419068992577504394665838141134072093936392105624810663547715795637469774770708445089266922627965889454050719
53 0.4100309131102700605985572287029111393267542845234752536171934427760462959810785975220975631483763918783292228781067998040619513287754
54 0.4063030451617554786197464015150852515981661178197344182016332803260930361619166808704676275534205838320543559464047224524940790252146
55 0.4027711345342973379562543374172775820385598216989370985264168152403294022115876818979047916036102762768429744643573751026582150999834
56 0.3994217969581390187796152689390463075218228749383000395204619586527565275212808076816204784325976450083225324414286039549812524337473
57 0.3962427610197356530093861409509136491615705261047946619866890691851167413314839939215429121503517047963167998852114455736847809176744
58 0.3932227601489624775243975427565937568610812675935691983115951620816160068250773740825054219088218013407440300219186157551820471863449
59 0.3903514364832430186584735777563958487115657240687649889467581804691391821484137156776290532311465152019213449566403392699843605195415
60 0.3876192551631476888217711255492029037674422615314349041998368380867084571180462907159413049121698779710860045475075155548958213313912
61 0.3850174278048825794268571310941111783537391655900617542869797710548359682685551390659845436403687745825894667211729053757953561000872
62 0.3825378440591257284498282594380818892155256105723846016485439779790712547119171503421122387470803592786841394400920434452195009116561
63 0.3801730103068053542256272997807963989194284804760983872604091006601043589374830371143652730793573578502019145642137518459151882071037
64 0.3779159946639996181162407008525805765568710437048056818302736567407744739452315905224929191873441753517653473044913379171501734867374
65 0.3757603775730184670307318987813645328347558386567272559865467877102530179636729571258017611257288272168398077744204526458506643770074
66 0.373700207347326252154983709799951146406130244557202278834788094580852238196849667969856924850323209643139339814718248279962301393047
67 0.3717299601163372107680505348258835377552575660680869605592973315494020993859122716684979488777339804543247443888133512274189642722514
68 0.3698445036840142979785845057928963057562662454624825595130182263843968780842892046813629478755196124132459641500506921152653365603047
69 0.368039064874113611413949305111993624711089118189031113040056738009980277116693178964807698207122829111992729232724794080021764825035
70 0.3663091999861086347439044589191266027501081264295918255433702044124250603989604645281365527056705772059848005263124306706649210916134
71 0.3646507680303800262357253000601598106535240345447527767162344923929834796744869427350843210850707062856534001601433362671747663146334
72 0.3630599064500881081521526954358960238782182977435994802419988179395792078972574283646318799567880305969972089069939930473066281715176
73 0.3615330090710423681749161615039530531755062040611165649702087044737165967666378530023871842080371091453944978803619230395760081221801
74 0.3600667060505168396068285838438852400850586768298069860938594126907815978852975498503259107811797244619143040886812990326621811736707
75 0.3586578456219070362430685482911809373890219836501631496943295371845198412801856478113892927770484368580521142765812713965254469388773
76 0.3573034774548758173115661664236624354744947442344118897026432222722159349890702103130767861022504186358313143535898733768707133642423
77 0.3560008374706148988785649317947932407037919274607159194478010982558865653753043378762866818942071161900033208996178719324178792466022
78 0.3547473339694189918515312424846469998280074095289030966044759762929502500531828704352778748183681673087480879704454954474663661250298
79 0.3535405349432433483662355976715123122955515301960423951890732101190436335028604292719980394834416737961683915205263208494476728307732
80 0.3523781564595622341383524659610467649695902481053364978357560025822318030629659045078085602553989539995383947876430766207462703646401
81 0.3512580520148979968194823579733161823526649453327258277979404413648603468372268705463001365477068001917694879621495188893241147515084
82 0.3501782027670488822605864609106226008523771970777578772856464374337855758923337687880717131748853987764934976819938129971155785607454
83 0.3491367085644824388752986019521237196845983573305338718516306902181014396617178999122895673784413529018419255546703522506265906828786
84 0.3481317796997309377445684846282179910227441923369360794588259242387488684833415639459334391884074695384682989601155719121210277295775
85 0.3471617293210565066650580066063747946069436190878056029747078339603341872730869661694308570991172867961832655603196611396152021437189
86 0.3462249664432602943779462809670560752372001964872772047138722097847920800764534372154713447394847564926878043231788629088952992550629
87 0.3453199895043908696043276997610772698828839980680720679433261004774945659706877635609085975634019486594377524966705128301573285702773
88 0.3444453804203484299202378301277888650199913621663636033261158329893608699564464569196238562448965843666938808973236933739286748648726
89 0.3435997990940584839429780581112252300068879125072888351466332641161823688329112939292971901249663905407118620563004617322929835656612
90 0.342781978340067222768158925985364723656816871254730518743209246581395561048251210352066092462342465228903293831153935177382263177142
91 0.3419907191891483424550782827816438473174371299352790160134502943130117321643115389648158471782004409596396126140631340695163760636025
92 0.3412248865408580242480111949794889337505036949175438971119531701660621972806476989464304688365915382266504383235100193789340518429948
93 0.3404834051349753443451861313706491515508628899589158563391981646944985952634572821061347490790667897400002046134456051759239396097501
94 0.3397652558154584154696496052414903451226789500610512416157166446881733827077404604534366985100468540681089354406224010009387786029623
95 0.3390694720629662237656401477007867472121798685212923418278778990434273207081586300333601889225420064949338524498430393985443010603249
96 0.3383951367741725035900921888997245605495232754355525911745186812161572144430332882354960256615211590022887756882028152210528937369312
97 0.3377413792680576172523002669159785056232337262433872030846910002659918902757388698276854317807518339166482303688427965008181322528908
98 0.3371073725011306942748941879485190199272286342587051134752862355367131916062176579674474926843260638020743671849802923094413799120499
99 0.3364923304751279319773527058163316321410862437062179608660214803712056770158677658941382503701967333774340354847230912180190577598756
100 0.3358955058221722793718099675985970195370708339469483975879053378490854100022692193650046059312442921349451167263845980637697756055105
