4 -0.556095195438613227175400371878674722776636951128924634071492179248785760258547672720718033537141802492363032286365653541673865548845
5 0.111143799808054128441706637739348584754570342858575314417641786696306939193884086650398166345377597053942349412046371923307377048641
6 0.330734505766929775820875619642720301939753241235348912415636208548171487989490968150798859400066050550842919600732009986047958982688
7 -0.815355323076606527081059887079198194910309134039928664411829583242478813253173115963708579290711080277557814721023345731520416989717
8 0.231005636775826914805787337599990877499554276176568947252199897395946544183520470345198278993028163631052805679381079062269827356885
9 0.459884235197951871970556507857906235545414051339089546777988890151205416645252432645298799790957271456998237986764559989252817300774
10 -0.581455235027938683812543206211729672681169810901490495978125596037403140082981353789403954955199885906974988503979498698476701274268
11 -0.749100855660958669571277488129059496588813351080400023271946421042229574592818714683204496919222253713802933293867637704370355970997
12 -0.546692935387907767621889379404558198381035044284688646080755336373834836270342833477957618707539527366375899576209149059142087678751
13 -0.26081856219843433746876599470334468082349650604475021763005260015108136402819139191570314486387257058342592409551672558641491786775
14 0.00983528453039899273458130114820622413660352221135770011174216045565296694761808510901810750753497349464083688651689049065641229596221
15 0.239962492288187860173729970296553455275691674676685752145972650405989486726584732447216000564572428994099866826607636997419517695689
16 0.428625517466461424519786598462980560891700199702220981903782553144114722010972493793297947086577438529316531806902340202674555383646
17 0.58168171615818141588127418330986506550401331692363551381739022100483365992428966511185710520223794725964117192356952863230841533732
18 0.705922458995014895710585962045201966222530211771247630951767167192846053779164054806441169801704844768463501664433596704684221784109
19 0.807333369390110294295230740800012294231595745726835775186002409666274327575818787336480658771806244111890002124598579466081802869838
20 0.890751324778317118375465822309337936420442809413060586873786034074717662844280475958606721011023532799806089555373222130258901567543
21 0.959957096083941390995759279929168053348700926620230042207476308122390751213913869257303578328608453401426501102744733244697710662348
22 1.01787153358356461283913735278494018612877435158324151891842543134625984094062672931442472748966498328543997930795250210837369375243
23 1.06674745338799040772905453277039126286976293468167647653462034407579960908285301784029616061513606654352169306808441161938878841742
24 1.10832837770570035030405803884114848794374599113702400094640139378985991078712826106377947976520328089133005368759591587282633070477
25 1.14397181725612529759526962573581184726588299464661879917382734450460815332276389202900013306133515021464948698069545780891078369119
26 1.17474249386650227908499385264579303316320619477936240210688241700134161252763371431444480970068958893803618641946021751397856477059
27 1.20148210357215589501720326790110773728685805421380582922339118742508632326374842820163555232233239287465035085118013511526322674554
28 1.22486141167222602302581827601765050032015270887790729712918620925041342862797599938675515222997208418849607075633207193394624716034
29 1.24541924426534385294260719015702048052241638690551499329924619262970497442939432508355839425560302710964506060753139061650824218821
30 1.26359181247703632042636388679247326248539296077930042908856587032654079430461408507682306226626422892405511276998974468818773345964
31 1.27973490286713981720983874122617151659382248020448873749330615469479482422273192094235428070203929566075646789669178753580411450422
32 1.29414078595117221335077990380873542316127029695273286648976586480560663712911280264405920503169716459795415615674689851825809863311
33 1.30705119387466744503817928116249593401714104615959817541170190109294396087677880046097060396446130195511347630029453126130979529469
34 1.31866735462555454693521268209116472378628621054166835560135125964763752440394261695630409145052640368234374801903843112345475550513
35 1.32915780730104623836743796098629145818910593017871224870979386723694704536037582899326682943453710542693009336701808467909183374119
36 1.33866453290274350294144235922407001316269132822882296886015442049930947233746076228913344496768307468079864980628489432166535509691
37 1.34730779735252368041341027724596689514689610956822985967156945071576755107240450701117510239819085106377435800517537577977118429953
38 1.35519000308496238861668140974119340059337330343772878322911894315266157280681028707610775403070066420828782624300742744834891841203
39 1.36239877210532586646794284160247293611220978589579173818645688012324767424115626270489010856224250602979323355132589756550331922076
40 1.36900942928534329164250635687174101591921281727968473138793914723549601955682310149350813954166621260759456204012787978681865775521
41 1.37508701455246931431107775717426999155797727600742553395671646962495968414341175750547818689890016605778702417183612500435845963962
42 1.38068792269709147907532589581221903162690239451975873483020481178418504481359818336603372983750294852338154862961150378991972019838
43 1.38586124704453797039174611047534654881590720561241117501271406928359274098102425162179072635309719455399274516203879419833731542802
44 1.39064988624941690110225557977698921145929519362750453795718810346934275972444929570090597404059495819984518771375780246025963035664
45 1.3950914605469473011129643333578513189407053812713515408385883351418371469195481614025259530394348211466001881592675594239501313274
46 1.39921907390496293982598311758114416146241544568374698431278322805152733357617305715843929103417814112253196331475967589057719091767
47 1.40306195090390097299610983174813354721911827549403485347755777744361015164017861510152496893686183333596714413198844002817320739626
48 1.40664597127265311822098091939866550160361138605005004464268796693060856893425823211252311058529955030065638459880696142854440115229
49 1.40999412041249080878051454415551626164175368336738833852808323372092523775909932761035311589371500828842322886428382413082186862808
50 1.41312687064143702583421759223090686746894772130280301692441607570084246019267415958321963781845601377914821693252411951977725944761
51 1.41606250505657693895353546621250011217849783429341044954327093284296635105626635676232824824730468813840855634823852339265681322471
52 1.41881739366778711206971577991006307533992302574572060274808740472145645907947265290899638059020415113976302777033501576073392025071
53 1.42140622967120102772447363014462980985144047696969147258119206777160535707376245609544209623675616479784517739887862064843335108939
54 1.42384223230375142166043698430081986072680465135391132556435591722993825550668729406184019339836130782918712084385728884329629478274
55 1.42613732157416616019392463528735927298016508039582733686065553241507430903105734962453064169572397105502699960802990543265753517596
56 1.42830226924137521866595303752233659118054937217537617024030255522979882793702299534915631851704144287699935861595686457400015893515
57 1.4303468296623522533257799448148181086478856478236984438929763547221872466642010027764756683201749703947067540449474063979482319505
58 1.43227985352211630162933216347519479653416911362486864199138057484809879635630393015969302994112441725945060154132606873476148927915
59 1.43410938696092235718348394973871948341051980871177844897517883825744312212374895870088629353646453671622030603999189781343893634155
60 1.43584275820554855887590054433056621675777635502205225930973220021713398572281316019619373366268917638667527266024638542568088904372
61 1.43748665347566101673338209429705909782171327546388430846810005910453412431390775894510612167204940168277160031205428878680178238419
62 1.43904718365872864590515306062883512180289311718728220246068331799815806815999223113856813170497984592296879576049248524969683611233
63 1.44052994301690514600058720688724789163325102908527909268053053621130352930422970971808042417694601126175872987057044525066899340695
64 1.44194006099793102006126587483094152024727468422492300242147103564335051256948136441270851035060825947116891376891117035069582549263
65 1.44328224806240512495029545010920948078537750167994387538062342748819664427505174588928507105478862977831782328529083229527232942856
66 1.44456083630607077144049298295794780420089016195909238515303633642147281265621952415841082547500493146234138596313430979808420477493
67 1.44577981554347897304982655892286806031645428872551168165267799563002007935246896558011965700673373191956646907751007933672307673597
68 1.44694286542481800271601025717659535137435976480059451899002130333342340782730912835626675917902440921945250997356960341714158063858
69 1.44805338407781115027337562211982381408457001951814316686906310281311046711855590266513351182971578561275539514987070088572462656193
70 1.44911451369891429852665836766713291565111339826184923253078846230851913517468400359270769539763212871287595121824531957733648872892
71 1.45012916346056807603406902203183565806579321249301289692248277192815449408171510503037670090928583911477905569776266039362115689302
72 1.45110003005231223193173554313299354895771805258480693425975807781358834792492596041965862539521053459374774463326821106501472652754
73 1.45202961613178050869940970077056551135626202951644925340234252031728760728094611050738662584914600476748044610554325706500895575553
74 1.45292024692582779309745226301170016803929169463684272602449517237749052552170244366083684527046444933453406059134626407591696628536
75 1.45377408519135624388636172244680254998912367346772767783367763417849727787073251745162387165618837390594083124813598738774170469571
76 1.45459314471902020198063197222066241861595249832827331780336364242176204474783849563930026395601136176295428710824867745880502558635
77 1.45537930254024760332166192333357143679546949312317735439136223878803047648985295574450619016962477564442530196271667656986116864022
78 1.45613430997837181462464335025955979731502375944601282932178231101888400747409049298488364565922934017915309798542310194789997385849
79 1.45685980266766396651735714279835881674240812267634536802844433435522952462524769209268164874797839247766116869283223160220615966453
80 1.45755730964930662309972204106269063799938930541022349841572343787185661885215051077590345884749404068510418879718701331672596107612
81 1.4582282616405302223151247748620124138213935470054957583919656188783799376978807800291265060796086025791711627867085528972428465977
82 1.45887399856196975757993191887812852226193333084214660810306555863602825508081778293740611457464725536361455618692582269286249501934
83 1.45949577639855828746837649843837016626886763911706746157943335040355676361536006207458438197993126094202917050333945316347151366753
84 1.46009477346075884067991825987197310353294515748144901028264051430097438492518650387698888792892980662966050115378195649983304194392
85 1.46067209610547936951511427844636774063439206211391482310892350548941319346343516118936045325627891387157960941850357714304321215236
86 1.4612287839694735876649628199766956748266743285364610206294348631478980939880509621048870943495533771865365319701441472177646179101
87 1.46176581476228163990404131884663325130564231142519737457912153614321777975012316828099722506209731209814461762034752692599943607386
88 1.46228410866070401497898385195298838695458171263835523646657156697327077412380727842135272476860006959016471998512555799318498807176
89 1.46278453234234022957914009411742421892516083374135368526932854693101905217073986553875092483749857075880255672730608303677521647061
90 1.46326790269178349310037620926011289395505830762440663954202214189818623391211267902069361458760890938638024367191622728581372853622
91 1.46373499020957743437990341394897291932343627421873296414282924415545895897796357084007327200045572050914295370114174961491818458147
92 1.4641865221509537744142015882365138888508414536937419509361572795576053006448930112406283490411836816633496571303493683321353758295
93 1.46462318541863108034632319163304281161790946497800856356270118947601539478922844454989001409976606819450288871716735334903920519167
94 1.46504562923152159654078576112871523691437558742840589082694491401090014183977424665924119592976736612393595671030726901830496599172
95 1.46545446758902846673858614881910316510087773806713065020956994484310827752702397199237949709597648128801322413698509789412348870217
96 1.4658502815486871634856054932108665090412932563971917802042205357865262667110108178419420907628022383703081940807165161568750642971
97 1.46623362133318454485749892664828835179910147951784364637441564693865075114475747851465367175034494868857243046837919654747201672536
98 1.46660500828125218905148351164363541532706217311265941066292081963577663725554770222236361373786332061623042495794602242125835202405
99 1.46696493665555615017795032455950008436616266843157220115790738600049198598059616396963814128827507961346001964633042246759009763538
100 1.46731387531947435540976487697539694371989105371495853520823183110789572151005909417795278987863476845523159394004145015859535822869
