4 0.594400873450148340805061887212027110689362436370957081416610356228270706684818041780600992796626433006039516716091848315077676074
5 0.557094790161216076315897860796216736281632951203519408602357249028851458063224754516452936791003115129022143473183484071134093616
6 0.628539346508838672649478775163854694997888084782774414574966959506909907492484814581090328750354021840072312789637777702657960222
7 -0.461862337083396590257040635724444225814647481427081544112151103167871596682346085819314199667000959089825560923599458397987109811
8 0.178615084707566631577886817859434372584700123312902911982886827866927724102147710033293459208724280721798513141736610220506665041
9 -0.0720601993409130046191915511815457701660626780896385915621075853407471766858666704502463095655636732704784798871789381952920314052
10 0.217401897057096813544931216356493093384161675828618708439636930063911128554480780161539200435668044124131671646000567213698985473
11 -0.440668905524959698005782230932935228069854689825522159637735463869751586349854933278373183413478455436728430563299365621487626319
12 -0.679323156124534375851479775730438285696381201716501243538766821496014306486422815301160084985514159761331501279894593098019998267
13 -0.675107352522000933385847097306835345772285561596347102069826847318190604611007807258097782434442762454577692549137604155047959646
14 -0.599916047317160328638806916732438500531573256582807717157388573868738027720577344341642383969871954858902917145997231392484958964
15 -0.522332030203876497808371556367262744797595393678887737686833634844202426178689981483915700879029735290095069025140311889416850546
16 -0.461600903567744908246042473513734081824750472961433433071165547860646745079925349017788556897040566975468414417587254680228120055
17 -0.419376259258515370963728302153707196836103731779284238910263215960941845089489607908295582038951037717654410622301872416413722417
18 -0.392350637474955643707515863203179281085846158118504119607745390868874672515994782124685169018368748769633889789233333470028955107
19 -0.376585944346945587462457977136149795248441885368490345473125387364170021799421974598107899443381903016410281647762979834682419972
20 -0.368758312895950893327938910119881357207720062413142369263662497217497056541358021538440194058344033477860874230033474918619027154
21 -0.366356981286152371990248133804806545295779162855925973834077038234955370506270321725390849454584180374824792959502065198985843887
22 -0.367575348890840161104346120890894596207291270175510555543512374389371499750476042366391730796401786362548446378182346693599743528
23 -0.371144675390988655732576727808407702004133185970786286432976823686000383270472067930240152085880566197001198555858427159569646214
24 -0.376185925639044307616856481211618108306745142746656360709325885911270109693271441791493746001733151777436221158711589705799848926
25 -0.382095503295972357761543743835737715660550876832377217888045021786698947118876711222567820232510742281447792802403273679676542341
26 -0.38846217879182631451421194733912252748119169170003268248264016026426868508022605793413358381895796866826514878167247772467854689
27 -0.395008324543882563811380177773763346210675795945538029900149500381143548084445821021755166113838773754543714895217104872283341186
28 -0.401548869706273134845460362705061412043288184333518785128391070909834876320041056242627605150438355057552195773225961722215647531
29 -0.407962780945249463656369024810352032880475426254778071745082993366730063659567216052005987511771598787632683103377446046563203434
30 -0.414173271602561807585525436166669654257921177295189197567933017030024765130570213798508822086867604528232293542453963031234011465
31 -0.420134056993524519631106850496718706336007411302863923322291975144268059107786236457017722342748535499377249121146685199836722468
32 -0.425819792341368380716220328790512344528960053419172349139118192026171061181447213141554995033562852329550085527596701668743713317
33 -0.431219407851139586641035816014169101420486381950332349862337693348939291344320488526182674928750638750190581701377224443118514229
34 -0.436331455844220158192763314841648365416013049242282071043671103227488420954663900062007439776636286214057042496288533769308375047
35 -0.441160859911814600849594236969996053880155389714270370740826468799388628296205437345191203141892678332880373936386055347443771958
36 -0.445716644437347012828079333739261922141992910635810089081849729797926937381584242004897550961097529259793393204336581542263110855
37 -0.450010351954308248421863654850451045581038965663157130150748600948525500330544828789444525698073924193816430116688109134950425909
38 -0.454054944526122421226658537257872334864611211650804320820331398433044232889221365425223038957964487075882971095159064283884659395
39 -0.457864046526371119179230745056168049226639306613627245330751532712076750708020066982334218631178540525004903141558481658356740169
40 -0.461451428589715723966909064469065851963057459831652124900798500118131108647423562497761615470597096963100290881788769554756452655
41 -0.464830662011522980631957076351453128113726203492657463186663194480752395292078685318995674320465881197272836723959007961420724296
42 -0.468014893513074755002032302428385122830138165696939033230605823556730586501977538557050979515282446830531951536736871741970556769
43 -0.471016704793898164388625269847170595429807823951974238140551946683472214126297205093850636963705809731515604689793101523672926131
44 -0.473848031533161566515069067086919153770721509633664786768688348896373314150533647195161400578676548578763349304147088362374512428
45 -0.476520123763047678701741267814301363164630097647006624715116924324665278021397750330882849045242067098046855221322289938085512701
46 -0.479043534705753896108598007395671062747068694021943160923063762897087087408132272975541417129830922457178753580520521452937842916
47 -0.481428128858135372566152990392344662944199038281079560881545850309353759717463101822741505714279603860265320147350367219360692322
48 -0.483683102753721240348079084196601804446798161252768809800938323521170402592205528205795082816373176697876437076203149977104988994
49 -0.485817013732290028672718557765033683949999028447113359862216832839996963777474337093527300343871399502782979327496827141556956499
50 -0.48783781341483227834610832719852812781375123890177961190584400019565488884500153033030997347718332592418994845404152014680334205
51 -0.489752883567028927021533391985002704820299831350487569831461249591591560376928979236194202920154286308424839069068403322843485499
52 -0.491569072744402071799083775723048727531763808504057655400679581569837828695560388172776590699834535236988816791396786362385345124
53 -0.493292732623566834273361304190809851590972394756583366723421468492021326046602714810669301065406688685355986913130438730495722972
54 -0.494929753291434484307647091334860750017673511666646661576066467548218994118536156811597312498072153061518883162652717720926955864
55 -0.496485597027333870462025861465176761262441399687513380948490530333386729397549958883846982881791515960028542483632532837015874983
56 -0.497965330300412009825516241552710900131466003295929295112022690549473825863077101666092053566984147697764316846050265370951704876
57 -0.499373653837065880540560372356207686519099418028083967978992272951632376048276392698071170144848132301092184145305044149297293416
58 -0.500714930705608052351322639064161109324017209774323567479615599578713829636599764684603929754413210566200991325362985477021108375
59 -0.501993212428852468113846517225117329813270718297436424659661809688494508086155705720464636188202425747229852474558830387454507917
60 -0.503212263177832987747920436795817478169692467499273111197629699297503327113720653710827184564451527919073324827279483104257955066
61 -0.504375582127289847903741001577487893865322271024009353269879588866471828458942992154410615086313773854045010790842995076177101897
62 -0.505486424070159051732572201887588159127916167645242356158762601823628665328141817848778776071456596010003038593499960637634534228
63 -0.506547818397208031944900650246261377248158633683113849235259151858681636431511046843595631171440835252201742251003881866285687059
64 -0.507562586551466170950183911041605508401887197609312897435802810275395671486920345620813424025711863377449269160465990841885762854
65 -0.508533358066870707194934768850622348240481862023656742164469273390649335816812339801543807195879602773650045435174589547697194835
66 -0.5094625852978022275393190444568884262475021350683576510140171441919287211769177939062067109179284567300136294993122871676119787
67 -0.510352556941799775685469436050188713915285714102312560712873969881458832327907652545114862464220326752871101155435595954931205826
68 -0.511205410452357794386330524118120375160284793611677020840382966892917254507050461254001266593241835852027491491548501212213424807
69 -0.51202314343276870837820918088939149199245086509133923939753764901841327384696349402893956357334958716126261564638422928392259343
70 -0.512807624095805859044419991054219493559200065282367591976981131803406763344240877676972727000881421133083798515427121415093202216
71 -0.513560600867863987432056185421532006843705789804848725703380524366805407572913641821068070522049613518113671083252533434361394071
72 -0.51428371121013939256743491698752496803948330583143183713806717859371925339941172195787925036624240462540379510108334083509787412
73 -0.514978489723638144655055033588402298374213072648322054559389774313163361941020194062935128155319440099767346627782332934632203269
74 -0.515646375599309566957387412120789483295123095962039984251162722409659092350955941723134704295114854843506005056405212197360046892
75 -0.51628871946944788009001143725794943078701143104758479245082919156265419300288678785624198460466483356038211859112371411347889319
76 -0.516906789711702541427253930845745486692185468143158012504007074255665406456543987157424861125796889165242267573952691743647773616
77 -0.517501778252589152210155066795238528977048989658544479935615559288514181444271935516266894974781826836973470213868697102168868161
78 -0.518074805913290460710535960745579510317371312446430924897985886609930627901684591030639843318407071753412506691153341400475614301
79 -0.518626927336767552346787839992836729184894568292769668492754549002571183142986996326236143559901968509904158533764776218802345346
80 -0.519159135531747608376715175530269650365488859245314406631488754693957701285982404731529584588436185308560109864633866887595411178
81 -0.519672366065997310007449127201652183425567119910600996462129179275116179013312623543583568719967433468808270539000515656549484003
82 -0.520167500938409752832270415224151027031477574980158198854200145358487351361653583264732449290932791240533642328027411657706107125
83 -0.520645372156807129463073301794778940641496824744915150643972640133249426465760492525722212661533692946650211586452968370253560129
84 -0.521106765045971328598998983018992167269385639433168560232314170630653192408796532429012673531100696533170972516858293140524053654
85 -0.521552421308240629459802186523737939835361214349296286914975129756718085404123992697490774036534054202187118296633833553064442246
86 -0.521983041857034468375995777222920155450866103209144134618433446700278545430567331834916252556916557248696275925938068489797352533
87 -0.52239928944187256518530203695119261144259548940744356600027607201152403720402371933351799864546304659759850571443788869738316377
88 -0.522801791081823450230897243962608017027596416773359997102398275981101361081544136943560145352360716030096066527853196293385030722
89 -0.523191140322835755839179913695332670656464047082983922075009054372814080742447803209620937030785081304472579743312141177798563728
90 -0.523567899333059835833247173643329397057885653423536163431795386911701358324605037364037855197016541789173440925833678864260857409
91 -0.523932600849044796377311352662776671045360524318390020149874666573240725167052078970401216278021001828049495717161293782584220681
92 -0.524285749984585384746695355636749499024036268750744680666571014260614578751513669293933462224780957333962426190056781158024144579
93 -0.524627825912983927707973385082636111527735486723114222611889380678102537603254171034802854615161586212693740647262951665617296209
94 -0.524959283432575121517550443428769173411206330953926567912702753316530233883697235412024494389828507406251608258185134052945950795
95 -0.525280554424527309087673883823251500765157752276853142492687399112623085465051618003431416761658693612405036133044111727656838424
96 -0.525592049211175099436631797525442210528739217849990223393685732883542606461595559719050228491254390791101781984016005852382310253
97 -0.525894157822447690440938258208959518155289621451630939873147885695460970700183831198591077589267900949186237276899969903964856373
98 -0.526187251177328621908002542259026156712251266279140674922560557646842788932562091609152846464161974087864550745373628586253809729
99 -0.526471682186710099115360619733574924517844128143485272372300412064389894858847594425463704246061929692037466626350064770321624672
100 -0.526747786783483231417609775107187833321080947514494940171500861560193010388318364902316082875532972420484742790393969801740214391
