4 -1.38952659386140338247326898471383812962655251647434367563911494403925021453719237667696639922014341312151180525376710111624504
5 -0.0231655670047213734175920432971944885003431341391325467344982223337638488215954186625406066689956662142699545007272776558578455
6 -0.192450089729875254836382926833985818549200583756708958672867442161325890767644448564571798528583175075069571268378522558885548
7 0.803039726971364120123065705617590984738998497978788221894231998882520113265136338636906065665985267372338034833517135064545075
8 0.15962869068661015180824699571922494509572170526428028975825923333415726634665484198935899789661200993631884649754884633438591
9 0.607979725893273449240575609168006464146814897152203724549152939099552241381585249333942385594091066143427582810238960690366633
10 -0.447701109231152036366499221995890140051154527805477922503959274876594557662532932463081002265729579201020902003469977094079881
11 0.169469343260144013875132274809024947197797709990535318183685291495720774977486598587116727136102011523679030222852962966141785
12 -0.0633596238091086679846612025792843319569843865154698642803793566626097426784092949859376959428693058458874150824943847795752845
13 -0.277224996528452873907437184049678240912061671442572625534826216537953101056265629675918123109865189926587843709384838926635217
14 -0.355920030675157011374452292829369142316793021105990701620521612267197995836086682057848050724966689267399333034637726341189063
15 -0.35057951286041994182493126654586546955665191685840059576504389413481633077303937531074425714853226460760018816553428907162191
16 -0.306944400535815607512968578229760600302621210276492541518228507113853753769364314941482818434123444085180128894417598376019681
17 -0.249736817490142791909583869675804203682523795065277428668965155375002994758563490147263003269063173644372742895712841207143431
18 -0.190468740213925478925226360338652402153768802839006547361772261186388264744744474894649352631366002888064454260469599057396028
19 -0.133999155976139930699046700866184265997361198115510421999413123670140081684327473843052321427922148984042482496003069217796606
20 -0.0820882347414062539404068716963542427251884052042845581794703805416906224636472014135374992339389448732814064232342273242208043
21 -0.0351182055578433400866978494540808447709831745529250132729171006258943672030684678426512731362984244383044730317388165389785096
22 0.00710718581289864401915300927040207098571636282033433942265841181400987166258777856380890773243159362418877827640193720371755253
23 0.0449992226162868755608363517021464487548243775909685787709463827479369070301542875244874889071545850548272366415357230308130181
24 0.079022888746276404985667333075633224274699007590293112561947343184802745003235241579639934574965848983747566864006393186603913
25 0.109628499300291610254191328653266284307004346842710399723192011326558068953360231544999102357354711259157650916203383607609604
26 0.137225736651151191286362430129516003497669388523380509966851961346165234059837583042648267275231075995501540785782145433619637
27 0.162176677974280078345193204864082699218715343154214483417421569322090494772191084162808436870884705913389655385801610020560391
28 0.184796965498739207720015118460506875518782861211979671299475028113641365183037967858162147032300463664688585032075450914923321
29 0.20536011888816593592895958788913872853273269379485089670141753718532506777049645956597881703239250004420707439082857453809201
30 0.224102725787039819351280060010538178858085446498674384191934232804272999832040743853062773935760897777195349202239919531479782
31 0.241229529634568329161809398706287365811316188181563337030313753647307532290621615019430863621267760032245435394221429245564063
32 0.256918032072351486840556513628593846926351233128789082819543514311857353851602318274082920043614108237157863644765273233037798
33 0.271322500867132764716654716229042913052605925847452857224244835072636715772924804783075948196188071730081159249389866052138519
34 0.284577393802769582592035821465126573550473126540426062685825052598825049491169212654718045549673153184987959424740722621338092
35 0.29680025593010511491355879001372484581033101919513502238218614579249791146150122871959468983283085445672605433269594932278541
36 0.308094161008593992639963018350039184087181008092778041778376493115099147993383241692939742303831929521705536586132718465717655
37 0.318549766698136148879241316964211294817360944643108207166162973335950683865021122584715034335493834555865466515839202873083035
38 0.328247045990075733476238273630045152918806586752113336447742357703206860215276339492919821611895196735157124542424302499564564
39 0.337256748649037693707655485659118150492336894121211183921185098902478991505260714274761781260396606067760448286554903045403414
40 0.345641637901838447090918892683648059384069116179164407459952586112390779163178788820287909663147252312668966632655626545374896
41 0.353457539975367725612542658802473039329951483549756801537239077557870141983327132905953569283238733627164234824951050434984974
42 0.360754237552854325596259664941865226623573672208336403583770871017631285328550815002834715400404860240960600417496961518733375
43 0.367576232758849828540311647378445517551880386869302384593058218267749943975303194410406097583939732059869963181381542808668191
44 0.373963400779466846540273410927005327441734692218367364241816686509858768049706518841598966674586600098971246613495018777376378
45 0.379951551533488585582066410418330250435425561458096421651621438212738027392996288574747795614828754341808920009727565240059161
46 0.385572913794147434063517481021653260040869155167776272751879314177970530233142292953639660875815599283427158604220796582404933
47 0.390856553698717241148492880911472710674047154626990997737767464157988152718224219284968744839758511900649154539626894357976133
48 0.395828737570391468197436277117900607388474936307372001595544918682268704785576456239098504541094784945614558536513143841698526
49 0.400513247329032527960471747835408980016960825145628531302805412289815693948946308404241650475678242891391988720496843287624725
50 0.404931655414907762006632587289782799092383398398504147536299531302862519724028297205726870591551610144860647526109997062319558
51 0.409103565036425098802110649385918130211634088714702206634027249536878621399748724056032195088030113499866420468720626521549433
52 0.413046820634032486311833031559665294026831251374223029981479961861545548051008033275710904284890195134691761988561169776572811
53 0.416777692691587782143953603543476628524094069445183073116440094297732816772940006048374900260158120478606587814142935676599517
54 0.420311040394486294594286292466279297151469358763178903480095013873188557245799331908381322640572403602744580235866452344433369
55 0.423660455107182228360748533604591777785774938452435044504180050029263115682618759723885542509746710659332207971356134939420673
56 0.426838387202526336963288321061007160669815322874563063793066331818973809878367544416871186413288159352098991752484252573920176
57 0.429856258406256017290498951827715740177220027922182373905438417350019918050218945651651769353327666046146057807919236609884152
58 0.432724561509601655094700959450680887809019159543125861459519020411226011668745867215416505698576836018879251600611826844570012
59 0.435452949041217621159467897989801399371495403560905251756632145119201492472420381901777763412328480768874718382665789807168099
60 0.438050312268271112059722363891267962179734189785662802274177236466455621735941108046807749050026890202235414455735070864045475
61 0.440524851708786610074643979247303537242937486280787077409580318805821285265914949066730793398474663487143391590964453036536446
62 0.442884140177715138084367507132591178516517954827497585306593548529012493013626470748608951914640002492082054825074096331327774
63 0.445135179253119953934012301959699004943288334064368917744540841937968392268678099585475764502710818129973402910102747885746073
64 0.447284449932581401231241705441726045299140053400636805381062041387419648260302984376829074336857711564955280601537812401775252
65 0.449337958150306805587308981469999234702583361728141759893200928654212253064232185493539435316553753625663176647103005200124698
66 0.45130127573989767028726689103371265499982407477624659731016725549119259235115904891153913241133966818437737183646026567697282
67 0.453179577354119301051808697741967458551756899719652267785281490309495895792154667969690130046523322197728927777112023457757862
68 0.454977673789535835924158982870286445972429239289169072288749806507209694744294396479671326746841715834708451632078019175005006
69 0.456700042109007588047051439439940141643889655545053492492925613143855474993442313654986657041483798826261563778901482666169828
70 0.458350852907530587186566337266014022309975873200430712858518291786437942794757386645280224422139098351935763849200822384408043
71 0.459933995025663603255971586311843366401361904564043596701850871737191745362486223824381143292235909954203023035998115708944495
72 0.461453097978935648477193220600723085653570953343668261247192518518760918653066090950803407424458418538872277056628011128853406
73 0.462911552340395609280618812187560905120516118592445600126775413078969215731066411307644217263805513947355179194014281924892282
74 0.464312528286209746700058917599396727667295886271080309536111395031875242811785216321875633172106822617400733259676992748030665
75 0.465658992490383829683880779152448752156402914498942473183407868047083763864441319233018058843483594238491796747613122617498484
76 0.466953723533817556177365461270185381528273152885354140688583703358305547246629816459654125946591568503844171088099575251821955
77 0.468199325974591095438499620495425940347693423522797495029083071504774002283189644310276827109117477334317487562485242615242102
78 0.469398243210296229454092508073460937549606406735597928708804467609179404540154245464059955053604386047148703793447060988474265
79 0.470552769249065663397033011397273248856913393255432980927428294511957628316298180494527129257861357120362493150010264592501257
80 0.471665059493472926619040932246050814662622103425707705600141580050028834545018766583559315124402728622316192946723913818359451
81 0.472737140630456282089653663962540012192783883388824971250211206964651159435004576936897627469133873254884546192790633693910128
82 0.47377091971067741377090184369048499740919716084199329829226108332108553674113458130293246508301770519533988487671507973191969
83 0.474768192492098990483438803275026970579790353568024162237528862463388169596835505809221644493144258811986351469470376338241572
84 0.475730651114915827616250813578069092350421133694831910800827584176015386228727897171416402866049954732352152400930365533731179
85 0.476659891168182155504461538031120766712337181281037939477622195176818754841595988583542794925874832709890358064655576618901022
86 0.477557418202438225291181883835599225632992128137446574211389299471929425920032980439482912820059792788773646324278464387605767
87 0.478424653737262557075540321802645843665611848757076264832866497817112863720052211620778742855017165192955216196892630350441338
88 0.479262940807882714230043544831538538612255941939859349709936511838985226177462197060911324679658678685813218472136162479160174
89 0.480073549090698833752474141541830727132469568863061188653838443026524494553495944230902773676105435872333116360548246617672963
90 0.480857679643750239046267007438408403599712922182896958402460129830209432053180727460906238435707073823664548749412406320167464
91 0.481616469294733829739897090005031102533338063423467863034684620456128767633401196363019579092826655008985261139445423803573124
92 0.482350994706117628539697309252070080103228369835836037632546584084346299900422859835984118759363472030476695076068316024347285
93 0.483062276144143569290173121397642340355156099772474219411316438659909884547345332245265411194056155235418273984338247796361509
94 0.483751280976044945967481529035642952476917307337341622004318741724334636849201993422677456425539960676235703054705129189436141
95 0.484418926917584792103413253400353321969332837224756868739779867571812969320717369437414336062577656358805389237702886422790074
96 0.485066085051024425561703867769514975244953206050168275815363036369309105414736589995553295117088485838639140373449143273443235
97 0.485693582631832318885215307197897996146653631281617232838222314471288058587320583437998391879948441299869315755384773903987562
98 0.486302205700821016635150252482082900066107894012116019018669976936230885856524436605992281774923169808164081082071655183689816
99 0.486892701516935170592023964039168410424287212299145577802667320299265259799429141781944299251134740919890269411841279183321594
100 0.487465780824590222051556716133967229668841381821202157464464789807211393946738804088235745160564463246087577354883571485118582
