4 -0.415023700936337715627500059524656221187555927371843473894716844846877749304795232259668266641682326437301898468958212480925
5 1.282742675652276056720618373053914321266891370181086983572155299016060688248917949276101506033084917374698801572562087718249
6 -0.6866444940564722302887806710318626444125348623033771188578930985284457213524103032485731202639174390086917235741689653106712
7 -0.9811426261072072989585505360482133278178020146686164063134884008442785397782597511830673890376868918613171713479353701751284
8 -0.92561502970660165559112806764087514033863730702835049519705344841506492497174291206061304336429032779374017773829724022382
9 0.9001049046542425787031714716448135536916182822533756177980636928793833931573817479728514067427497155805874078166668316784939
10 0.1641802875556383456693766430056615175449120006828430178583794288434707388290721059167105910860821750606839870923305351305095
11 0.9904535768356617830110455829274099159680349762418634100426805093794880697880014684230433370215814612613048087542787114786177
12 0.3504494258469649794322592373646786877229937459751254773902545626317020453872347463365036546434418641029625608874364771436976
13 0.1173734788913935975936139825427724160319088522967955520655532865040421076210248738179004839491768185623689255516044762214701
14 0.1539586399077435782812037687859352764545218423451034748309894654056641760906733039542692590516318534539416529021291366590697
15 0.2666709160174279382222882419735562785547061040797283808237572179732022430222453572323596927728908257718850605540495044891303
16 0.3770974160875066957552274691146183557142587015678803820596831254447263232641092575530311113427095385035470417051732281435024
17 0.4640391338591346409590438823128926729161473321793330555348501431844355395208205459362095219310312906572790103787091962554135
18 0.5264336179890277927646919256992431623270280449067056990058748351614367258508440217825992702455459861489667687315908751229666
19 0.5686904852331041917038528769884331514031721811982956099650692746720185885633392435322046738065803295780630340053920364491168
20 0.5957823685096249448134021766668768148532141940348722944123383110737672013082467961563179216884404178305451874958432203031882
21 0.6118841601925307964788824528300015762231334877489718595671039410835108119728706245966933036985857141248318413874664395551564
22 0.6201813208321614765705186558747209660469536723249331600170728180504740120317735887732216412334718818032083258002190548180266
23 0.6230101783973372007534960181804223877419947784801452942651439607307013529503116653343821778695820144016123385978418669079161
24 0.6220546929500818363858243931136298756585556213513467215959317840085309231758834551998138583387146021937266646605669618248725
25 0.6185194806562071087383494536539110795241629268046312732808035137935767133085408639717108105325399425728824378420703274387697
26 0.6132635680839105355050860481821364640468201774323303223448110067061325432840177311520868358918941851166456149049012049942579
27 0.6068986310217642123102505051666912067070959820416447501488475318624831913232572046422973793252804876331701838311929650025986
28 0.5998595834251236751241539702656385004621499604092309688692308031632747577583477405291627785120946908652970883416980150554049
29 0.5924548670357885227204136042525511520878165479892437301327415473781601149067701507698319221570111268343798134713753992984046
30 0.5849022134251486784401943704783342702439392554824249147471432502868898155717590641283521175205712878797437282692486194540344
31 0.5773541170936117032357402671322856325954380249750140646045280825349777590087316461655601990396346368126362099875892230784605
32 0.569916042005487926709096199720684982074483305195388078738189959624017324355153017899380751344903346052996554038936290409528
33 0.5626594895971915657064535419057064645551771793427169918922807643863112558370808956664889243048814586908573179974893785084102
34 0.555631420456673456501230050386315152009990931409898397632774238215008464388626046019897353322593426652219258960793541013211
35 0.5488610765659488987586379778951743542819471627876881295650651166703745350846633868690682626330924348071750042990239293749828
36 0.5423649408683307543985252865061535389900172579772912127054360732712994159304720522063909538798149998172862706250925784194077
37 0.5361503550225618982804023007633093396127937079456927117235381185571221824710075834903488089920865180515298058635871777327349
38 0.5302181655253403252422509055530100464456801430750997947676730171011464435294487584071261818603931609552880520851471543036391
39 0.5245646627761805924459124803161048172123239873203764812486833376476628055427126258999246514637134622433985371900560761651824
40 0.5191830032584457992443938175500543559084589760081192925415411516112352013280386145732552676105434244428726392749687416428192
41 0.5140642522988459316055135509674121278296446220099391365040422143778626226763089490930461090991639302819583727667555968544908
42 0.509198147303100416656844213699818694922401831210806498394805245537454602782672756155637670979305534729645554165946437295837
43 0.5045736544377224157383142648754690295981127548097076922213547626110517522206325176627316976780367330875823915915303413154717
44 0.5001793723134803597105684516614329540624722817305852203601406249004761797394828357152055251534818101383019119066351849619144
45 0.4960038221503473523605976212629494605718258344006793627103098007527590993284779560218733252246750895783404627360418056927892
46 0.4920356536439390318287326058812191155189805225524487472280684311780764632485037371260173386658088132496395754593956261553767
47 0.488263788237046527809579665992874140417804268824608258872098875799849885801409468536679505363564369890421872524259826705129
48 0.4846775159669704210194184083848143096751645249030130088153155463679269938604374291841951827578844175460569149031120323842805
49 0.4812665579683359592314258615521956573017265773905178707604758258057257068392405382816590068957157187521677935996651389719548
50 0.4780211036736562115539210806794666591122133925101204906911451361484680613854368296939931299170131037352513227167224034809929
51 0.4749318294902109895024989479021968111464145924234150539533684909857373183499465525587688905364679677586010584447846473323084
52 0.47198990403894965806669801215257026077493351069878619647790655246976440939474449498356737729254694558756603835053947251954
53 0.4691869837712869371920818408451865764923396938736518147761539959883594247669875106301523701546471624295066865994426651825448
54 0.4665152018245993967175564703982854024028068900121473362792124178835628020880676634287950213072526892645346283406676609591737
55 0.4639671522573040695472836326241915525444327164785336413899373269798955034624484864823366362565055963662289078458308198099958
56 0.4615358712607437503779805447354199051275813031525667502878441362491091514698127403281417454937913084371534927846722344104433
57 0.4592148165340192811618928645609339108635605346822314428636440306666573337652203614806568131599767494718058466126321527274491
58 0.4569978456968284304054866265121124720682224976618478043083347888506529407834556307007812599080055658987149319648852118304663
59 0.4548791943799256913206909804257696227027277509850198401538130019758328273126286433980961981558757243486741930777275096987606
60 0.4528534544547096280867614883276787323782291433954015007390243740775073769781037615525103448681070346226839444813799655824007
61 0.4509155527288885767326123588501469305608479834952235670234031524795769093460108441050593777942888448688077715990844500390582
62 0.4490607303337530664010002951394148055274265268129150739947374259421724834391268178611368840534918139085765113203066565873165
63 0.4472845229523980902923183376666068675357817993475058832561150696281978539610789599466167769941372455313046717139594702843706
64 0.4455827419812902949016485967566235820984274240793593852014671542533016152330701690973422235053962191501078903219166725623859
65 0.4439514566752944634062789695920377304500291551854802497794837594026308046232570509915748941970129504034324849370650630635711
66 0.4423869772951727203501637469624078530623136461498148445488883491775255877906127887958336688814612792614254208553148862990866
67 0.4408858392539823081244181855913444946078437074338142239287361572162175453525364533831970982276131168515660345567671637787246
68 0.439444788242682147895181665110254797560498107205250518027005063945393058904683613185695936732060915741185608408931647690877
69 0.4380607663040500156109474827001513257560721931005854885125809036778791761258359220539108652014152737097905807852338511598249
70 0.4367308988165108912643114148910590424974189979951915762680446694810235496075744319184981757119314366751007782147513296934893
71 0.4354524823447620422350256899959478584600683600283147568985038457230007875795896751271291236683887839632392172357451805766367
72 0.4342229733114452483231090674017900439063111327907614427892753766786822967678654496798057922438452086450279801000941342557968
73 0.4330399774430196750596392014828561425525052014862096749583679270303303735541187693633631811798955071646207276926395450494241
74 0.4319012399430155602304137447381254213521029345301211904084495334662967127432219052885283136126909710113697906341480202980847
75 0.4308046363466821953682814875748200600047883919644787240804558796094174146330627404586711640806701131763009543712452845905311
76 0.4297481640124421735097213963942198527803482146283101342382298444458961549922444705452143095122292058880823662252007762952
77 0.4287299342073442314133972197172898405525687166343202246462776765350807705232431760293839462483960656205614754921658599891808
78 0.4277481647457308173964861049622175281745720527569101429261613854531943512897291903578449527269528274795988858347814496485884
79 0.4268011731424999549494289818252577134378928295055506073603654635266423094265010278977419083872772241049179024516340069193503
80 0.4258873702445669022502433970435347523118940585541955864057465269326214910175380475608912462924624182902468731259476973968434
81 0.4250052543063628956327937750263440024898408463724331017214844395930059475598334600334270759442571731162101881534749779815715
82 0.4241534054774050226628270775038989765690785264017219793477843168873075808497703978334571638389268845577783880748192534248378
83 0.4233304806721041585820428762596026514820948854093572248494301396390796577322436272939336757783883894553486105975756906994655
84 0.4225352087940272635751573909819656464996492566769274367866370593048808833126778146712893718185308976056201192703346314987556
85 0.4217663862887834865229979955944287804489525899291772319988568129935471607804588073895825571708215505385428296271799454324106
86 0.4210228730015530066682615226556870306282590432525115070528220095374037681143335720613755519804555237171398054945257620610664
87 0.4203035883170198346622965823753910818920089798039827419868394738781636145417373895336509988365179713684451414733645902400317
88 0.4196075075611042416482049381473526456698355259007784379244429642401934167477500393427189230272652901576753530399219872687811
89 0.4189336586454185366313693823615677974986207718532569867153745489405411780595538573330600886474266385445800487291725929440036
90 0.4182811189367945018839016640745819318361961300609207205035133802670918592172410243549501484431056689377382987738847335073785
91 0.4176490123355558779839420271469928524760212002318961917265049745667312144762508655006313865983777624655578463028397203807848
92 0.4170365065474394856754960116759945654136119619096561697339223633386177918482227260210861831569355544364660038476989314553813
93 0.4164428105352089017289735042019787806979593127154825010747531333119149637720846092032766547255296877464511567990887215897651
94 0.415867172137060289896398972772167701335640530098140420181993719514620682192030993774357252182558962482248784154598030276165
95 0.415308875839896295774130111715767564300091702915871204322916436435810269801209553338780419315348909244187875260113142397797
96 0.4147672406964460579388501356622993269200423583254367220007780605269708384598685042315321959030207691669674621862053884357663
97 0.4142416183760424440458654112361460752520278237487551813568629494291027424867583516441273335555526121629852955077436633037779
98 0.4137313913396364780699550615752644499876727150350021449070230421359732747236805678165817649145519234247931656792451961954266
99 0.4132359711303382481039991677506401701120802747258398749351903047949926889697839362084974065217617158162119743615965091246952
100 0.4127547967714277923537224716901260940788995843684294195751881359505250251178711383708786689944626430778531030057037710299323
