4 -1.68121955343922707473193203573945530982854272194982585852806359104064435402520192998868685712279272585730493575100502857265570158936579872302488696544
5 -1.36211823168931386837853348301616727554191131591094866182467253038518747678413238396223673380802264413500451635150342390456425049300248584654558579363
6 -0.577350269189625764509148780501957455647601751270126876018602326483977672302933345693715395585749525225208713805135567676656648364999650826270551837356
7 0.0964122176690490068092956566160808503837194510435127530649402489410392011061196082851385804078713455290450867681482176825270416348308857711998291384773
8 0.463849815259191159741552504583050599254754526680403670849823081526236192311147699674003464030339998546281684446652451485010922659730453444681219989856
9 0.677276632008884846662530991539846008635184045108831291093479646904268411924383674003883392848330105592575060755688967529792645607705848558434886523382
10 0.817212468672987805584158003335122072294039886013525869480432836835056251198468092372862303821158748262588680682966171078048182945859377431420755809142
11 0.917993330880779187524256879797652949541814844910567317631906451093165741429374943738300814797644357832419163549228914204262724416823746352222334543786
12 0.995419142241922735041309705732246428931684070127264199723520028928480996104816120167209579967215439255904377073827928426288843238899486690450267245365
13 1.05752526040312905133532867803174178556971729936621369294920871938803586743918511070328355043882027727185782360165925219727609117591464740174609796892
14 1.10880019838447323486838974042824865091963454804622113661457597789087978449396616513786587339636745343183441518247770076964278072400911917483752295445
15 1.15197386656795268398833868378688488566208948241360206206744775787753261409376977645278108142897102822924047490298682087970054891433413377019639315357
16 1.18883567842909872675360598972121958756576852178467038841525079830084866371926643435860979690631690590645380133674140005190379552984334520228764269572
17 1.22063460700828786468992238062750788573882923403987666980000761267589477354885776216031826724088637303884792360699207491932346241912830547280979757145
18 1.24828715212865237116915568092543932089726659193922901372686945544072532376942652524702383140797139561955219498688763747522974260249822753472759651569
19 1.27249206905796977990983540953002946612983227722088388802068697970983383895229837700686504988290431652643007898423888857366779163452839764881445418205
20 1.29379751217324909336658028992784591760142427137474520385859707556116961656125350976496645530135250573115084755285922497737022520536616953280473450042
21 1.31264266989422137350321801369556182857221742890962106872793153375959070741786966046566761190168183877353191191639522404082180894921472785624365653294
22 1.32938502299481711673246261916848618676293855361276245358394120858582928232001465753324055672265972588381547828290345978005335919153059043349247761918
23 1.34431907531545517576191517743831256076956245729962405841706515834235182849410723760226096611814813895602265424393813246108554263446453901717937211649
24 1.35768976288592775474267634931931884742232599143660359222646706624956947025265500253557128591679668690661848603275566048526626157247969375770278055549
25 1.36970237820291152471265795260362377500969308258316065534703477982399777119474098128334993572587891111341466306650822044269624125235912149394018514668
26 1.38053011102020007363491070606389761258671737147148229669990675199815955577088410481591049324289320325692803014884594686825787949854826526497895884577
27 1.39031989675621090602372564980374648188294266816569906581505611941063073908799573849160049827406154195946835271354898794670128352541003353054943087825
28 1.39919702539609753421963315743987484045591551493894272134833422235546161467935687756716964084392094766840605946967094432690863260977979981211986246346
29 1.407268819593287197126161170722603686667751275104603277553422652670284219510632139743951395599380034951384847244122462879721274839343514549187775917
30 1.41462759975588869066888891527219963203802317041359390138583971010100844952606087339633642499587998674169773370879539930454097313957520687196813740018
31 1.42135309426676747949419934507212909050330849425923728289380796878277765790706794197312666092657946375109693286145674021779263673807947026502518071726
32 1.42751441243506750507341786174099810945095577136096656642206408914687080778863501452233752301127627678684528462031975131904981606662901691898376879619
33 1.43317166931640841669543298359375871438035192166506494437538803345872067294051975940446981353500913545198028846177686164343504266266271852919213920096
34 1.43837733101786144071939188791742229093866852062162931069362853537509411630693289553246781786891003639138268022843929277758944369235966152336873226261
35 1.44317733397132713005022000092323459209205117532867967261399887272251952310224043332664839305553227133207276395320401545125042315827656307553796176972
36 1.44761202029255730839909706893656785247957299789044116520139533014116556518631666528930281819524403332600856207775321452853617561050573574227504939696
37 1.45171692267603399232929067364809635213602287353089699184333141710858504142409625121137860336551777078721115106160634800960713274548055320152081453725
38 1.45552342558521963822680104503592224577711633680557255926301806364095906545408253163922910471280949425252127570534145459765951892195670856471352026702
39 1.4590593242797703651315594264622526842509522102797695390747340830818485892648580556332720897822265120921648861355779833868704603023323799698014120996
40 1.46234929911706272075997290624756465254273604409758081986389010709311274086742066359503289785544815456210414290179527443830643815366962295965757972081
41 1.4654153193135400118097731677598890545179918435424834945276788897874339217697799468783952901968165936642503997990378217362188642028380326557261727164
42 1.46827698775857184502466682538456007708300385708444840257940253655067309367165923634539675839499872914241044753800189019739511466518317334208518615933
43 1.47095183639459983971703467354687715948710330319830108809307755208850061452594047678117258470803478949451796062358610936810552450240857680313251639652
44 1.4734555800020719461631149775571431615168950708684384545547246017455253544203978831767349894775932671555545233802100010859009769656985759197217167446
45 1.47580233487147482018215143932172468336435935549824509026203677552567307898462121320667748472539139385490440806620339888582240154341135943873748507776
46 1.47800480774222612093591221312558139843059055156128439072286603248218406947671819905681830274537609802569617737129363185378960430607512293164078841586
47 1.48007445948829275832395123762867779197423878774850470952313201300772665649424205738567358040414488376380989378985213325822465967638485153109743980223
48 1.4820216472931622898401573918611505752507335127392078349245005204243764608663524016458771007011513893364805596063441059460115283149484264240712287456
49 1.48385574845066744755269261230193818745705589442450867750038126866291066824001597594472513390483036699274156527560245887512331205431763285123578438691
50 1.48558526842814072081698419115688190170109276881883599540419452658713116473907963865203299920261669548863918611542834408137594083942739530000167931867
51 1.48721793541454079599565369785943312776492781072948431574097941565341239160460399877150222255484905232109473540187732928515354232988190772737362620165
52 1.48876078323261623868787121636613992864029914076438894391188604612444235307101320551718062149988900806179899100270895929274806586759718702004158421732
53 1.4902202242080630442319768192566679761660286913195148850715419934323355956108175414785476218342012220831500879800131553765261884293106104825814303821
54 1.49160211334968201546904974473238163846048546098414458372122323624833510977187497306043470704398898742041056118044505976708143532295623524803006241404
55 1.49291180499441039192659298839775412338720895459011517740957013840153995635781451368316242292102663455982357030277116487246265055936316457318640740185
56 1.4941542029030219102276545411818164848482292405031528133950762473524744091773722322491170089720222198033122436213489258731234973822406362251746827238
57 1.49533380465074998245857112383834609511708217683840897662052385274548061762603385064430482527230055080286940008522517266684657543451111068250993792901
58 1.49645474103758912640998262373478768495294382624482146974900181953640787384604897873808373430271243756615392665793268976708279881479921432552905777095
59 1.49752081114188299625386200538681277531185536151678136919008775014902728940619986747591331169396551653866610847582428133597541771805170646294612682766
60 1.49853551355498391839440972066000772112078831385375419794073612467540785021856643444911121263897543725986796393445125253407044229453573629411218161994
61 1.49950207426177268492432046910407715972884213179105934532864329596063620393275049736943535106261724693390864601720052908779276160240992815369889408775
62 1.50042347156959626514915350809764144733896531793224530691965315018498852764375507439031935825798466689805289703345989142505020988149767771931706586468
63 1.50130245843500670135047645637189337905856572340227384759845162986374316616615189249684432977302117831146209519973691254721774620037692010768735158942
64 1.50214158249214786081444277022899203524839739935672489426158779804106932159713472367722715270997753555119743027263664471912949512271558228222376193007
65 1.50294320404755645531870450158521338872895235216494427073473366399784664009115761238378850705832203213155858091893309614603303343073459531555752578499
66 1.50370951227253361324286456088669186123570798316821630279037535298334256826316425937215289667339205199182221269605768481808103567963922467339227166703
67 1.50444253979527810920097521123302991354540299299455188529680076436334644231024683927062049907531992964885971352816723280645462393946817582090726366879
68 1.50514417586996002933737864393873170861294974838326410888253076318108264002090721514580297506563804058439715826268222108212214677826242683095389102204
69 1.50581617827827237945153216609415231089969957215619040663279466009000229116401367631414698623130575097713574384001596488194426967993553999654089518608
70 1.50646018410023774913555186690450778818556561031555309165575906950941197509520084821329022085978998293830864426948135721196968413308981791324772290388
71 1.50707771947475373403327137247549608899924294937097916874934592428450782941986985307323388417622205954954617830498549586306067340502396481598824877001
72 1.50767020845618415911762164795800264113307429957722708196657132345352018006468888495441304548149088677849601984858486939788006409399187216887312475691
73 1.50823898106094625666066284008408285108411463287600937514736802886772765296423907232521837671740776360743161920520966506239344960141734242639599841396
74 1.50878528058725448819241868345279357044330569049788788622021244761795064805516109344531649107320830849187625357627987281516505867015262195497501521163
75 1.50931027028174481281163161062923708609364004468812705872811918684899738444536946915586353000377518487935064783696971846793797033495912947754908191898
76 1.50981503941843561417033674225409044476676356458545628851845218217789055105569968368938862039573326848437308986416840671187155218509553356130821134279
77 1.51030060884822655351217267654051613812121983084052174710073877023612113415870996577439304574564189574555416787593977556753280277727407237348572244248
78 1.51076793607076017295792082955017791367799571656546203058169905676016089416861661343022011830773903304748960139703396587994184217930397883078421183984
79 1.51121791987485805169530882313368588892437605583135013283325681504075561095711024365053167365220272529248606536697989371347691459091872053014622817959
80 1.51165140458879481430781839048390353036374117015084028846932306555640575090504278490134060058075739037344003511346307931770385069830346347877556428414
81 1.51206918397730415463564538278572003637971121133962974486590004513382352276079126238341313676684574874308995733065069380874968924080284858135495986023
82 1.51247200481834783397886662922810024963069781955431120003163860592870743993753936668195899714638219141991460485839003083769160582407611303246564803311
83 1.51286057018925789858469972347243635900687314462960724855016454117013320327301381822448831991200418788453614225151765457066811210510515676368859314663
84 1.5132355424888292422745738347748682301465471049888949745809853317772898022889821509578348813256873787227019510545065805008464508840437721362349345877
85 1.51359754621924653668468524150240069953376362587922168835410762459248206564637027764155100005007344030588837544049728221786076118209522545308316957648
86 1.51394717054933516105578614042635084844960820921276425539090019315384388112429071398959562187710341848535140387936865926955976154295078768070129037816
87 1.51428497167849417555427220999752866608180902422827660823101987644999939731340293063072392462657153986026069178296892484616366262803410056788799318125
88 1.51461147501876932746819009967912983301860598031082952124458053132732250382431550008982106402007172515345670503477320568298838696020238846772204493104
89 1.51492717721082828959630531038778236776378377364122404845823658723344117778284800948197730703349292789146350615703078765916782935279056383059532385684
90 1.51523254798808498999123642389622239773072460641555162304740982371845842968010679249094120506734265878185261385201990520369968071491901435748879293482
91 1.51552803190186417383139854207707055168865625064301990771422644502269680853489468203423727221533244080788915609258718460871285159370918742871966866819
92 1.51581404991928299996473392999274395494354569051707620277004469571827745362424015890427833540291033439121919294495292905053186856450713464323523358654
93 1.51609100090443751823862703595250279800069235973139757534530683904938811271482315641117914727712396135601438101546112285959652752617525384869229263955
94 1.51635926299250424918673288147127506752129456432789336725036377431716429717031414554561228137370816750367977383969414869699547596617893363077347242247
95 1.5166191948654884398413364553968782502890320667702709711458457322381419331811058911022045891373795809939493063590094324349808043927491981550274500232
96 1.51687113693756001944734915470456197459083656220283474418957683954568801356659798140125118589346027114235372028109982785284890113951605200983329306659
97 1.51711541245720623534728019081867314303174734702173848702971024759892141310734380584440103282329019013683627654420742724358982387379319796120092592453
98 1.51735232853278794558314519102952988162863086421724567294580054758343486057973713259258766818707729356725434801621447678865504060226175011022477103947
99 1.51758217708750709769013658907982012045109191700418759861946023570765347014158892404669959187163922717140921098266841497335188535583572667630646317494
100 1.51780523574926941094049120750068246832706872490903796613849446668798308121313749684764838152051201529800962597910753356270505070144257913584715840952
