4 -1.34266664898668429069851042687631301777479695429093067550603030614987826328951249314406674976230536079830217863325588498
5 0.367319196260977562345866398401162821954960548750237847338322561556877732179683430504936973103264829070783751802452746909
6 0.639674589540941636955403202607844382194321765322411271748379061071870852271712732776473475596029100339382289391121362599
7 0.593112772939531310446106099253991724967862875423782102133519821275771259842744657171571227243825258560721334741722070046
8 -0.0710973340205286765765844067192538621551573732398411222941611995045474103566534017583718707023766525675196950046688022631
9 -0.0254510076137326478352917588402060427750563882496638508728973165500028648413377930706437326778607234705844132418768374286
10 0.902734762502808670726819999318400898848437726589181550806147989970118332228428458540459317811890548339492516419439440745
11 -0.484776026922961199985908902303415274912789238481994767041920881985469065046775155264949465833847779590432617336692451784
12 -2.14164297267172589248698020545376128338600339307272452405240402607779434402817246129160907089607822654882126720583197143
13 -1.48526584146384280023893516548327459977983673365229533103054824924022899871832478827095077948775271139908349887023200213
14 -0.890089862453458866876868214783666912299757936729404201186394953895341803755682873978653626039687428182105656311887879969
15 -0.605938546627294902687326990282069662659506187743142671988793007191422418439954438112887798740515654152258106390321214954
16 -0.494361057032939963692129442278691821011113045569284533472319339290238020687941446037382549078017941093503473895156292736
17 -0.452067036750676445777120424523762394307918350803943538800774601405552822666435722576028122826952002493281428164323033159
18 -0.431544454290206092563152654145206421480496413172744367901991104134676294468079342329225531041300123392523857532231143323
19 -0.414965123308472677395070984039884392201033867119308414029727471087878570078928161830531899721702157805041895103267364686
20 -0.39706138110916066969084653396958119930135495810605578276543876371575138643479075899353377234753241665718393484566798533
21 -0.377175576678474437097739531175673247187755198983694430760980921381753484537132364257083115918748476746497366361178754027
22 -0.356025701902617596321541385933115931618717582108404183272854725931894090938963535025917768554118964021011828111095269907
23 -0.334521208920551116115679329155732812216965365637484351817435425901754967243385564897329790822248207674464161593111728548
24 -0.313397889481016818751656657568698162049074683335252122545181432799590120505144640464204599454022738698315793138129730619
25 -0.293154515987332512446598141160158092505862231247733068754862979484100841888566225071529163559178761763970147114837346526
26 -0.274086035630941121965458448817433780034680428897580345548009966480134576750859991132175224110909069802333443054804575141
27 -0.256336950353298808552160523603138084240576052679294846360536049930614095206000597455345959274249349973629605231507412939
28 -0.239949572823342677586532988979998622217886151195951412341489334095191165594960238229042815176626646776119085984701676059
29 -0.224901069443373261417023650982022277950075699694501211574638857914475836577623574758002914893907044766287849903098056747
30 -0.211129776312501564563226558904120056143521238770831954021108323027229468159171254415006606011135520564881818227568293944
31 -0.198553031636282650547268763640441359952438298987503647403345837768924438902573485484987033815888976131753014556511487808
32 -0.187078831102722866992762747643071521948882606246446470162173107383950788885681269817960627534509531633730343202442803093
33 -0.176613184773376875683170132725822777436041928457126196508003087499418413275023683430256409470129458546996566563964526705
34 -0.167064568917069943759414222344157004114834407709020557115053872184637256414099765304428325503703968962858813101140705317
35 -0.158346457847648883593085474585314303475047919649555856152679730929592515608587933710722966270724076415576767894533449431
36 -0.150378612636559555274142959658229465930898848677644208408359273232384645329099497491612161389911695078470051468621378339
37 -0.14308758310942113105048534955389970836016034453887062178104034871632649812127930222975818795071405086236825304344284504
38 -0.136406726502760883027996384308387449533516286407758106805673486342663050895992954696544537522900515427215482136850922997
39 -0.130275941875306187138034038510324577366634871325226934651786899733327734894122197123417138830604808974503007354742558848
40 -0.124641249182440145742399626591819928471433388105664149414732812719564581979706996464345319553074863336076546197172967675
41 -0.119454295120952051399118738438491017129809673902435196315729791562207352304447067898869610730237499603020300278974053435
42 -0.114671836892859000403532591481647563314832066920434311176687820594936285728888007792649381170699015147538036924183901706
43 -0.110255234725793036639452022875812060488029270692868585790714265651193826554105894598983853575804811022546026759719465879
44 -0.106169970789123715545443320270538938650475738770932588851819637582473621664575065497665378202563858857467141346358171955
45 -0.102385203675130687939629988418059451748023428563828725569833113525116654212483911618014442044148121193801557412058672493
46 -0.0988733622726447013011005708415419258475476847826594399117703896598943788447519964268805176047750264222562223611574175314
47 -0.0956097795761914975016707498861236345660912964548269988810561556496614780408003093341578286338660882763079654941734407763
48 -0.0925723650328966596367638053139223635903820352782376708943670706267595823958335070766950440254745867980488965717591216267
49 -0.0897413129574171300819049968359388229649023403848187171510016267848631044209682096280119874455959260785222215274235077662
50 -0.0870988440271435407670854308359668073222164355296297676731002174047855133296791768319483741973834185654282568514833206999
51 -0.0846289766979998635780100226561154228960467655938746370046044421509042026664052919502635077050329885971451694014098324169
52 -0.0823173254188796647815125491717792493396981105121521467588826717604214493736083094230953578738416563535172107673527953067
53 -0.0801509226812167491753277587296342276600086248411327425609776272980171531775730474497254862458280061166436212103430485426
54 -0.0781180621621624116176744980157720744607971265229913806398542700026497383135823431285037465004751918063585342017292722336
55 -0.0762081604690927731809772427251733946991049458305317465121599386276412081727564417960896824990454307720023373070615294916
56 -0.074411635247314313425027396593988472529435562985670898203444167032920895889414485514751288632292812962067952364004173007
57 -0.0727197976585756219120514721173924864781528968797578810939688191644573130452639255138604232894427334421450549725487037927
58 -0.0711247574679310881233559535375223935431255010348235923023693597017469896222253459396682478422482335662281384695510227544
59 -0.0696193391870197374547226727087488674900451749721189046703636225331332946368599507594452285266239074765291467331846148157
60 -0.0681970079116738031558148493421270357295490004963729310640198421994105406965096267464148253194475232121370448615536697965
61 -0.0668518036611544368103385143006494262415950912040706161594708294707155462336942372084572528559137587896265690632294877851
62 -0.065578283176259356787879499665844462995841650658457137770732739263513030480581977476070345168004218371787934745405230439
63 -0.0643714682655347721982992447033632852569464415920537746055766881146160491472612957207259839947947739428588783665484380501
64 -0.0632267999045194483173133672880512299812956790959957175498141534339983808308859472994548596181440178071857498287283911604
65 -0.0621400973940572982414708673221126752783556830561692975408530770361748517571489597113201248096250066019656172158277441914
66 -0.0611075219718859987982730352669185660588015538513145395495554656798043826907285849487838358658345870902244805258441962279
67 -0.0601255443484853456750280772825077491297022174779703358972192572434168789906789265036191315763970234274166191077400187885
68 -0.0591909157049603781291140826990107131052983387526937392463950388878448973511545220182231176980703223320208910040923804698
69 -0.0583006417488093380053737633525529164893288813742350006448566342337538276868402767213297953252097729400959770328781899241
70 -0.0574519594739137802370932922541480832309735968153464987441904690553740827892598416062446472798438395497382487470242719667
71 -0.0566423163149831264175154182368173451991950325539002365407243865307569769128218785643980775171985324952210461790573687982
72 -0.0558693514248614028789066323250162593401251243086504508292966567760441732329206049872568597954858457790242825392432472279
73 -0.055130878836321437941322095964784307123147456309001102620651846990363431907117305524009927581002258256525216508641380207
74 -0.0544248722988937422874569144375001317115829432852368604385718020578383703912918753916174479507930437790926525672988169976
75 -0.0537494516064782002716441168840497317502000044402729004634596513679642976007890298292952125106649061902200461872874541485
76 -0.053102870253464027921603694873329480906629652597077989385973786778503972623428306623520479913156383309471352500843011705
77 -0.052483504276267395112469194707006956074500884703255900239153988381252834460709881525813562657279347778970921251992366493
78 -0.0518898421539583648126710904102227547529984071400961615784561139912040102862560905885236470720640099521344517799661744301
79 -0.0513204756563103820373863069126853433707869168072545281112500696285169213273898925177071231126602184338108387096078248859
80 -0.0507740915404436323920887305219430614956033899682888501378268857345527621140751205436335678676035765216288764230535806884
81 -0.050249464008487537383910168160756210510398086966888075731116951108645693436523700210320397182615559297849339762305679949
82 -0.0497454478485641976468611686811800268491032941798780092790981758882302179505154446299022592599627313920417911323579937425
83 -0.0492609721900723742457281911318279470142578862759807487478935818328082417641731638878825004744364834858171660438235654659
84 -0.0487950348118850550897416027488065300391665202026588360013681318063834849908904702623864460852214344782886957290177148402
85 -0.0483466969487963996738098550158491562337227923104244534824052954362794241177090251810204090519339868938566909121341809622
86 -0.0479150785474815666640792981322175078242537139914252693975963528245247147433302262642393635276036622430209624089306654525
87 -0.0474993539284658349620235664867061417915440960561756590220400029490873731991092767025048095202365206888830506585065543257
88 -0.0470987478152244523928271942037480800104959373600111256811529444750291500539769118605478831457031370106332867556311784982
89 -0.0467125316956272394565520735669625746556675293155120671222617012148405455293077130304414584549395153553193447550960983856
90 -0.0463400204845676981681987845850329801633743661636335732163751274582899155433406443301927760222973734794804935362783517221
91 -0.0459805694598322489779643393744224828832480806656613534649582761235939342590037228982251879340233183746660135359324527924
92 -0.0456335714461208880684080086436809944050797569337109862674984958153524546358420234987949031073465018570391929926332904737
93 -0.0452984542246692933225301878943190130529232185663613366726976359489793117799057078424460823282818627970891376809724746368
94 -0.0449746781481819638683009165164001413918328640635052895158321796945566315759663470416017331734242816422805174651215671077
95 -0.0446617339427993318066411854480348055573299789164373272128075466552165586247706345757939052500045145940438941229043548328
96 -0.0443591406806177705704687744456551507631872250349000718796625672917034801355314434493600746607138033521200197595901478391
97 -0.0440664439078852837693103204773700282862216675820263749779071827891941541387392499826869369427581116713065838431399511354
98 -0.0437832139154295113498360441985008684929739853537287254304588155847646224147390165185244916410795588198458492023030135874
99 -0.04350904413915794239384821625596047222153315524753640510951897281153302139364114110189973387963278786819882137988380346
100 -0.0432435496796199195209851965174627687903567250279597165913042268645028957028752694500276674678455561873478456321846740521
