4 0.2699167621519919712679613027997229673570329280378816230508153916998079665741103670606987088955692265256643683487665274
5 -1.484224110195692618681783663663749976204246410399287289351903947203095360249297100188085923539262594978224165710645123
6 -0.8512315481029391064398280602632607226034275831749876909961032548839293910674400179250311824600835500214247329963172753
7 0.2240919655795218897173582776700377494475085464334293851355765663380720517189446815804560338065119847742843282360218664
8 0.5407915517532154813673532373051354490405330379988098034744944156397093990627237023504935966954401660366575082783853487
9 -0.1795273977243044937211652160333335870870680566363528473745935073738384047682432673498377089645830314446612560026135334
10 0.3374826928086770936055381084199017443750926012227848649260456358202204943194631057370176738498699547437644069816183962
11 0.091484724236200863121373319171845795455453777240627315807463087415969752189491173015972854203685771125840333695561449
12 0.5059708617011014034818811797475759501933040632667954698385088930709645442318980827057497150673830928436599946485505746
13 1.875943461393996231373118270510698231001123397546913972303503263728986977279235525377051468536583680967987821756558121
14 1.673442639087821118702034109007463917412961595777097247085673023901266663475970828255868151916943499024254529888738717
15 0.9401655581388603673944405126489164500025759652181562625811072584578150632029741411817670350666737776052885592090101106
16 0.2525478028198872810776446282592258596680772266075951451641194630921866022643878134121970355272755832476845567222993462
17 -0.2513095957085730597509270796172171436693853621185317470954095323548853877876160170402496443891016574163599053114928766
18 -0.585708048419419374574109644025418507974150663488086505475399830788694356966673474194931768666407471397077721510128753
19 -0.7957570314419207845802951189477284830508770082721197153479937426351090459325318445247527874289074915547094122094830601
20 -0.9217937809609190490983964384384091273323577787733164221380022076759449618721411654971540539831827502830893630102223632
21 -0.9930796280408600456894058434569799595799220787646684020276835158272248361234583145146553125777800752300278109384064082
22 -1.029322181410871846555340401974389872460371603334028931513285818438762320404356059135758224756200013432756250738585356
23 -1.04340261631679428449919220262511379958058453576417466899185838168107115345539291724968862724279327340955764086836274
24 -1.04364345815237181080397266419730542292419123515671503987741001914234576102970808036297484285832828816251690281207493
25 -1.035403261160588254034813495356323338119699789170509340257284702877407475908036961836321643023788282833364283103570523
26 -1.022130862895681742609579188833999765344892509736652020205741732836153497601816110606574934566040788870176541962550923
27 -1.006045579508197682781235513143237904781019108463035995225143630823599540443948480930994042389667078437987793852601647
28 -0.9885726489815068435955883814720828406494590149879378868878901169493525986429481988965994380597001676537665363750875437
29 -0.97062207736699049894056294084073014935274506758234488687917240619565216520476550654186599489179608145595134040528165
30 -0.9527679892770067527101354985655710312737403882063178274588364356415536085717558792103332996853691459807744989340196769
31 -0.9353647136102631356874985905992850879289343380309400915752073467477352187667682830427178606337607243209020856583628765
32 -0.9186224472050946857074270429020404922524375871051998090996148575726525386617857245671123714010306081967207013322734884
33 -0.9026569123948255820576161963946312538418603062265318702623514525478403830864402804715136222329887739508534304112291214
34 -0.887522151488274650866095563929377588005062495758942856504712915527539513335996059237516604159069666654022339944591402
35 -0.8732322980789384331190549996258431429463476486161033994126379510629340378385453096829039093395817580366904896323742489
36 -0.8597760857244684228408668487916034531293601666437191820400662181530414977111791180473008470144676308669177753121877179
37 -0.8471265363137361417137611242236894839178836866925188596237612633290860953460651849952995750035514261032179211487148522
38 -0.8352474279046795334125427385993811909830625052010201213850781500075893556874348149954750600002530869304775610827188456
39 -0.8240975986336819397868783561999292718222554784820092209738964973467147331741817054063919288483234772892846121063496427
40 -0.8136337900182034891849814610225536407967606959276096554988718872334562296501259390806953016492952574426902042790687621
41 -0.8038125012089402952822427116032259647039865584436525158564873232357031129179862515557445695035525344078335398987381456
42 -0.7945911724238947890027249710128981411019240305461173184893979262533785794414376058169981779509634724439470941073013887
43 -0.7859289135564248070905886733002594103650300724599552120145368326022689685339975612503169597542242714639738767135206895
44 -0.7777869252631221824830049799597984514186466355650395091429221955289991180635251485508809963706443231366515349093565711
45 -0.7701287133743990943669338916941701305852361592042970062064226420143667827639504055048196963883436496111917226711322942
46 -0.7629201658432050876607206060578348432904705656586070902621058622361782836845600013664302311424836927212873216627382564
47 -0.756129539797841131370733838506880484502307878355448819482155668522035886068526913396978381790363613095278323709176432
48 -0.7497273913734705481037878950641698809033496825337689191220488342660869208069401197437339804684868560310866010476722759
49 -0.7436864707126176397104583135450009140082671472374794756941490180950226869461638515030002705981709388629960801526289874
50 -0.7379815974000613902993889189504521439372263459528470046356619561648798050659424447047386774351341351882734067939879697
51 -0.7325895266510050456784751025945592613249777908777588471615492341539598865756703501370046166748778520921798299907889979
52 -0.7274888131339893294208658691133230422692031494446408468293306976315485367333803487094001442603905512704569499058641971
53 -0.7226596769223952968520253985548489840631874409397143751927041372340143575415410917979534501119852659140127850980912665
54 -0.7180838744135244246410153010176089319937913774212213532625696114504650419496996763760268709828974570532172406321900912
55 -0.7137445759122038455562218026922116952262797735601935017281827981002413417746552842715002049375751435255922111765559368
56 -0.7096262507933428984536632842315912753786177956964668248085654382057783814218844954286712774562830214634080458420006533
57 -0.7057145606275739024414995249576197259492985690729799572799451087909313138107092434314577706061878830031922288178942487
58 -0.7019962603006919444415181366059426883209836832519776760238240967199485323531104607477859427248939559177083732679614568
59 -0.6984591069279879774943913215373293992749655460282883972274558034587143253520617188614065917103311075975023178638247644
60 -0.69509177622127661190561219028313105983514426331575970832004530181145378127426901333922012480213967959453286306450786
61 -0.6918837858829641079373678322299909523761005282546154474420741650502635118278904498793111755696585954561120749789431966
62 -0.6888254255591441308941466315253431929232487439824887892708716924749516944235743419771822047074210944111213346531189829
63 -0.6859076928691988654263685821348313933493276215322450967290841981642190000519973349555064786709472275391217102339763081
64 -0.6831222350333681036715971198059295416204505067911652210475774532398913901695357969542498787586356214755296015402427367
65 -0.6804612956356477744740128075371244566967336950085434068676890632970321459685466408970259652174725616518617267061261745
66 -0.6779176660825849624699282419025970034916857267035779204820924789116353339296803080891594458072278413866659880165833789
67 -0.6754846413458481995719452104780418462966450258207261750575611018796237729634522489214692753022585108174693094379551918
68 -0.6731559796056708766137449460628979426782547505503897149418208196169008763601875208981331055936796973263601188817884688
69 -0.6709258654419056190463327162513699747897461925653433030422496113667759123503330379067408383117001212840523368851346464
70 -0.6687888762485072519283665992045602570556732238014643521879221728585773030368913711448156873281164031191162845966873382
71 -0.6667399515751571647259671331701146036354956669147385538655656312474692005587113206619989956470062184686674771321381697
72 -0.6647743651260783814725493700556302419541900753455887517879177709340567758486593009919426735232513467368017743096588431
73 -0.6628876991706683169486750811003387494901148123138668068132853245828539555696548231786645522720003559689161453856644768
74 -0.6610758211433142520187754438189785743742549193622874063089811385456312422326884606469716897354997072706428146945349149
75 -0.6593348622306544954487940956239339462821505146900639353131949367910577821198853795891018718309076450572406849406301593
76 -0.6576611977636580652646164644590785424904672578397174200667192496562059055703340385706807055412475043850395342095660397
77 -0.6560514292493024726114425284417306895624174412920622401092962550041652543374348471281488867788148783434834212133108068
78 -0.6545023678924368907121927714991303337891435485710151304998547676989801297381577825390713807820712079457472199640435502
79 -0.6530110194727402442361017429114214651586200621219000941094873113373906363883681963447117912806835022475967949723698086
80 -0.6515745704546371546833397374663331424314809120882371670751823608608404988438835887509618041143851234861469516886070573
81 -0.650190375219734433584078611213652224841608417638739417373871810770380664350928972156046945303433513336715282100599383
82 -0.6488559443218979185326279953607391938022711814734158411104381180274082489539263301004623128237750506427129974104209089
83 -0.6475689336746089353103210684445295892217158019029528339317719667280574468763154300487351723553483122486269661235167579
84 -0.6463271345888196597664893330973459951820113225664967623283091656028916654586238186649148533309610365755192133664338894
85 -0.6451284645872579066526100080554161761875756701942093483835299191174739846116115365034036863229202053901941275770990108
86 -0.6439709589280977206061128482595531652155035164839761575451492155756705793940814558503158722000511182717399536018243921
87 -0.6428527627771886554932581071170939790405196903343520128323032264368650726806833753285500800635394313466786223825284559
88 -0.6417721239736929277366956553913322260058434500818162407926820884090104612986878541058898144745057107762684191007368109
89 -0.6407273863390783102991406306643866254563247000711944666156596407122370391554235062216986215599512242199130587491435146
90 -0.6397169834840122168141053587692506417780778300407836788147749066162337658399316483826968822538251853395539211088147733
91 -0.6387394330718498343892167676388325078237374786673474877836732058727973543708429445653317526326502561633837515400296942
92 -0.6377933315011522031232805471488062123406029300255342421014776191075979675236574232899891604965007303395301588779467242
93 -0.6368773489730499549290042009330158531013301854164352583897461563939821616421943800084445123794628951521331905976754411
94 -0.6359902249123219358203331420884458409429491240987222719333354590382811040197926954356887033836345765470719464449267412
95 -0.6351307637138182528686450385287223499854084654686104640578144139370576113524364477233045399409039992245033035333693665
96 -0.6342978307883540831508680432949995411367154331711350556316200338552873715227436321891379582252609050115547946479049279
97 -0.6334903488844604435480044072125598799182471741811147992156290344364990077480794485814451887191139505547898857863405772
98 -0.6327072946644248633604116455470180382396842663097797895271939709129612734054570530832034185578670686432815779592298046
99 -0.6319476955149098600872971727922280798336001459698183500417337535120896493149184478500940085248457953156643553701157973
100 -0.631210626574119403678247522177787299910012542288601330411827483544013310535547444365086747493118574321773497803438169
