4 0.913249593433197050842776583541052185145985736198495422236167748313734487535357346725286338846663469647261469049102139
5 1.12073810698570893834050866486476754891744621824192586865066939441286101150620646932915491485012748375428700833344835
6 -0.111055904200165122070019668107031215431601897131425844795167481296526407756309665996217659962516510733425845621102789
7 -0.374045328072978765262843910169504120893306191522927163526029791725536187293385963650025722390969405983704256529747373
8 0.428161860237921371260366913453643002925717947446055674138833173616733494830344337437873869624426044905041572053642934
9 0.660311388971468928767361265006410249604293001920133967961783559326162712017640007501024334613575017950910312420286946
10 0.421701640991789810009880134484550516413229573867870046992919763931060139907368880726543309069607213910429237831604445
11 0.435126209711485230945009155144194751151602552249443765184902087335519553254926847360960235023304941805911980133478467
12 0.198782740308617932886572542691681762698147513655082142525387462226650791216933283676969430056618978200332150189444053
13 -0.481203970005541096389282503891882073341335669040851702372889703179399282513481230935790282735700015929452270477505573
14 0.414002141473740202769977092723086791963275512857758754576700812417282487690385073898396547126452218274820124074574047
15 1.31366965554228913867858509168930308505798397026970066305545093902630005300287380281651061857536824981223661097228653
16 1.78951588335893897549604258888372518185754334840086759318098661746230938925875899112569574028175835008546242029746466
17 1.91753940935848326793485360262094953405192099141364861054824750061945077875230366071274602252434303427156396469101409
18 1.84246473676300533182315418859062418495322710959336859009645903020004811520956750041438493640628441631983254447229777
19 1.66980777745976705294277754674609948211278028492925272325879712100550119937468893000681897875746493351084145419641563
20 1.46143852343143077314553013374847336540486542058073485278023281210458080464386218927204554263284351998894313351171569
21 1.24985352556855189830261305688205865007468485310467904862242121517658986402701781475994368199563397580773419644486404
22 1.05050727492829202651685896665209336998159028532969638580029229861700488836429278268903039335478036902163870236597119
23 0.869652830192208376047237279321565604210076073173471414831901984520037310094579213719030138054328275299122345478323004
24 0.708832033991242982229532261937018061510463014030840335714278219283942679973127153047059652874717152760261199608505098
25 0.567322404723968299607314114985057868374777294781934689443265576926782992129714903864122075096729030338735351732962146
26 0.443428322199382769684838190449832322049295262810117189301212337650377218583035552409954620457447108858866756724175229
27 0.33514109516035625400450834981652438989565528060447049524059625098958252593670289632225985973359520124318512794675624
28 0.240461330359806629846051998873707310360887421025545631035331231507460262988156539827216649187838065289989997312961836
29 0.15754367493333731025545721349536560847653145156828870678664805592333602455565220639894903564743952552376747712081179
30 0.0847501419656063898307969080464215825312949707518006093846376571741784876119143067568151832082582431423506663064188305
31 0.0206580319851314946313855838763064711298320923265510049112183689340662673974229001019393825278369320321816723675734923
32 -0.0359532446609949464015453773665322716425736653301911679370525503572839717572893358840009209625416034709891800783914452
33 -0.0861238155074293465896225536602822813603352762374139213168612511528233278424567860486853142146961882509907641117427765
34 -0.130737089594663480501766625047361596069146113774541391349111355831076566972497177087831967067525832868596972379900361
35 -0.17054255038843805927074154009251219185876747899762506189478401400295321901531650359323715700287333183251711301508687
36 -0.206176298309804663711258556166558623607262303444231365394723158448134157269170461368308196991657029058937088019924156
37 -0.238178938124287372521713980319435933223273572629961337013171122207987192144289305032260065098706977588321073131310133
38 -0.267010844436384798186735841493773100321242766467674529912977475215889979520510494998024519018446740425839098083076076
39 -0.293065034183142500050462501395283158805727279025032898693857700521095624753108544339535686416172960990197826454199784
40 -0.316677944816770233705048779039976264663220779256765212473756978827041829141781908495448014729969877454132126879018844
41 -0.338138423805953926735429026165602935947915517589987047066926080748678385101117269227014464242435793041902399343873824
42 -0.357695212906654321651115334365397889261364320535795158046385787591870623666500967535766894549452208411938567713348086
43 -0.375563177093844071691436983215738663216831397330320559419923844173980606332554450926549448932519400123880984518040073
44 -0.391928492122693419819758062456453872041975729527042797976787331262471689599948935824192846580548164398422962175985912
45 -0.40695297070438560771042429746773145286348614604414413845897781252577140215770045476868017835227838688549196246907671
46 -0.420777677034932060132433484222486919916886893098529162314563845093793708947494533733306469999033256688267145920219145
47 -0.433525953408029619691521489511197597037398135112266560514009176325764264892723288834307004321744714452430398044561214
48 -0.445305960745054445225895704264391385161950858101210140522248613207820656203052984832122513019120569071485779627350858
49 -0.456212816678566276349519580745201746661751757348337228770488139328718364709954629963675966792953490977362581778060941
50 -0.466330399829821808920503797993191561096057702091284043746279613225437003686019881741547546366883579910561040602109671
51 -0.475732876626018992489521361314769077870073654683169842669045116737151982394946848714988354723351475072103683912241054
52 -0.484485996952650280841526850574969088835123335757379666381362193688571732114390467655710377802350603138186715215369864
53 -0.492648196732588980542712072890531642445518667551620458475149556437169005057489396485191068994897030638958955461457368
54 -0.500271538829490925615752205423596018812166691348651329274451510060488350358693147745884777002640105757816830182421918
55 -0.507402518208574321090140263127060737844245242968966757166456322778535276749309344137413182098134005114538330055863268
56 -0.514082752822489167269087324013933500879569390658552849264555252194764630923312790352013343256961994491594666448465139
57 -0.52034957803584189390189494086336072646335657568040488935869483753497445041295770715727713757635387476065353896303305
58 -0.526236559406363716711720743282582347325740664017656590093637704179608225379762156383147198677421784620900373192929828
59 -0.531773936180110702342233414086485204799609646266726109152903443022601805759419220628685695490234205963200567517109286
60 -0.536989005832538997197771543148009939106493764472334347076711802474788496052835960144195611636486041502276765421380596
61 -0.541906458316070849266857700918751014056985128597952299707578529166476112339812559619938473393091071986286177242083371
62 -0.546548667292602915034793581305781687981332514178350286456737971580864931922316030085728855578256047406991251592791109
63 -0.550935944483531247360247954381251017440889154487126523833992593138715032368195334884575363856863023579113394965488116
64 -0.555086762317541728542661009161889173965598190215341489146361389929058876736105514518983006164624815929328808106465951
65 -0.559017949262984354984210046969909120748379748890820798038642873163786226584073933400527988232049002837788216077574953
66 -0.562744861568962046472239521677135826511624637854019375248772742357341497118858863054743086831885040913475828281717887
67 -0.566281534584406486869606264132366041431565379589669766602607169571558037559408006515708465315079187863948958910692453
68 -0.569640816358698295492441051350796231908038017419212859778173755066195482812989891687645664858042575433067886329880431
69 -0.57283448583554427840452949627485922392653412094170394547800733873231746317123659118895696595967235381244760650201365
70 -0.575873357621341237700352525278456714297854774144047065818194676394998706052070812717641403672255262495724852637000931
71 -0.578767375029864419238968883895436593268132507432171389138821285551952711473705390943152281277976078034223822011073735
72 -0.581525692868369353053843044621174387803919694529677413955283745932593348596337378441366038037061394745202116031609726
73 -0.584156751229119966847080890792920401278701295590788789036571951863703179150017093534303075514400456602038875125290929
74 -0.586668341379193090933553784682762692227909312640531159568401532819575992315186840909591275706333767582933392172514096
75 -0.589067664695387285763072470898638619824318884021305720540086746871041114160662068449418086041666494697039480534297626
76 -0.591361385466219116223302264593583184878784526626862953390384731239159028755671925841908631170992512243135396995663818
77 -0.593555678276023973987988287672751864236982885590153816843457578322050273453996891517132697512179508386736035615025588
78 -0.595656270594339671574687748297775097602449042474758365248060619304033992508196571726555287875496634175184976434779757
79 -0.597668481114738804832299017231251875980728765969100239682613611254011380805023676088912603836423277286491909346468261
80 -0.599597254319162750186370001137610602571653500982820808849990599270952860524069401959853737916324450799913104501664341
81 -0.601447191684977548380220838734756017909655483922646142049446392898212530711262976378109811142282615212123513290596375
82 -0.603222579901057784683303259886763889944635752201185627501281438205098271250777729172040270767546910934592549971869783
83 -0.60492741641506032581366342813108285274318483963406892278510462253804025466567734051516570383618364662045632186455114
84 -0.606565432595704835067824110520698803958535626262922163491210134211839710742564268833806610885990757075288115358199042
85 -0.608140114760510520638095375066115446002878506905503121913911509493048216067010449831869238493866099585303167693765918
86 -0.609654723290351292188649456034928126255666639881054395196559228633437579141308740791045775739158579000337984614583822
87 -0.611112310026791633802438166724237758259659847682745690216524614054869632935654684772056118735705090354221128238178432
88 -0.612515734125948146834493333978072374039739504292323301731609830983290489391761381392536726606629202664641568575392243
89 -0.613867676523156003879402514137234442541564633106183645596327272693189333756939624321323339488689768478661072931108653
90 -0.615170653145637105548157833620630059767966965352330157091757610873222022081956812197241518156135586023188246913459319
91 -0.616427026995352017105006980927116675705390337643098818625998481969403258533234594212903656822953915249864796412810747
92 -0.61763901921100003816855731074834795741092067829912467533649564551351394788075550231887920076254737037323725855657089
93 -0.618808719206478300048659586070052407527301241677952025758258072350363288632542238507583010425572182297541756019190305
94 -0.619938093972821200521553259616702873518531203327280707673375830593780381345305516745645407248799191251604615682854016
95 -0.62102899662154293292603886433429259180064779424677004908572891939403808036513667601966719384566821855297379890578055
96 -0.622083174239249017388130892230218205048295553688595963469506618674984303160525674359611245310014232504139944575474982
97 -0.623102275116238373355818841570709758106066335276241421550349302993461707714590192103548334338891384290232511592712129
98 -0.624087855405473579922152861842647011129262466991408306328773252048313110220055248363134129900117405497518858194861432
99 -0.625041385262656321139702238277646332812415156031860707316812736460881526783877048858271569890809010413327466558961969
100 -0.625964254513123068929436080131242859772402396258225309269262541080038720656273534242433806165171972915171231761684851
