4 -1.2195436980052779714074980541843007790839084351864385474002718926406393417586602491374576936011784347548403329254501
5 0.33490903599564356065604959959384156210209711892797216964360002003136516204566182205876843988371576780935288402693939
6 0.53019512031965944405902785382111954494848703409907288791514340692767175801404983429520270204710658563093527608419179
7 -0.83125290174255269988098357160804802990041739353179110426703180011012862730608576407906929854887378200618961611697651
8 -0.2132928918506112760694794441371118503689510634975436419263273504183995969649723803307879020663869717266124409487077
9 0.026844224612600922496765324523524973897486045382651089222750591090114609975220192984397885287691260386653699674915216
10 -0.1938596739895911626674388217494728720853307882035112320293611877577931904715842013593589535135215769320548535574963
11 0.28302640339762145892900281267007175587547495972816104453882468763649194188244958752195463944627163923945628754942267
12 0.44056716839746529240796295249306178894318209387222513501100146034529269168147572663555721023019498312804285272582931
13 0.84715765772928771041842955477969814102843257494940739097457139360687799790158249120998799569341409426076058496758812
14 -0.10539592552616050803213632841522315633468132906598117999495639380422058857203123766908786081465856732888062956470641
15 -0.58898602708437139960788420567680099040023865584642402933130215887319934156905204866879704039728858758369949185308028
16 -0.50458624762951232203425069211511818258771019072458916251610557149961894682604255998923419270944030047374306403949539
17 -0.14351116268748752203797465633339718526293953955138524247180665382960253813830065139381663125852709054659881773906968
18 0.28421926004543485371076871867404371106380367556761707525339875669284489888850588785489609941685051581179536797424326
19 0.67932037455306971487820555218393860548452771087087220109925956272502724460995426031839238324909593649210853374782086
20 1.0079316543139587483094375239927555817351242401223111991829110082586552074008432314029392118521818587272721613729436
21 1.2665804564139772276739406232230760328254175836775427112541389352692701312447865449975574722781254200804919096006459
22 1.463453000721302985227668836064357598048552025760446547047691582162127439254434743458030144270665795722942262574407
23 1.6097796296156037410918242981096206222712210892938487537820673385374714363433001780069009638877741196750185642315902
24 1.7163306669534373081485096583216445633040031521037636345817344895936323724821933959117735822021649949922071744354115
25 1.7922514150042589342694457167233766042005403738752644203975878319669787356248986264491729628729179779851673875151903
26 1.8448823599285174840291842263912023037775281274508316412499919196722931810243538782258875795564779042668085647446642
27 1.8799461232518252024208640942525679417425854949512710366299959899429176625796082955642387410234434337484587525078013
28 1.9018345454821010975651715144958772260655377081360322493099714898318427259023498726829276286746573570232546571090503
29 1.9138899778115265441967323081425412906046081560573634361649831099808324983389110104051050402542435202315665929945436
30 1.9186452996103215046643797235713719293708455728682891695902368838106551326662498128598088921144536687367604954621175
31 1.9180163674563254411511856936222149340679591420588580313095295099639131997326121087490317009949776251262213701694839
32 1.9134514731392378965862013678342303456669400603725108926013748752833601679243400975826802816582533558015587495779067
33 1.9060454449395820966806083677995323032677773912789874471929672752066702798089926110923669760800648553316637440149763
34 1.8966259784172392882775342124295831671503262453237780219877762650076861585054159443061813361405031399847951048285609
35 1.885818683062177909526946897458922579807515873132228571792364498902811132210088920959536296019048692028632143242209
36 1.8740960311269311785116381972261635178022576005308811707584699936995578501642257433648196415890241187191750513472371
37 1.8618142140736332772041814506723158140309850548757384392420638045455772800069632793658526759771889005790338259327243
38 1.849240941919133900789373063145365120950427253187528545469521937280327636114412611876650356998571484625844649207419
39 1.836576461983644032117987979291986504534456589511895436491543904896442491471924255953580767373685225878360826380565
40 1.8239694956548214395132640653670951943829334598431951319986982645153157490969349825366097234157591371241180091260534
41 1.8115293581173443671891748502367664457777633681306969840889751989301818320677773989216895062975480064180417289289439
42 1.7993352031704037495414096014684470727834849048947651425470280263035944379391142153799873861119057947747548896325368
43 1.787443095860084426996156548719983078329844187640045004616069574770237501177423927424122014567107819889698640335203
44 1.7758914383381109674423994055101355166136635550499581711933384143395098076191227352676548432414123849011627698694206
45 1.7647051429490037794676585253435395537354689992681278517857881700299681155830909999999578609032744130607556083927092
46 1.7538988489891072845586606608427232810423116925520405157328753591918546807933494859375892975421196626018090714581514
47 1.7434794069694575067671804695912747787971458171449361977652510317279155426912270309593875021864856669631614966659517
48 1.7334478000052496228879349014654189955707370600673874827727939041252009075834950290823324658760509558273821463711708
49 1.7238006313463493242287933620614652500679102653330429686284178010842052347885563048641820700102369621296524265187928
50 1.7145312765337446792828352833343269845091623537234185209763900898359962587059092745407353064267566800100249684391702
51 1.7056307756292518192544126983795493900855038081812113004509083409148483481581025886684731855860569370592337820500747
52 1.6970885235163259782869053280311127558803761324558867996524953430922499590510934127761717810574583406589276001175716
53 1.6888928030035054970410582724955836633556045160526748667951540524399654224570604264732926831897454426545357215222168
54 1.6810311953387500432379174950272241531730142901155986762910909329769670051779177513600450811348884528177442071492734
55 1.6734908949901520707450457566545191719288012811506088794452963376933667863406440752296659599350381179769995681288907
56 1.6662589495902741556709124343795440096322918946625575149670678686564303212829844498421889909383850154755988780084974
57 1.6593224413467720837394189997204393280078196205208751162210040185718268706588756050580823225896478707094192773159299
58 1.6526686226673709614966297867016169858025912157669088089080813075501086531426105028298022671986790701828882551214181
59 1.6462850159886994026476807392118772223753890840659214070853869477295690532783471757228501441483084791645403455062869
60 1.6401594856513526399329515612342574901384218234471588637798043413053689533633803212355511386453839608194626585721868
61 1.6342802879876527315719138158561361920764739762233341146600331068148899166761753384033855381320574205705117606197816
62 1.6286361044770446154471917132848890430225785342057744177646406288166215754480584997807675528367492294812476496498414
63 1.6232160617951740820581412908472528773053761915362182080631690848713455604235824259334939774778835467893115239181096
64 1.6180097417737008611895100726633234974069420933534335596293468436939147319789719471428736145791143994360037748492882
65 1.6130071836504913486374869813367229011791988970161207122291467632972459923019189660766479328481398148665181528892539
66 1.6081988804866805183948486859838566286495301924371609251852041708746257693203031053217451574506020397907984419545226
67 1.6035757712292573930570239275478078146244578877506662718569681264259808457316552180393982860395128542677153485335819
68 1.599129229582819063404931068525224544196417139861295462577444286028717546232143344225772785307099321797464217075688
69 1.5948510506044160297154891618468662961062370457985683815615067977362579862052442909445328597697057280581346701704457
70 1.5907334357372632879912978540551911646727214244467613607916514680234652123335763753410732159898154567892311919996903
71 1.5867689768417659745443627216080477777177128896916296342854082853005072586374335050459385005041674080080074028604328
72 1.5829506396573550572379734904846785499796839703141272251852478963363200403916616756253179039684490303847828307676163
73 1.5792717470293891721599050540836292832918664727283602557555480909833764855136923885940357391248914088739655277873871
74 1.5757259621565947814080173518638710479637388710018256212433651712107127338165125439528944570011720900563904013517172
75 1.5723072720520263597374135962092164452649939428914046251864918598659670425065706124873561641321384683708443874004183
76 1.5690099713610303318628908298681661751072238237464781051667499818302642891719804665377967598048303076690952408674965
77 1.5658286466405678599754294944571475134751819594434596462161391994721346196170846756644019902297735041470077792526378
78 1.5627581611734041250869637073253165876587288588587523213935304581046224851778472330158218930414643715560990798788283
79 1.5597936403664403505083233834537649813792438460379513164044872585439873637022235685987205529386778511420089104314992
80 1.5569304577635197464108767179650069758087469476993982342814516813987274703809134593455671493584041410294953664723757
81 1.5541642216883164646103930799020576125102896193988937084048216512942044834546204030835253576717758948189567096187343
82 1.55149076252156620568933915521666416883368708753680050036354793385569567924368213450408036867617361765535123497891
83 1.5489061206082360230929565058185694364263660932600913567014007683661565561455532048683310431930257136454891960608494
84 1.5464065347837118463393830656673756593570697422805697613516517061114311927936516999930405975733131183694104130568182
85 1.5439884315032660401159040238854489027628829926225214965853867928076431884326798068420023174273901594675613442988063
86 1.541648414555601213926204086065999945477660643098632485077135039115595028887485604040312198211544662509953823012777
87 1.5393832553388672191072112376695529066363943078076163100383226173061698932842946324432760261598011838702538453872145
88 1.5371898836759883145918538392504097926103101965460164757493078179658851251924336900889171984382536761303978762633434
89 1.5350653791452342031822402981032655254955188850608448422354594685712921965666895096894742641758796102706891570269795
90 1.5330069629015754963853097232787937739865929951872842214453362231076196140615368758171804326679800149336347300581984
91 1.5310119899643637058903202767991164948091321110392847695809929826157870980158172074236405444133699425902482024816319
92 1.5290779419471740797516202447929531342253187979081496778207434717138735087016517213684040705757765092129445763034651
93 1.527202420206171408642240647469174477568906754773408340007190119130825322055458652707205610309597821074842981032146
94 1.5253831393840444855979996900667517788806720415620459011495540768464476083878778260897021317043713708152880035837133
95 1.5236179213273566831822678826466294799926056369330406754624991725856101386747757648284479613027317886586807577152512
96 1.521904689356040515103132146827761975665939792853029991206616049254218357555801015547159713562689103443121555222191
97 1.520241462864693480523958689449263800697672661050114513061860513070747540064691784282964305283528726234369437580647
98 1.5186263522362878043825487704182205025145833014080144355907190841452067223956725072114624481550742881775964631728261
99 1.5170575540498699335502347823461407430727838460043286074387412105697377852863841474709999687671409392906136936118558
100 1.5155333465647830472042376084317625283632881311699424348483665021919212241144286209261375150647713925123803046563023
