4 -0.5604431634290433918309828662411721303594326044829702464774379866975734374639645834896531541958305794588723330217589
5 -0.5172955739306489658661565808019045359668655151535150326352591677702405560970034792274443790917057283740415730599458
6 0.06846357539836751855521985250052933860133308436194573311011642545062839679319713077373029377631486690347348206122093
7 -0.7735054275348686061044960652662758145592455654552232948978822606323713587396326868639486156792864264598933270091323
8 -0.3972824050458670732640496568920072604563223336096448581147683463325980674007597491069957680691819075694539642153499
9 0.1355390770415598245045132169289041800094687856541297256161709926530035168710707745171223326719515086987940558033866
10 0.6073217430991032253654672200192344513645728359867047898734951521303352117618424553547928078685796472266420517484647
11 -0.3378599228333003194254053929856830282853089770968044152124794657476758383969796985441821394526488027495250569095162
12 -0.1021689275029507852670672081844108352524581868088410836867878391968502062436939969495436682560530847577471499115698
13 -0.199383165760593048104461407201041747715756405460556707002381074036464670153470402480894866394506680012335072029348
14 0.7707211006370804458306314516393153561390960663252034236361342265778009600452869143550808293286400521876346472537907
15 0.9235954944343764030039221057084911271522649876007566289202502670124080050639026774774450649611913873759720769745571
16 0.5516892733746027893438249687187259015665817349056736778056048463887389762294953326434279534488469759088650303232488
17 0.08311141115348604872512983178468429553859152536713086061502688017140357413304812301402359471666284344828398431008489
18 -0.2926945581487426973207571252573275684247139732810613929973499276337300838117255934235188119346690118034591334332737
19 -0.5350472137468252573305716933103640452813695624239338491059410852904610765170509497656446127148119162556111712135028
20 -0.6608108088173113787542946903857380518647093040846999406611456733602239830191343683534948946181612273993323467196129
21 -0.700437442471173735506360435370664464373749571194960137517990669940021194401679511047181791389743734455527719266556
22 -0.6819355310954950725459797233724606390838712679536061040704616763402108457137779521971303901570812101660271715879898
23 -0.6268224223357637642770245013901034758280408562467544168259083904360617975111324603820623134813047086815112516217302
24 -0.5503330355597445665606279554551715117750146370411211912743753215461984669744580979634554225844630649655555161326968
25 -0.4627599648959497615471821676931788003676201880418298466112396475783925885257491309915836629589521029805276172020057
26 -0.3708271925250190261179772082093851445734285380819700213305401316557537189826184333878790582758985083901066904832489
27 -0.2787929843907470800594837416903839708697124018856214411695870446992081255712462172344406234241239903905820997784842
28 -0.1892556898073633365624750759139261533387518849492799599756706659034241627728031798621090416889161219190874024394066
29 -0.1037160907556558171745762914655882454732897056111750435954283294406618455570505806300035713158012287236052053233423
30 -0.0229602121366146114941466191435726008847941398554279545365353620009818724584909023279694868578144433317931310951027
31 0.05268387172472932019582285527430955409926416275750482806650667290694185663224038762275572641958118229491241488167301
32 0.1231754041032551151163590085130118475018907290042793421492740052485259110965890527501551734551045196178301968277378
33 0.1886484197677299144260865388041479624029305633764407071017899946491572055474503966191493565052740408690366041489051
34 0.2493380913226928335334288876191268949839507228923980227794311703367802249312131738433040540099800240818479378303532
35 0.3055329596160287578634995784892449275995291158496363814268916882717208817135860478320259373938939170299198470892208
36 0.3575443448710582263380353411055572151427663540713768381663102071008754714989948257866759060361989873144654616693422
37 0.4056871283624378020863817373324920367062570333139962519059151467328200177164185316967498244597502502133412324337549
38 0.450268031994205121068590792687137855840405956527501915512533603631954424414299626142671106028805628579664139310266
39 0.49157881595065340496036333873045586219828940138722130548849721356048291607386470175433512145309546089531913719313
40 0.5298926763028672816664941029818963494745720472239434658465573342189077220817251661749577747773646105173963349987863
41 0.5654626990607909073551131248188922165524737384892239657644742292421881869733716257178006011600633982919101070963136
42 0.5985216107607055422654096927511817382242582135723921799182774754694245448517684322317472077136904816431982158372776
43 0.6292823221110304858507639004512878373217213395934472538504061979720252214315346234529999820150239376020096150434289
44 0.6579389328401175422920728824937677241515927410799887038385426540212081557824153203888726205544769828948406241095709
45 0.6846679808181365182284434765312258041343692202148731446615575433075794238812159473426989935774096738825899687264312
46 0.7096297954666635610471073067350963924076107145160708847150353471096804346422099745649551246398065798856291909981716
47 0.7329698669000265784817292198368266026830748023867369999239608231138385164840818576687988014274535081427803516310806
48 0.7548201765077883757225243615365038219431656354685919716768185220944368440642014459771363292207756184931165986456298
49 0.7753004573884575651572676495568875546498915216762404156171346634133739011093970224018496751090996889105671832570039
50 0.7945193679500323565392039244575384537575592864264052408579636536863558944844464866912408741640105206202517039904231
51 0.8125755716472086261094344195543005810368904277614672563160685259293454377029958927842384999397324113871924776432835
52 0.8295587219487826857968996095894047027792589549557215090890119606939155996535406411496338124180676184606916776831465
53 0.8455503553879150917842102590751875025715110487274026332963172447696698702155472331403506355125391730727628237854969
54 0.8606246977333128801513329867596919397467224159691793836146871662721490145903094789522440164692871186277418749440109
55 0.8748493894674430411226291309241069577174600193794258206519355226060850086100575248831081446574670464091169890366065
56 0.8882861372320590526285486204044624195270269271664512562195602535824842470960787607811692104189808436382315731086391
57 0.9009912979472367108033125662360677554769948441864849451516886675918714196892972278785332947056664048257352496735958
58 0.9130164020930467711650141264357327118310404549483650853264404560040451137298144794480736302594260108321816021033245
59 0.9244086222733709288613902282542453239259261548025597947175143936966044317491688425056769939027372720357116306978921
60 0.9352111927322165679744916666158933292143855598922901854636205680631826016235014844413172673754344564417633212247886
61 0.9454637850117501317694741176470989222585145925503183667134493327219974890646541840989127395537460022331132114016775
62 0.955202844458398197783277299350447470371039373359134207817043425712286607681688297960624090710129667184926296460535
63 0.9644618918173250489694352866047043823064908599881353620764291347666235912685009187812436343854707882684971263989832
64 0.9732717937171190147291841884196554744005439524258125083902085383838482072599050180002645232676315614349366653667095
65 0.9816610054411481837280432681933080809158954505053675592395712632798605192601256124522917459078550842843334195991119
66 0.9896557890119341145136843284888529346588382763077946524336361660028649066631520810396669578862543562866128435535876
67 0.9972804092800394282934893478530596350384262531038360635700956684608592733194680565620269300473224280266298636547047
68 1.004557310408050120007547958289371854552552836581919341588649623098057646251139003527427525599383584641422542858594
69 1.011507274871174194153762766227803678531047523713857562086254302527114913776867878696085218937677346855157052299978
70 1.018149566856305063833540370330824988155709338272896624456262625863828155188536608037663851586061626266035206564913
71 1.024502061728496562072013633623528304542376238476601195960563251560970318721642609979978475295521757388481412258309
72 1.03058136304506193440678446022540157872910501543184771483452066749864113036416874436034795374228311875838159704606
73 1.036402908430442007651369436901223825528455206264544738126912257869053495485830151269586853421702488557277939401674
74 1.041981065477246899774797729270060750781128901070652655327750342120240734873633705041258653932938822243746299329302
75 1.047329218708306282141581050385508200093813412806627210972518942846321969288795708163585243084867262865049268672998
76 1.05245984851920622037030890327040779495743577515028412891699530247699451618253376163830348260400601979870638222516
77 1.057384602918881139456094694380221484868709324936339708213501535789198453663501464337789360666256907093836272069852
78 1.062114362795788522284319109408267750129688958359341199786282753722712491519784634549591141218574437674797967453882
79 1.066659301357616283591424891456234520376710893049833381796754161297854198304000279119983342425046833967341648016869
80 1.071028938322112636438800837789738175599826108682304518581023240318096269689025221293783137703197504533893509851819
81 1.075232189374384726966248170491714115795660762329758073900758968420654342542573780762957114319271919325749144766212
82 1.079277411350914560822569473109522062308531300883697663397422746287907106219916910997746786989438420338338403327004
83 1.083172443561734211986565372246062668636272268720072965575136970480351389831366323960557229627417021547604014677729
84 1.08692464561893565599662703214895538295086790084205790189446156260969805510611534054679335701179167764932972612567
85 1.090540932101303792436914275971945250250912464199255885543076871443560664883709345633551530770892332359860601171557
86 1.094027804350774839791125961641080502417991180934707590199834044121658474420161871417917432488526558558798146144067
87 1.097391379666127678774671717951476760337710287597157206725558482757315385206086737867204923755506108861925116163509
88 1.10063741813236649404844671356300925437540900585744788932136811438880550260943926686318604528623199415364421581987
89 1.103771347300257401629026579821563431191473424659405401202218536544437467169606327168676328072721525271178312278359
90 1.106798284909095655377221501815118303398759453129264318173323562246275968238024812123998087346685673042809618990264
91 1.109723059826701382853524317531130261819232215698973597025202397191616017257397831087132904516495771297989702998076
92 1.112550231363605148102217297633061510764222318476310961358064409648296318732006902860228182203862774509061989842017
93 1.115284107103156598954315002649508420292166851443388326474074784317163445069262185383087000604633607710615217166377
94 1.117928759375664731142279009872433296775896519273683964771580384162784673413534100769520533921974517468800655000847
95 1.120488040492476172433651252768273604903063194547352592886922919569284190048178665774138138783397253079278870413637
96 1.122965596844959160649472252147085585867618526168567587807231276717384493726987174209914150628052471326070739594078
97 1.125364881963545215357934329623007866546400183444412469304661417241758589622989233308923544743260425230724559079771
98 1.127689168623164060768291260025135116700705803511219904405583890582199338437203305122153730403047103909330814328165
99 1.129941560073480809617359401532089235048955414832832030142768604125399100904589094378902677420352014746144079144585
100 1.132125000465211137050197969852518613620861342367680582710261225497240975215228694850578053737522582515648425276573
