4 0.50
5 -0.085436624861278291204962668074752131419080936027445098522415067207107749504080896428936709273836634195497575321465845595919755099764675887565157780331
6 -0.33316771260049536621005900432109364629480569139427753438550244388957922326892899798865297988754953220027753686330836565893122481950025941441885270113
7 -0.39921434737019557404656681830257652954642241647673963814135012845188471405287326385009354812520043481131733056303252692491646385666036271941861858693
8 -0.41938829471116759105676216159279889316310074384785924531830956176759358682830000513802389218190780948292145004973480473098611149468643062542540701052
9 -0.42489938313803496643140747442029860594613539772977728747604640694889120034454705010288796467108224266532280524731456724552965752006389691477270101303
10 -0.42594337218465516111039284063455400056186890551348455221762700048391727689010970346560869216677434197717630953602182803003539083512041864220670119732
11 -0.42608802826739000748076254343192535586352424727213123734521929996831031968242398073530720869327531807669774639178940545405458313007509100076070586852
12 -0.42652887752067654077948531442028490581356177629110979050016683440494298965003562786688031220988477661810457769724267364937600715403306698112310074541
13 -0.42758167832020250973240333348299118218243358772289602687912317375090686294358822280901411840486088939965534732989315675513515545077805168644051412994
14 -0.42923692715861010185524396496641636952331973292934914961184075806001288689662991283307223349161736674362781724334182448104173799167794833551458269481
15 -0.43137695572227729705227377213314288816022469576696044557137638611591184518253540067029170451740079760364621408368622043907274828737121060229275502728
16 -0.43386278067915374008179838052938116927302854124392589509990320727834997724824869178032612288320047648883498805833930581673217295104272309079478494242
17 -0.43656748385767769878344290679567356860585288900531306455129298327754764737999357821551082134384460423625732719997084316118586189992221247679751046897
18 -0.43938686666936898593412149893122682443164126353710880479219269074604540267549037120566345807648393403237660621593654072421889486950316677847811065282
19 -0.44224051960788244052464576341017034238265863932724729561942974938446246304560687176281848451745674167735318004812600608196732993230965870049769256253
20 -0.44506915938715563628693636764570477324978415866086869109021660729458500996274862424419504304467378590864887036124111922923978609719757096838486540152
21 -0.44783086218498059268503616124004289103664946698901208314802245826523613793021087011353866524330530666822133221341678056471985211879609891519528833895
22 -0.45049733173962711149963691986337371057306305822436188867661639742770866700263096129175595831432537529916036819751689963680316893491011029346932358487
23 -0.45305064152634272806429095889106695967434998121694526636936821548177379123541600990694212635371891756713623634844713518071926248230779079911641274867
24 -0.45548056675439693739983193297182796732933787762608682678785096557008001699933004040856790294200778223730319855209759730883631138749241420553897262228
25 -0.45778248089425827508663860382992573624118980689328164837743039674612458100831223618610862110318318391846178935260882079238605112908235092160242474229
26 -0.45995573851411837386348127313478865509810487576799442628226491726712124546609776265727239174465550635019730398095746266484915703433200406173609699922
27 -0.4620024544433197326331542683212864117727005853891509847913133006679781237300886136452254278547105241067016932258647039187368148218261476240934059774
28 -0.46392659533052011821110762435952546847115013956375303904418579149228016810123924719410849982291547752197848077527461885468422915854091629690394869795
29 -0.46573331212363164811924830645756106091721686032116556960692476519259521870484892755198425575248634888732373789716194454728873460382402582065677823308
30 -0.46742845554471050247112074581971019610745993958580375983029278675182065823293223057179273647822506149252364607337071669854203594454952833572355492414
31 -0.46901822900194008126550837344660871877430975798963520801078577036550863016377543363461827201434115132766246332083310107742382540564371805225371394053
32 -0.47050894380316711367043756839173084125935656438473506694612480637711724713483829526970060672041553940807250334971316413569084505829195934404222264627
33 -0.47190684993356799264384769527279050815776065489212353493079985994594704995739199692976782518723648399115427380178622096849266189696907305849488950526
34 -0.47321802224385510758653827070711371774374096684947276534007098137675295500206236855156570902368539699132700147767380496485714502764884435388691286486
35 -0.47444828696550400541904312494882422917438911807092696913303863930676695357795288028739682967176509882044874568639789572767796762354210976631582524803
36 -0.4756031773269237002687954191253735990151190289798645084521049768848748341069851381602563008820666594078646784137581491323488390119567152874286535273
37 -0.47668790995475785409189037837703152824354948058838572167085610065583013395530429359275030088980976803811056714004561242780372666044703513184248764554
38 -0.47770737592703340423417770473188184848749630638270182598689639841473598224716606995448935678579943521002065844104868992743375035889546810940302634459
39 -0.47866614197443494458298174566269406663124552560267775505814928307736644591355581965179520031250939548545526424862679846908648391295090538848308655037
40 -0.47956845853855904156335889696321577701758641847685874482945869546256863014177873296406701816684371847850518121015935594063668763322940323957235922663
41 -0.48041827229578823305942382944626739875395057260186965538050746770552098001374113831406703307924777921056513523918941976722035673819615361299617894015
42 -0.48121924142144301590255156394672350990420217422736263079343809064349744343754119366909524672583733006410037372775871106593108078943749995468403383086
43 -0.48197475236063682830082628160981227656434030621610101018543846619061266481216961863703695954674995322989053823555958414230453339760067762018608961911
44 -0.48268793723438440457530706694077359250599674680215012740698775742000486811860308090117107959073031292588048172503364869921731657822425191295222134137
45 -0.48336169127532958056599639279810363261545316253829493751301601281279455487860386700506330658202040411011142031089571637607033828213431650726332437585
46 -0.48399868988181630530991038546950019534115293823576778224446783736842286344029835742998567005405189423914462181805046001362615845160161158933944099488
47 -0.48460140502042987111966470046340892788144001973202012048328066884752067708327215170465122495906739480188957602731789848934880365464744950139399879507
48 -0.48517212080934926223088874699667040238597908130325987109193752583133526128174915212483581845597117516166086845761622342485301291317350320265353622272
49 -0.48571294818811027558321638229331036441349582669602076020003081538291841070136324001460688797224676585815006162725958468922895367020745405787683651221
50 -0.4862258386312887242092017883257031979164237440117117269940075208925904245931209143526726012606537880743354224720478800594584746725050856334319487628
51 -0.48671259689982428966986740258780648428290902443888338936232087170716898065960349023206978806043716510173985937678249977686204012172846602941891897178
52 -0.48717489284841459595511310343109338241592925914610973276100438459025995930123475448482700592894636588241798464144118605221683241463277337106219247205
53 -0.48761427232372988206092540926269039132168014276291830146683028941905545527976735653064105935306981588723600860650428846371598417855834420118053224267
54 -0.48803216719844011453587179094705215500930505106666498953847913430690437472820477453119419461962683321830997007533641835874788443572762354181668159984
55 -0.48842990459191809063876392399771238452801614158293105150052170100750723119734233576454211895130546380078836436621726029494047490431818545096893128368
56 -0.48880871533124752641705465827749596893917296528230787686323927391306014263532484332126206169023958173664357007122716830299945418413405666739705766237
57 -0.48916974170675570457904070901113553009562365695314956686921474602358387068530866856129886302693169278810650429642151540783404577802340201826527940304
58 -0.48951404457539020294065291175584117494093886329801483558871745775471196445857559496574567755985136329976500712027030510373129855156464536625106240586
59 -0.48984260986336887188447997252099898291594123271203623185784641283180295436584443821339413417205369158270473067302001339698487768516152427026513385613
60 -0.49015635451701521369084582798614716749132133152661603173865598473375434996476010233460682451503881587554092038993723527159539236390524156967206271667
61 -0.49045613194780978044944928133173214154362608833639137471237890155559686967674562587780220020035521079246283424507843021708336133921631022830071375836
62 -0.49074273701462907990156302728359306364905782593873343284694905874320478630743896187663200243078556713996537202142982589443999144270147199160118296636
63 -0.49101691058303809316502165198034562066520045418121095979875549112742858448382570785361897514398770354970556708283301446309923384356330310986553286364
64 -0.49127934369844124434782551966121057144084336254665020799044538536843922283465915162738763162234673988117628542395827649623831125647713725369913364709
65 -0.49153068140693987016375075817047303374175967637735959583242385389083161798817018540284852795525687800064076427983337291506925427913752900679404785623
66 -0.49177152625493038386085622630588573908670851896180769654631086842272027937958176830128283185375074799032899268395433657425748090201613557522082658337
67 -0.49200244149582905715711261561122398995186090424860576483580076213111133512861515522518645641713749235282155984461312130071695223798382730850815456139
68 -0.49222395402983798659626601588102928405632062987790968091255788082749164522549076603616198801007575654734592555213099166614295741184051967321870584291
69 -0.49243655710037572175768365356368853632949871040791529635303666026193697261587749878972537414946137062444378959441135236789169455979115850428145920202
70 -0.4926407127686830585633663535807743168085355342597144489473633161315870238959397955322406914719825580385859353338918620530063686011540761731829180217
71 -0.49283685418617379296607229459995510710089795345370188600151635163521473117799475854782844568697327175061559191726201461191866520050129580224064097808
72 -0.49302538768232357002949294682958820590406614736927044511995579204113896214917025204808252928791711293342586715832591554067039633054511041827080068425
73 -0.49320669468426772274519897221964307057272727048063205183505267778438740929302714245480293953067306757617023321810619337220166274864168192011916606492
74 -0.49338113348280082504685802548848763760618805905255260996716825033271626771547806882381672208864648052537191119762680564497897738400678277214059601464
75 -0.49354904085812600172628393303021464504312861921446788195058790946664478342067917776592086948011912885235221144570358717833333202089672791377618973099
76 -0.49371073357748036528627072574711591436353324538178917894842478772469024850694373699299437549433104912240065591291004685496860525606439546440405380621
77 -0.49386650977565413803236340631045182140022861407896031826471807268498506705343822971392461175815492356064383958946826681924831150055753531375969559532
78 -0.49401665022841539624387529620656642133035357136401145434495275184816228380479135169714430992204904555772951773534644114692054245567628823037576026574
79 -0.49416141952794083685220299595100886199542544138761539838641100169937724493861479642506801071392987302471849194879146962777647881603427687369815053239
80 -0.49430106716852702172222396247934790575445639375844476930530279638016749603840571458659715079635604622043769465704168408670127962280681784082913680391
81 -0.49443582855010833358997896071728202571780783423520135022055445785467243050150089939860231180448422622497384895953953227120709588552188115297229402749
82 -0.49456592590643013650286766912605947350465360225717256562335591387899284441551415996386058065795199727142173395011402953077019021431555403057700103305
83 -0.49469156916411173123451879297315704579629773087219703241681761102003642220276105040192368332518420505042394786512305935048854386197866124620029167955
84 -0.49481295673827756706709546034260233977626957935851448422734778023918921988121146103978975925685456263817470787908467624011761573528195175569431789877
85 -0.49493027626993129198381636832017406210754092469815399204355410475757480679192063829100227044951043667487386535324913720872757946832534386136713140922
86 -0.4950437053097905756981786512776179123705788038112394402383279282316197624930171124267552518112079897105182514073873838336897209996581092331157393878
87 -0.49515341195288667416430787480899260433517825997818579282423646425481491513930461353533639597268585579486874020760991529548792400135285543036113530297
88 -0.49525955542785730120311348295278883304804623223973397392862392189160963815784794180698599447302078184172328306518854253313658859870386778273301503376
89 -0.4953622866445208082439706481671055852156015208087873503259917152210607503639186243977902929160451941492082287610834537659952742706330644907876960715
90 -0.49546174870301058266808032448113493622801633817118127380206785660169940840653531747822012379403149095511521913649020504915235028202301788768423514839
91 -0.49555807736746792221624658638654738079342415857584835337626253811507991543135118088120751423127524353110342598372214426394047607176709213590730604247
92 -0.49565140150703668804314819921740572009821798640695337057792174178297254552270294291570154454369044871994159536109174647410330042659559816476695499493
93 -0.49574184350667131211515941507754290089431482186820588214748125983232444554454798645250491709011507200948865093535554712970503544753364774063271110985
94 -0.49582951965005900897533360233249260548021443167945485044919646044537988950627062899675876389703281304618034323355092333310701852652579940469105739828
95 -0.49591454047676531036255359922299048474518286291106485974691840176699034825564754900824144842962409264845731218478758426654957833951654593805632634028
96 -0.49599701111553749483814571169922254595350222812370762419220539189704487811788105705275738530076736545808692101811455982617287509560737976620026759096
97 -0.49607703159554149304610235938175889353062343917816998330732464361707745029408401018480787607048954325946535381051638255879910244842050763402130409219
98 -0.4961546971371629428839063650884896949539899735431770884929447624823374325671273972085732426467204759362399467503580694984483163315307883948183785659
99 -0.49623009842387092275618296447170300088201929768740215432079098666229601166376267688477950990191108537223267271401538958807143487434055189015436469995
100 -0.49630332185652231047217738957746383954727910487726091227843214910832312229182301579967536838184773750375397193228059840773538041617426165428105086233
