4 -0.28850952228680177034763554340922240669140783594694674318902744824225902959111602968256702715929966882930435060604
5 -0.13138861452150895352719085961460535350257681242281771995862548366527789077281258231917770299666673040236569495241
6 -1.6177100110303230731577356720909325298477056777375074915865392729966715244151029601487243251365648333338297233284
7 -0.22397207461614684161073720757934286536906591822631381906213902094701913332196237738508397930114034035138695394838
8 -0.15230980103518410143884250445555646219266557858528429725198533914730734008700979551646214189978449656758402655999
9 -0.39268271006502248437275066641574736107096708770470344058313135293171886481771715478117526580183906960892264619979
10 0.01077150837100566666127232988927202588125018343136777023486952963553033253857659592520773148556388636291311523726
11 -0.6228009247767551467518384772195847621191363331911747141430906850953896778350502497296673425516098451975600519991
12 0.41084664429019587378208333718079273672841291636147376188167390566008068598491780957894461692847714224230097392712
13 -0.02905945946851405443117316120770067766069069020387761551410803156844505119567229873856983995995264632410985568532
14 0.33351881148260674653489274462252523385260928680156349119533515412345052572307751588333661334841252719385659442183
15 -0.24696253583181993435011906559521275410429758991847611127464943911747390017171325672644808080583961146086515306715
16 -0.84535829231326631164405628140374343594999821657661547599485070047340871930492499073473429023183110363543854976299
17 -1.1120859035206599663664235928677729304995748049885571996672390845110589097002287746639673999846620616529836519892
18 -1.0973085670315130083371443188491392593986185162765655574379658768095745184448816915878409139166872901669650303701
19 -0.92717175557761833996154641281589142131126986802625657471518763952592882400663455123004062054223748593905048477184
20 -0.69763029202077280369624545862494172236771003828440475660867242162611151610912212889856632047635594277291036502144
21 -0.46369507044169530979609622548445423962054146068448067454469114440067938464739532437897487146133918973333754444455
22 -0.25152349138209268236884698697352487520692591482360622622256796820331304871035529881665167242177566757573788311963
23 -0.070642986748708559632758779810086483658725742371930497461548761202859058747666793895365138541058006270391018680643
24 0.077907908003829256424239193642146080755716729447475397043516965415662406589276252123012040586657627090700610398857
25 0.19690756793513888055779129388461549021706021844945458766755214852609006179113874744202054472186722315692504660009
26 0.29049243272699612240898472155419697823757595596662653037634639845324642369620588838599651092215732379317074178016
27 0.36295891635433627299401143590196041933953111614763564947853864507732920868251891313637405673102286259253880425806
28 0.41823854284555736662539736933513803831732359754125197132079060044879146173746734551477321964396517373383735629395
29 0.45971430684011437083636479429617494445351523581155968230859342629696060967184043842632336390345496527594091082136
30 0.49019974382661549574598184518033903685002722767443445067485135612499187549045599022645955027406423860027917781173
31 0.51198824315476028510014163901869121952782453621500039935794357948597553749064872705867177364481935980253287244951
32 0.52692654176401618732311333048058059959496901625659535232484363585028272447980322874168788415059035669562948527961
33 0.53649068035274817279567042135846333280984152259973052226846662694708063387687723628208147060070626984212182934613
34 0.54185514100280995757621991474027283412235722912984571236565044959194777147569141349004000344900392643954474770171
35 0.54395202872977881599025230628752667712347944725162090468277915442919083405718476983828232422293291166808650813476
36 0.54352003678434417838611500373530888562725771944254977316629506862881951353969402656325187404779046073209132077886
37 0.54114415457529409867185815364643882384040083650773999963212041802744603026059021775844964796534798371441610697877
38 0.53728748053881300582826055600925163737367198446606990124408193557157465366943271806481997810430610279359249740295
39 0.53231652552419590565388863387834013231055369044655099222194700117641413087288799522262023344988805500742449132432
40 0.52652125578268275055015416330060357399452299065775109339954520771620009660551546428294750399035478881843753419966
41 0.52013093661020627900935388761533144805308286459566961233670266312216199709451294079948779115882121741016555034795
42 0.51332664833825093082680127267562568052757191804338934399663674064708069028161251579861571467822332303558460266386
43 0.50625117660402766294874223547068911468544873143932705276368318437160001474026287648579838985781522636113096310375
44 0.49901683521424100835895869374552686842036262164176247636278929414490030167095906647871668646681757248510885898094
45 0.4917116623547556224427138263367678058859280432282359219269452914569248856577817833156891680827245755660473152644
46 0.48440433656154721233027926692748379093811160164637846356053664573562831396562317244229497373893040578224864890035
47 0.47714808409807078179283591673160811820854443348540303590484978118354929515383807083412344945477230883131566649807
48 0.46998379057388131730468549634985130885257231244904400581941004099121696309923285719172667613807035265371569589782
49 0.46294248359276475526723171282463192007641146841812874455489453880526067924117465632628732903983685160740413620783
50 0.45604731725415538780930511031584487505842730211845156045958212472977892219290862425909139792056259079940662842977
51 0.44931516126952307787773820094975455757477504878745210482542959174291754521796151797561019237020818031821265665037
52 0.44275787555819706862625947920043562168279626404128284875119875053542873966907687297508631277908970749586621078855
53 0.43638333408671748538043571429188603006795708478189582886841026889825493593895028314959126539885937027957563957581
54 0.43019624834353826146753994752055650014072161781636573135823313940065106309475194480960679629651762787781526966076
55 0.42419883036585070838897367838426606272406002413522942436420291801073231311872623855161425346309328085779962406607
56 0.41839132701324656759272803361427619241775618744230038624402416124756331209335385464726165370867862304888097844631
57 0.41277245071507261991682611943891219512127041148693426738963680428503187814906292299321329381772514052563868956202
58 0.40733972681849482514372620872686426953200852725539670066844417397279462259432015956417797197501795540165589192407
59 0.40208977363340005354707069867852557991012377124315632551615843658025926336679848798197638831733811344684511573768
60 0.39701852807640821111623110326549945721178673230071959147368715133389799015199418389240941737801344886709111305288
61 0.39212142727935405426335531549703595454625027983926032961829374396121165940933534133255502051157542137570062173332
62 0.3873935545075164384380988771271483887759377940656878527131008980070565719180142616014039869751614252744118551143
63 0.3828297561203952797544791571447776659640116839049308567578387519806068722985236618635773752891549125023221057775
64 0.37842473501762108577348023447904225003253548829011057874519573445430058442562555567781091939203330782918575561197
65 0.37417312497779295427558025467271888591876561011965243785280566852435859929938963115541058941734178396824526388217
66 0.37006954946620961502034410210260680736185693040892962382776640366861656428579220478641255908210403272863394921759
67 0.36610866781729247240923400167178304898854722769809023173392841616494276380276079074494998240586148001211750470128
68 0.36228521115642279755981946814556498264171518926579791272255487641421125286717386359846179223771964735908811926509
69 0.35859400998816175904067008486866190348816500854810241243201638675460548568012465474533934132661591721305617366459
70 0.3550300150229629386376792877904959354433325639187560232787306370461900941875248042383444873840612792996718351766
71 0.35158831252628466040845363085360642185936588863687794852544715222746206340836884270490360859029395230777086889511
72 0.3482641352395260664186426673176595617449709291011751127319620027287431990535675673596677058805046085265925622724
73 0.34505286973111313059141132914526667945519806769936771676599497738151883657389754398144804173142107453524388454835
74 0.34195006088007620855494582911859431315819636353369741571576777559363468169208693343261105052805230800004270571808
75 0.33895141406695128394068201496698055781763932566990786807912098394370430994450090433103010016311134919165784676487
76 0.33605279554246435712459816221265579146642469557684681699234349715568334361564476372576873468458660033077037410157
77 0.33325023135891970624994202494463794981178504142191834056142914316313051130882984740022056414254701429521775142565
78 0.33053990517903266981640839627154928388583091404734441323348077461042971565008747020846764909709893492791202506912
79 0.32791815521931323964698128504360162249946937650320036851824242054260724278570257546681411375840769886696078552249
80 0.32538147053773679635929782420200005375092807593842829272739475934043952480052466677539900852659374444331936369988
81 0.32292648683647898688787705995579487945108440007961096566511075238576058560670700480354188128113090611022083615773
82 0.32054998191843383989165721279765187279349535159301731513481032419508434086313965891668910172977877409846726124698
83 0.31824887090984685442112384403890873215902822395801503548858810279808220335448525048927641830094750525940037394334
84 0.3160202013396723351831782823986854960119995154948389369961131944921630488011502521743080454578530010726752315945
85 0.31386114814838369269208316624508219184329847686946645353291247784850021700915806352588707807935663914078214883129
86 0.31176900868425219104001879368388044575614807592861342048105203276262474549996900333280650241191977828781908754559
87 0.30974119773300992469700463478627458303995599218424780091584957595623085451942167129644040607142180092087780704266
88 0.30777524261687136573360707674889344265736876986591857717538034714073204888691148136425799171926143888221056681679
89 0.30586877839072984727667702971317035222527708915921612475994341727163737979832209217809339236173256441859492468966
90 0.30401954315666189416935207690114472354172818862672148376913597135372982650605036834899524404221212540966227307175
91 0.30222537351240840926013791695514728446795715646259900687638074211967327485728960057894163795763342414550017156004
92 0.30048420014504671416430350231332646698449262490598604592993583810280667107502694102798327348442537487345498384212
93 0.29879404357744709624410200715212467501464129412984218291505849650181051785779272630321965236089317131822003796421
94 0.29715301007217759173404512057118574253334938999701733495290386290510298605631678048623837289187094088295208467499
95 0.29555928769516172983493156426253530842186176145453420622019277824924600459829759786691346709756315582849555327699
96 0.29401114253950678052859977475731312687520059154485258874764783495575934422675020895255167924391133933928267917374
97 0.29250691510842247074007862352354365702786538682600432507277392115428652931437540526306697679408722669558596265421
98 0.29104501685497390490375258643184038355231795395196895254656012152146483647589206109689255423936817022674967356769
99 0.28962392687550086195445840958517140298928089369177742816312772404512506203719042183850523802991351813367693976945
100 0.28824218875284165106994016375390520483365426299423564358233717525604488303076624824095311176518495696067560440819
