4 -1.866451366875678143307213974524834894471548168556977689425017934781823156168403965471654861935781383163707323289
5 -0.8645490156165538451116052708734978390087393823362701464898975919844668971058397993314978228099164534433744805962
6 1.713464962528753099189819014892616786142055586051922098604253745796827103393971058860405884943226101899860721759
7 0.5570354241525203379663909152371464186857918095396701035240323676534009454123100670752392526578583941507776129297
8 0.4984366264502444573655606105504668222709851556640597909311296558870185626465378885829886770545784205752510015964
9 -0.5708468229598864288273188385804841617620209697491250086562968309040979836651596887952781073027889481990096661496
10 -0.9920103853578733872331626801539403475004699333266590315263975870075821723377762722640414865711642267000068344273
11 -0.2381460405628212438049008996835234197517707546396039531134688333276474157445857919786020736111647472882579518036
12 -0.83436499807957418258911547628173971031794751635930972929753398518896271933145853623066695122165504586199733391
13 0.1207297401244264938313142244241019772483148346105120860526130267662528295571206782304107284434012236874249616069
14 -0.1594355376396090785984952039585896623249130716290597600201553372567621153140765469460598674242890525141322134574
15 0.355263592083297597543368841839530104250754171508173381368004710559088194713518681710283153343709296000603672537
16 0.636289830557067517640101054712151213149859084610402149023395199359104156906270003136796752024498255314461423017
17 0.5215580175705202436106064153481414103522283286604367942757122579158232142529255811457482167394583674159394145659
18 0.1965374780443620286226137384433239017221403847491755938594450388857102036923448148222723144488316626597298460461
19 -0.1736289393990624520942706608458386324090700502450647581659820951157932523233420348153121896106377448048430820874
20 -0.5040991628485897428827218135880703120073965965530522893772123951254240260703813123458008376746288504389951440378
21 -0.765793218433231977271676739575867703285065747665692097878559365918172979429472679117210701942884291217679367776
22 -0.9575633867254873140673801107112311035962705484926431940082638373508358933137891592305017643734321686940949468628
23 -1.089244823852075338422764795856501775712470683957638221529532782154913864273439320732649167722827163686967924902
24 -1.173314485629764348849805258319528529525944748212052769075190599860533379896910119338003432259270300563003618633
25 -1.221397684255448160302744381430053961734150519350752278044497023168662105183508397965501500457253172023559096477
26 -1.243131286450019247869878835687297020567354172642151581375450143347871424010365252327540814624963253574369534135
27 -1.246049461771229957710726998017311584543958796983497678915534111057395516919647271934575345120348122713867740484
28 -1.235848819791222986083592637806937708231896758030393413383369831899670577077187037667926952071656313544488471359
29 -1.216747566692429650987855159631941558884187530265292247796851461059639528405077928804956140818202638107816866752
30 -1.191824826749836368924562378744955866425030496057816468482573990706898444605769634965935877803039804182850882789
31 -1.163303549282216464150194159815594459408187524647392001531180759377799081809873856949759650967102347322411315187
32 -1.132772691843879788999053983070899693572759751792311302275364013976035753938163050375365084988437605176173957684
33 -1.101356136198437810120793930197435145021497469465586365784081598909583233280263817588511021978527397950655987416
34 -1.069838726621454892539678840915306867460703554579969306187100104251075075014664198405702297678226962446780592755
35 -1.038759283559564261159183858894891312652851614144295623294398106855124210290981575995966839466443888324677033986
36 -1.008478802182317741007953785112243618165088200201520253853669484399982468680219472257801976254576520435027969584
37 -0.9792302692376600328112812608127196932444465467377740870101008129510485207416880728109617358513827946161911142497
38 -0.9511549753431882762515076859831793717670999391377585706786593176417736783987782571601363029585389234209562779588
39 -0.9243289505456789293891762873164617152304656870326087144694210597571188208578321712524218169600445183463898564983
40 -0.8987821922321043138287680391835656380631751690510444107104116139230915850823113782796306000962544290084629623312
41 -0.8745126370693981880007516430782002333423042599365783998659569262591887219563093167324481294955680646402584127242
42 -0.8514962996570063392241109078599401984624534838952600226159825857488619288907980345687280292983488153850345248993
43 -0.8296946137906118793088516161044514410612965132790735539725120478135393906110556808206533613439625167307725346087
44 -0.8090597307110380938578836226758444468332431355724921830022381668790453504097510371618353939504314396578806536837
45 -0.7895383242182016029060037880691153252754406087502635947780930739658037250594069058149101641327564643948099475636
46 -0.7710743040434194545923117520983273507484513588652498243673745441513073334601215085181590780154957155658417535923
47 -0.7536107309750368947525089664022934658548501707448584420437113107030183711354650842187008640011316053491203110818
48 -0.7370911487126701372770558121427556795613954916353913866086113976986043961575107647319639134591720419056613013385
49 -0.7214604901751135327042053671292286755092595885628930297470915831265279872419031491917251284589848068039303972509
50 -0.7066656741532654287925838690966268475174547568968609346794097517745821503702593110589264921299802936531298681053
51 -0.6926559775602617237996538737695185626820504406237156727000556084435860470067002324038605303132192335087953648134
52 -0.6793832460387860724269224196906002997688128337518125963169750363047367702821356149846738467512594842665776990923
53 -0.6668019891371384824100667297812619242167622838201306534429633363345357733968171833335913728431390744127442179341
54 -0.6548693940651728354858309277359864107485016822238037138107215406830617363705172762665981512176352935910460355526
55 -0.643545283029768232160071750261023870777394600081108202167958636155999162404875745736525832079839875419672658178
56 -0.6327920324832796095818691681057660611986266664853549796267480883346743014379860980598214328998874143524688811109
57 -0.6225744676813043871983509014456619333785068420355610380862861778973336378707353534602689382990736536018987442413
58 -0.6128597422869361088227911644342765266734629143463827817645556739064536578483076250891035718530920113573987038327
59 -0.6036172100461178784670224857191254794393917414287083669682435537459338711132871444578693485619123526398056182068
60 -0.5948182935487354875540506816972031068490740458171301748660584581857531915445862884453231332568595797014767137378
61 -0.5864363536024900006612802653175915050196398754631112878645431100399121952252985567217134551219559418509069646531
62 -0.5784465616479241813310336836328424840494504268575003464305859460181092833282584385082863116808052655082132281499
63 -0.5708257768341984119659212084795782229888119498242900502769489343088656546644757764441758527470366499598872366447
64 -0.5635524287826304240311916646813726817958672867040079322968957747625546145034478302534811629960992083745075985861
65 -0.556606406633692625451110901309104226689598804478150010535274150257088900385888902201270560427443199199769852284
66 -0.5499689546620699894724443703082568951437057319762570040845413058282911306107948082138799585420542981597967689533
67 -0.5436225745228272890412519181604835062469731142892829720448922722934470741126646208107720801492023163307530973553
68 -0.5375509340367285083704540664025959227257955879840411081855749795004009937762460760792404460384609980859548767159
69 -0.5317387823170602525816694651677014612508704239118715408151713171204111743351283454375019595342259556704234321574
70 -0.5261718709710094707949722320459390103387026499610618153720629380656735522239806721987858875928119632653882051755
71 -0.5208368810660389246053503838109871816493624077880213212577729578995153769614309446512150657749333407880584259497
72 -0.5157213555285233078753752990740055937278041253508285988294876721527901244073471365767892808646425914999541668374
73 -0.5108136366327117353625844925450696462546693846341006072173298333493989358387624140352865666689084985619815158671
74 -0.5061028082387998361956097304951625451884294629632737158925787158468416713708960028327266777611420351089552596949
75 -0.5015786424464939646268345288957684521981970473135428220944583729683979719600005031366875833360491273491758755671
76 -0.4972315503426788755680521551377109821456756876701538899472072674283619489721326869099497283209646568740489815347
77 -0.4930525365369949592595950726753120842348202604111338329260514812823813323471339466604279207165884541617012866972
78 -0.4890331571960715834814422860247086732844934353017473175037174426429100625338155733261396980706582186927826298792
79 -0.4851654813049628005982837407832102094280041933054686727949304278210593758005056001942931006142735344171931558915
80 -0.4814420549023549472053586017935036985762856547170021704394563373075230100710450889548185234170652117057763637801
81 -0.477855868053914729069685706096836859904454764423730651041198896010965932049703699519047189787285058110514630718
82 -0.474400324345413818334406045555464085669949798365951033853836992710198284001953604379048984801902502747337121497
83 -0.4710692126937986778970592965570212515786675975035485221852304983554815640634653695483283678776960454101451976598
84 -0.4678566812900461923108951373280942132375072114271813042973952954330830896912538837143994494525616786328866424826
85 -0.4647572135023870684823625318539180495578774443008249912718507098948654527785530878817622011232838432126839619332
86 -0.4617656055822610729115725075331831275079156739854418400850218924105089681173493292627370216021713689142166059571
87 -0.4588769460281913327198641627659575253251812380170321868422591511594070733561045726209344291639339352029153877921
88 -0.4560865964746498231705156853669598093767451262814939274656541244557315883442908579383397189102705171613258685834
89 -0.4533901739839672385389625707924246140153171887528665955966729725844876866487065704121306915804200683531760515858
90 -0.4507835346294610196104379148038607263145492489895238837317007873343430645233576372211031610747266106868332150333
91 -0.4482627582672639893453396715768637368334724745631032568666321763668757169946591344237073983025351739312204334673
92 -0.4458241344028840718290510164951835695612964541631356472948652260027291463883937425659689360306624399258986466641
93 -0.4434641490663649288062708354422338944321313482847496162026454054787315868174045355938690156915267442523353214398
94 -0.4411794726170994371761973394753567230481785653473180437869873604082644463135416957433373572146206684932336511127
95 -0.4389669484059226215681672799304537051996039001162061810227705824829719539593545770678155234980771316246284164919
96 -0.4368235822281256823948153130662744509865666876852822571079537182036223656354758961677041373279553295038700754468
97 -0.4347465325065333330953332367452843935967477964692294117746600285489983570118763633413460866441205572152014204268
98 -0.4327331011488152552536177318478944001565543045256467715754414371428114730081018532475000492739257293190685408974
99 -0.4307807250277987437282479356567517260831913385150270290731138008035512520799564844140334452334078761854555323062
100 -0.428886968037750362513372738891462715493640640714711899035586077421374792516088494764862592735881660262240124885
