4 -0.58566432519747846914196639465251995979279463853366416946919255419238333894003190199161596095766360601714384029
5 -1.2876218928368022759331074286784222924480996166244124718569425227223229374468280124215797816757886194873771948
6 -1.1696053564994686906940570638478049831899318481841515477685863315239210046313965520330293991718776688877491011
7 -0.69747888112109304133439407937213252441284286968569475037082001600868538740092183780054288234221342602831074084
8 -0.047989983840268862312466253107401310571340925286970715695578748051228872986303067274473167381096810872747533833
9 0.3211403579803602401352839499879891592175809486769257607897559967840220351827394991192869623698377182886151685
10 -0.18284947837757399568938992066694405380604522251217164263267371184161891222351774961824305575795988806372837474
11 -0.032314059644819758845365760472605460496789722188366564160353382724869902628535918338669079394070940615004467013
12 -0.37337957310182780808296124247366318449978626625016991034909810256934459527236167188994568241513024062732259289
13 0.25872470204208848181752046219191184828024792427859307863111911089775800187499945091619012866455033951069003316
14 -0.6985678615766943447075441709934159422364364706124609976943368810830699940196870941813858390666609827463137729
15 -0.39392293117304042062124770171916325580616977729399187169417116803506366007177251313456907187820423132902759622
16 -0.36363242998237385276422096488761750891913007212392638317611162428830212282532415485632874922998983826648249609
17 -0.5546034235558023536022006624997921027687578919804284590816670083530086904393235941509127725241045495420999078
18 -0.71633261603088053643632657878670682142514257245824619979653012667222403110544998511341965132173909779670563249
19 -0.75800229502196191405636097802627086585526368177158387046613038336179878716651907660657845564196014219364613356
20 -0.68942910936293227883485047941008109723671815690749409760547019037554118478660553099971194904919790477714521026
21 -0.54947750668116178207482137031010642758354576030396695451082075287151286201299849275786825560758022317931032078
22 -0.37444043214121962246354589336096788599920723812520418681425281813591508024411582067458133377628334258336925844
23 -0.18984809662267193291967296081754249278224288315210467446869742896693133624431526040595860022099410435035753521
24 -0.01112106891899677296209264745761142295189653104140065319818531583523288382276383933534255505126520975447281429
25 0.15362688012001098331020720382817745458168723834330921631735564490238720064400824062877184972238986951524261873
26 0.30095548930753826978540174199230122586645715892757714366336769848258904600004191529949817725161094599510209315
27 0.43017392242214252585753401729579234807769191841334392631482604997341606201874103263328886655107049993982287015
28 0.54208060219110618722432214583172750784776096235242938992888529750708957681277679966915193245835241244865068041
29 0.63819012036214765187741574698642373913682400176817066173456720685482534272553670724026582717729675347994579833
30 0.72028271071724245219107358779531091362735526948085652749334017225119345801782057442373893040077985865826413944
31 0.79015552942503019024511576884786483160597455548544062032121217618810358322333304197853418547300222237120091947
32 0.84949535979087242093269660181171865493329276992819467172705012969797065956453716619501494657964008069950465059
33 0.89982194785759299730881474328070439203477885258187575343726352332026496812241321445108295507265702356362028602
34 0.94247091098511199522711835532039156706555969208577045045711677123875817615625439260543903767945191197618785364
35 0.97859769535479523244527048352696727782378224049721296931376575893501756597625628942404593112105938497419719378
36 1.0091917880138607560860446431878041694377206323648312166158271775202745686094299430932112193706459224601032606
37 1.0350950607553508725910135387524849161691992842475563909247040208155610582625311588215238467839026105421628606
38 1.0570209004547523522468016951970184813086823111613919401342918063773178119999744562326678796045176671826806882
39 1.075572404605611871036108345637228050273275014324508125211588665275356102890170072233707369632742571143155851
40 1.0912588518106924994241658436214610057716804036483484831854457649768300230395400479210163415095853384007164728
41 1.1045101760536025461319990462053197854187170643456777099102789324631326885551304111882489540177438595279630078
42 1.1156894507054426347061688989932596456860450553684921539121043412611733896568791298041054038235360993669915043
43 1.1251035253720298032755409776568578541589312829831450409403531516971720838775583268052036258962996579324457977
44 1.1330120165436950504827976250771307146277858203263474095240250542452309694508975977927928111930348062702203899
45 1.1396348673763473867456536553986603628515986721623325914944370411658782961316575652110318151135553298682674004
46 1.1451586836953579416120333464537956602811216241339819772450123491932048605614041473295620824825354408536642696
47 1.1497420344589049116479246095058359903884354621759181491877412405270301613897217806027666067521614452316765316
48 1.1535198821552824852937032576228246719094149940882867881142663283687081303616664358489882371738616522809310306
49 1.1566072855499600823268352595308719537207864226444720020183863482298988965029585472510706866298999386005170114
50 1.1591024956551084709583071545002781583801793750918393316932944416347928679436266233244655189174680899148791886
51 1.1610895465556700504355343366813832618189485758389932533027747229217089610039277728522171483129989609150063654
52 1.1626404260155562655737760163267075978632559892531047949127710117261443410232663376528183409462292289103958605
53 1.1638168965322539059434399725545668277190394110755051039050480529550578523744701876907546813434701305371885991
54 1.1646720254931859606165553741737469601662888579736057731471979328002196277017114095393583565268549794207482438
55 1.1652514730430906752090989276799438239012316278461266637005129243497663383872402772744000651455335592973249246
56 1.1655945779215528372010229029598629533729018772728278762571903082696588864939138625984229509360240668318941972
57 1.1657352746133765221677084097579593106421480625766189664426706955761656988719597138666245567037578963676162016
58 1.1657028694388012510792730771760961907222595985403287629835504731367783126186990365310559142079439969160921301
59 1.1655226984933486014944942569486836964858411470678647970387153896820704816403222858511711672927580706067822246
60 1.1652166864560799806857998218608773110809097574453614152369048146822144108585851559848180987460521617671195321
61 1.1648038220754815541519831085269138563019223078943118896024071177995539778366159050373140175361269396164848496
62 1.1643005634935154532253314801707792641112188026767217420635702608982363309563360526424464932854875348182438974
63 1.1637211843808292544712645715928558579409476718339763565311844260446254416277920324677006455521285466554215087
64 1.1630780700475055377015181625990717554148276679361307750153726033017072950528670045340575153634018696357475867
65 1.1623819711965351602712466245586421205993842662410894098662928806098835666858441443306889734597548796384870548
66 1.1616422217460378484619788740540524373220460425194070479677289877847764128519170986883035832477603210423389211
67 1.1608669261157681213214589547258197856259410289574332739497587375898079348458706948942241309906325109337161749
68 1.16006312051648472244740445891334670938630107183110970226146545373396642913710238269302202276561618276098546
69 1.1592369120669033853796174547844912405623383020014935301675816247796683359344773946712084291644733410550400939
70 1.1583935989672671802565035985977437381704871057427564043215070594147745504536195089058167586161191594907011989
71 1.1575377744606144489050646965746910751093874378120559906557188938727502657189235106891799004045042251021534021
72 1.1566734168958228740918253323205652619185720703497126229104414890043563689491027863932263843546322431012528428
73 1.1558039678566713064864430484516703935540059839438988994252283273585336635409070543167535810783982623130193772
74 1.154932400027142767570745216841522575099129749230382996765019723851923628505380499067363539272992693819030303
75 1.1540612762156431393739875277640244874936804570172459259567764138697497182303835866589174255845589511411471572
76 1.1531928007520144406495532296195512345669976506177607837981146724834996718794851465568007595502948994775205024
77 1.1523288642948012251530185724583252235408816426651335597217306806636908193882067203911705557948473098647480196
78 1.1514710829369028067007549149579142868053969687178185480710965643365831193671123840070680772505555569493614075
79 1.150620832371133238571816881520354933564280888048514862947734231140934249565096076123417524711234012724530554
80 1.1497792777696770399220831206949586300744356376457455402271587399972316768370738518561117581629661733318021271
81 1.1489473999399439869675706069531214754376308859582342535710898344149397392400618377714249903661559757522226621
82 1.1481260182413671010030840559282879959207366051461097129299224163603571494277711711504203887672910703567381942
83 1.1473158106811468513943328483993164392668484631716725264163004482448281177379054885742395483867837166882948534
84 1.1465173315500587762790191028598274879006709345232120676891122236306879004901551928657256698722693125563285226
85 1.1457310269107341943910655801578531782302536972775971191985320382984891457286982268682983640872846646320252131
86 1.144957248209054760522685345877404032863909203606120947578593783410119023493595169191787243212023760448731009
87 1.1441962642434290733388310587783695437224256051015995688572098515037999689305127613802716175360877074185223414
88 1.1434482716958656839014667275915631797106936235175292587614602115111173933308950159962704402882404189689950599
89 1.1427134044021813261427966420583280185899749423444062747757282920374910276998592008089120712654556547031021394
90 1.1419917415157604811700606494309942271841050126333759071926610957350243318936861601426669635414114504147623398
91 1.1412833146994831538874653109895929505576095814293522322688167810959569382475143372684797149130949181444499938
92 1.1405881144633133183841998217899889746979505952270690975242388238541531887134297276334572324867101733287129715
93 1.1399060957502100008568868298991857915111714690795256848773627749372424830941882731839586233755863650860422679
94 1.1392371828601625873400803316288877790221107307548908973900450335721436781054738778382077235342844584863497906
95 1.1385812737909859275503168052913453336130492726329368172551198103616901392330274669965196894706872790679339475
96 1.1379382440648040124405808328889695501575751779379976514769717855831074083748147414764563912966852230294032595
97 1.137307950100702615298222187215260433587835956990894819740263208581564366259536731073762633384817721832269026
98 1.1366902321866695573675609428241478533062834360830002489374513290544487076772520130922276674634646244265660544
99 1.1360849170975190959114314971249514576229336444383980163601069465356690125553700360257902067730148507562709019
100 1.1354918203998881823665041328939210443397041181621334739426224602060961256837119074846079287310516922263874404
