4 0.3993132979687352789079102973784941674300673013214512546747790808750579779040436867668216225944322702596746302
5 1.606340111813212601991792964905579640486964806758511011402300108512701890122818258810312531478446701084270642
6 0.3691327971582172997049313937983616439264891070445471166790795689969305484289235853544478566952758053720260922
7 0.7727228378004893319361952030836907473443213108913418708454581693922626575114615034882868524525462672248448871
8 0.6361800977639066448471693767915660005026194028296114303842830997409264415980548234977563451502508740129556259
9 -0.2597170567818927440396408477772565948709616097561947183753457972387757298854016690819302029732827585090051587
10 0.8324888205256486034803342700515206541982108709918399856287997065824127891613596577355830705572660556301278822
11 0.427908741605238108157230429028000743220228597690928766179284838656889229616516307534861626595466384738441778
12 0.1722794729483532870546807383374146006371910401829018437093169755773750747237123506108725784111506086222057913
13 -0.4173830376659752871609762878314129769810249378347738809788501342085637726242233405026526659411383783508440953
14 0.5101008102590869896725619037666742404743106115841628571366523080078691840657664374156086662737394794730139241
15 -0.08618724620157763688345251057867927834145463339116522523797785396331337856230326238244224958661323633837706282
16 -0.2360935552590870061964526966264918184092674097080532361212536144906728367720174472210666366569820126189094523
17 -0.1356612378290088596338791275872553504218541055857300076469005832265132792069508478641444770364425900277414941
18 -0.07394332749295097140369312087858789763878931072185579018245153952963871648521124069369742848511050419455546863
19 -0.1166645622626736506773065717127046203841713681804902845550834928023181920917964411454954482639166187446778235
20 -0.2321056109479686178319702583283326823656970535513338761827512022418307713362894343152984256669367560512363161
21 -0.3759250211283266311066977211196540328069236490114495197672499834538731925908812470700962421195049281940038177
22 -0.5171170845552876465094822349691236082952727777782718681770712656876167763461578846982583903874924338638175114
23 -0.6394891923415453365624403610793378489922686222914202857918355829097617974394244859601196939785804887562902508
24 -0.7370684401921024186643298934572391736712412005239482215029598649171331351281952830688238214999225480381804878
25 -0.8096506182474101587674817012256323943068970138495410184424329279973405511745157733940467580322236413090579237
26 -0.8597834328676288148817962623950295104107192481052962504343700255289802342407810866910998270018160845380591369
27 -0.8910125847683673138890935585937132741179782588970712666449777237981838911772485792964729551634825515623258374
28 -0.9069682706610685033587508411027984843106002533719564952039132590452062159212330284508950790222389768222294447
29 -0.9109461093558317128934112877775042706413002513961426889592204642593476931046158065683540867663413877561441965
30 -0.9057562285671220233533061244653884906934718184805584173743432558090606668635395281675554326635681552574981405
31 -0.8937068904717986940302936260022087627250834060126047865091040539751227303849444095756827824506302682812713941
32 -0.8766486384347056406258204999957312961930789098528059759276627192238506729709298743478770979944051149638931968
33 -0.8560401404038278726472067064935581478261024930878098274826056201990356871360517044800767189903563754503003131
34 -0.8330166244605848381395694033570385958509825522812413374737868939163869153940962677802212382579217938539054548
35 -0.8084524071436888006054883357280216218785988199695028838424761505940687666985414623220949321687701906638448166
36 -0.7830144811351504653546474312305649559678167259469344480376410566833958722210499879008158152641397572868221774
37 -0.7572067896019701643394238258088992153301836162224896766208924760555751715390065430034901773206098345600203004
38 -0.7314059898831332996693988190385798215485757514990340734421262307743006105281836780819949938929554598954526296
39 -0.7058899264365080567252593548876848244873036871208016382190936937795977654382184401047671594577130162309789976
40 -0.6808600834967389957291113721537670242204883316368790813500844926710681687396285609869687700646936029296727018
41 -0.6564591772760935928999312812704746754451246067918383505380418201798949498912281719883415167595467540408144537
42 -0.6327848801036447089328655253769213930024282929386424956766473380430790291904669991339100738224719708220063284
43 -0.6099004948993048008877663193190950528723942968728498100550567434448016816628884096252378993257768032755729774
44 -0.5878432398092725150882422661235378167933044921485765691807600628159782607940945877849363788720416483899680048
45 -0.5666306673773463272673368640972053660136367493467592487372110482689882909114345792865988707348430756522794824
46 -0.5462656311123937859210574275749061101504865523156964396478773424403614101700593520167962208742984330685996436
47 -0.5267401225625988060828725458278143058147648577174820705148128260165686457842907543529997434567534710906395197
48 -0.508038230812229573689690893163238847444651325899019241467502661252291014475201007204347591095953544133099602
49 -0.4901384203684539991421428825323076144923241311047935781942633588517959088656344215440373648050080961217854269
50 -0.4730152797046948609098560338144447360848413509798615256001575584754634394852712644119612546474909653046837395
51 -0.4566408587215933428586498608366863188404032711164002280416609751281155107102988790140458792497007991707061795
52 -0.4409856869844040032621621506190568565202614394166858567250869391893438669110257239708903966707843849864644431
53 -0.4260195441191666699393520588439181783500972207485068205187638525047280792636927143421409687854141792428425758
54 -0.4117120378741127090563216482596598166603065701253547827448541063502802272456614188772124056002024526714506721
55 -0.3980330330405375500578220164350354803434536072695757692634815718277510900312326942511727703582433487662753262
56 -0.3849529648724907821464828988977655223908420040564705107997543697097067582772851488926694023887774886845492968
57 -0.3724430632225885516700609274882125827974372480261126283175494743303552113882537766781933392076597149975738224
58 -0.3604755078394811193400529649517423507612803534112304599891366391114697401138384358251191561733469240885012224
59 -0.3490235307785831745106021342588724456243339889684767277595466582992086653858243066787455659317158321451096191
60 -0.3380614783742636600848268167420794313770603942039280842519378300778851292188978652874798213712104212305774974
61 -0.3275648424870534830977702323265070824597409554300225425401205374124593058112258612813524744839159353197464622
62 -0.3175102686023122820660466889251882576557843742222049277716004033206907098538481306043923370725450319992411845
63 -0.3078755466847988321455722911440680958860375512661519007148235909414090461385177184568510109867756399247747041
64 -0.2986395893842138937286683504037786644940544281356065884153215232963147535789978933150604767851928539101645478
65 -0.2897824011605582034423379539094826100639906729246090735915243289663532275741290020918423505162970285831361059
66 -0.2812850410933554400023726107962995322408112947269731317043436870611092702038088819684488011614665036126329763
67 -0.2731295815074206653141362489213470239479264945479167077091241924090037954455168750162948492937936359702954797
68 -0.265299064052496972512119679446918260201517953973335904236098814896267109981794239907167820431098624340714865
69 -0.257777454485532431426601931046452610574411556518916511478625348543709096886535555523154085071570536792649302
70 -0.2505495970997890525563180167361253972381346464289155540308998636057697246432238268631867248606845990464943884
71 -0.2436011695064776159857393642282037320975260965736419971958353427462896010519583778810604177689705314932773045
72 -0.2369186382881627416874888754210218058564377694245087581697021376488129892328744949164593279494586537864346707
73 -0.2304892158977537355320361091810301220145153690214177133056627725840479626019310463723384230777365330205319225
74 -0.2243008190638103487168435825419734450988883672243884345696221157002433317208877583557045553967046121017700259
75 -0.2183420288753101260619118693810257793385703254589852113934154875831279385233188821205011475843273463801769813
76 -0.2126020526515499511376949417389943969397627268891364329413333908179656663860401501232950383255351195802846503
77 -0.2070706876512269454547397829750016611856309897903677768617444485766882109941319047175107790053215337310454496
78 -0.2017382866355935509848915012069598843167918649951420137313128106522753005465771053303193829895884816254186351
79 -0.196595725271242271499004021363418269565962850987818113061336106456869270640048756825445004244890786495515361
80 -0.1916343713364362595287774873826796674242570899817513114376154307870407666805933467817033082880140769946122643
81 -0.1868460556792907341985763928420963832139434031253407389546687607021730218409854383193059228439811820887416509
82 -0.1822230448652025549513690225757421343786725644469548451558640918200306203767322350882589842338933274610730812
83 -0.1777580154436719398002642322594370929911608039606414221374314449668373096002223353689684648000976062367934091
84 -0.1734440297602305018461014970838584965151829505158268077706545921686074125168272896503332435519163399490035196
85 -0.1692745132369261045403391636876270987160246493286424310437793190919246134334033899104059851589208153571043519
86 -0.165243233044197925447223502943054855696513002941451966599910513932521802508024880390528337856766608088762365
87 -0.1613442780875945501170204335245482105993539482140579836742877615139712206817803067517777335279201376303083981
88 -0.1575720402343210117337433286371124041557962051687507377386243807270743202791471544586839572309042693861173917
89 -0.1539211967067938886578025805079727023486809801614637316943848635900597263157948463092404413773148868968789096
90 -0.1503866935730384539241301935965753287725083794487040721078260970853452002601717063274746187301461634602212511
91 -0.1469637302667238726967446944721122363169870237392842579073440401405774366550800974534773407537433275340357428
92 -0.1436477450727818513734330032449544067288675128091958633785957876153541597631742661679936911039200443108330245
93 -0.140434401517798913586114494097677657830467151822963637609978193465232279024273888825983068075386063793458759
94 -0.1373195756076425149945838639984287250550490943486807127841550241011874360606801244344918949675089262793683441
95 -0.1342993438580237808962992313814048894653127289514849222351076903259612278420941189012289893741255448672547744
96 -0.1313699720668757453680590276846640199868414879332428944479960854177021705021014869521972584594931661367200739
97 -0.1285279047805073752762298628136731262659875790909501745557366624226576516192223790259218746092187797213168971
98 -0.1257697554084606364291741952686854337197211720219266672967178621252840759665423659891702719288043653376057434
99 -0.1230922969448372760936990670812786120787031956765065654861410620350258064410304619758498593823038769206065804
100 -0.1204924532565658629341920026564932415885792645186571534898183539692647221398484944723237166307976248700879099
