4 1.49047476811294516884578064075289405664850407686956479685940454189168685013352079854775765994356980407450337
5 0.0449952108432286227803677494917975204275013410626613014537610329811698081298827878713533884753479322833264932
6 0.495320521314929625866489477578568249144222164465757063180546971242843231363266525331168550524754721238161752
7 0.751075100220557760165465483831318885441919869266104877878863281168179781609940029674464393999103259366250161
8 -0.537442852966506273535266312300760790846797403553422049310257569161598725940733536005284841015356541142316706
9 0.570005096068762679359769488238724420417193377798963534756340273099293506161643370841332374553853149254387626
10 -0.634726425930533345930463986678482941967845632340028114309596392918292224806672408550601107111025676381685566
11 -0.0138935675188600162386266271393038938471909783821297741519002081661789027137623168482389072254662773040715178
12 0.368417616119552114466635584263908353222398228654999419591267111923905057433748586046748131655476870382933031
13 0.501069871183544611439761542661198501211113955640673760850551578269764481969263506090287014634208683120598153
14 -0.507006897703530580135810733613735772140825115403610621064112968092984162755940387510767766640074008375481359
15 0.249988729088052585188125198615642579219700639717410054077383510874416676515207018476896494554242303866441167
16 0.317279815149563145084287925282851166713380638753631169132738351198783447712464283511183861751758450338620987
17 0.122696577397456733938112537982345358080251921017856048307017129568280052815385603393717400486859865446692791
18 0.00545446179155308797414835558566788813914782498187554767245108337797670206472053285056543371438620791048184135
19 0.00346367141230797538351008006442003235495808609799010266781001422611151218113006491849096703880073725910579345
20 0.0635019773257384352778299876887013606433428160726248682520155766224303006384480110845409228945541708028688182
21 0.136736095763795061206408417702764585483174626690251119843440790117503632103667837601860361357779197676678519
22 0.196627443292475643361824816414478800844491354555707753325348140149656437611027733961939588322388001982474899
23 0.233598807412604410587265428243536489487004986292792993453209319381288308586121875867186735267714931823414395
24 0.247310895577675250029172210395787411135600106161866182880575382871773238290553093327627423530951629873069045
25 0.241368264147612021881445102540985412914382979612618292142363054759470324929782509578035845538533472480604377
26 0.220445485398247166058646645761084089804061789648722830078324602753828450089426565550330392462887663722655817
27 0.188964112478529531533656639669055463287761865600424282192010747168700451773665937686892690346859215262148924
28 0.150606926302993431478759837497411027875581547767258041617264703139295353089492765678128144775852704461015139
29 0.108233357330754675201956814901295453589263196438784647478769201705545405679324461788381300191459876905324237
30 0.0639620200630778446370740342275565254841190839788158299020065089115694570861143510000812146422117335306945736
31 0.0193055712450023074513284030597521993319460532251927298902857767801518347471447593955342506371174462699901626
32 -0.024693251170475406103890151032506280476810656695058149885451756052230848351460785519335127339613920126489225
33 -0.0673438853704581223631837167993852860206084704726004984630973672700917325211293447697318382615588374814264528
34 -0.108213284544504804097961836582477251956366252370759013609797796471866618711417230222725787144619453493964375
35 -0.147052954210198656858953323387115461028424721619459438673972340753857213816663041402241591866066657790218851
36 -0.183744196871978248312838536198978221593255403219213672772616108741755237853947257259405895270792323637537683
37 -0.218257769898606809017641291743056624466923983111994129751035871871249482133671648923534759021250637402050213
38 -0.250624570912857326530065458046616312447290298157582859785211973395341712612065010730280946503297276682613957
39 -0.280914580256010486655210557366986166660065435526050636874607383804932062297181615833225523252944217974678379
40 -0.309221897099849225004095442343931197183404536409577777851150607918933939233483211216218801399354528170128942
41 -0.335654226337177975065792396693013271973547737003792167508624271087718740911528880420534976570985690072833317
42 -0.360325590619584995032010671084775368430932800679126874931135382443546991434280316184702508792784297847378534
43 -0.383351363861774930932753209921271609411338726702436743094027594006598768638488520180982808643310440487654067
44 -0.404844965270994230864252876211662049219821042391685481367944593834633817928363244188685935356383750423014245
45 -0.424915733294957250486171195916304415578703882331843159036122675689565747421499719225153450760021802928380182
46 -0.443667631565711586011494844714405445042985205168738234677581123567925813653267434019536596029968853245562246
47 -0.461198535912799379854007833392463248351237556946108205087730457544887350785509741820484349082729245256720749
48 -0.477599922115388094228209333587304592959609410720156833904241337745060782288238393806970112387095166521522471
49 -0.492956825287241828542483320950883675187140878987474293782085373013842383131090897103836029124830654621596073
50 -0.507347978871454650433590870490930039913991662089474076667631095681918800582370119759716654291331464763801846
51 -0.520846068016998479254911234800445204034786279460793192451997547507456614301103161159962628280313673059477185
52 -0.533518051435660332962654000497043781886621788725578515437678340694969465457740502223982481983571010035197574
53 -0.545425519749889366198220147432309427450048018893860808305727833869677814023977237730201015755214825047949672
54 -0.556625068332034162567330305421507433307874543026451298858535128469607836187441126379862829088202357797190571
55 -0.567168669786441477946128171180933859034106617064691216212235033133896583048062592318238927066679717046167032
56 -0.577104036323178962592261752665417423411793881232367026281073954486342479376964828716832216373689180648947959
57 -0.586474965884987740846376725328783082706611655313846883681620969637029484834871703227391706634053845669577404
58 -0.595321668430145140322623827091962322997754916242043403215987898858782564367017452760404736670586109773906906
59 -0.603681070542446074426829020875967235239840789851913973217976740035842543877980413523851964519756260991918622
60 -0.611587097752484644040973317936211771972734319516441420617321521338860999230025765799246967558374904343170519
61 -0.619070934769194659658649718183327489474973317875977690699114586894955086334442052747418877502719773903886747
62 -0.626161264351275230930506173505800428873872020678359016880351047838270794770236619264454192957748193514562368
63 -0.632884485877346355338955150746776452826591676141204539038917198321633444903064370581877679790754947786201829
64 -0.63926491486127337320947253081939856964513675352956718479738062582054184752297783603633779002841851051375956
65 -0.645324964748286406384809820906491824976882043129505724179985561929054963248364443413893259428480673351333029
66 -0.651085312349440808661199246027255089462196185120092640374331999042890117160497725211515505954658582544574388
67 -0.656565048248969961716068435735861009722024730235489316166037464159756257189819928173324995877704465480358995
68 -0.661781813467135481896513824021883615259592797204927764941308870070903097858759522031398516309360849974745527
69 -0.666751923591602161314205370973773785895109274587778299212676965496182773400202239596090118966764674710173012
70 -0.671490481511106906280813577872335538628381245604040765006647485222601998824738578895681415512912387437599778
71 -0.676011479801764446378226335912946012241351701215144255730994938714896903726897723831853416366427304733047389
72 -0.680327893732508889896123495906327896468092393259127420981498728934360192378343600998500903519444328886633825
73 -0.684451765774395120787922942455035505969099771317414488169961035009700593156642244302729054497356379469247702
74 -0.688394282420359263837325397541652103918569047463877281993078088480962117131316069174655470100268301268903814
75 -0.692165844048503781666345923917828059037180580069610492501794157027518984357573994040282019784227766508111715
76 -0.695776128493521554265840474737734026609742651358353503195387723128918151942965684743213017369748131396801897
77 -0.69923414892768531277720451030477161596722364199228502615629381390294915273067718940963137774412001553653559
78 -0.702548306594874666642946723441062197523263682035720944370897950827508163710555288486418397041368154766013704
79 -0.705726438888225322202830699083313818001233075350950572772641552721236988670934578741919498659675492334782424
80 -0.708775863213910207862659194952309576704714746096747665391288157844112800988388475234452121710858821649707989
81 -0.711703417039996514858389506601665035794084285570781810612932941052941793711638402691947816204414430183673978
82 -0.714515494489938261844832088393556637933697217245358692965371237296241889469732355768527482623965937547452997
83 -0.717218079804726319239679140189528710220225942136753671081922422247972479884611277081557300786200861652881578
84 -0.719816777965697420484625359185559985220377193536328824961879659235640468368651819318122595159960587102251032
85 -0.722316842741183856702265258662072053217949077604380506529530701216855450837051858019929725783136369831418082
86 -0.724723202394267097542237949176610082161160427564605659143041100834212068931400144440582111461504405566091167
87 -0.727040483265602397995502617865520905314488296387245465468149218151746056079071066022273712227627147587062971
88 -0.729273031424349676871797761021474480090962939748368291191615706497124725885612302756311942168033898285796886
89 -0.731424932561442120558926891978493256119601380252253537505646349029816552446163376377089169747349588583776758
90 -0.733500030282532487787743811278097608368963293016223409529238342463943503974192819327602638300598267271941549
91 -0.735501942942782316973882451735500905009981651777955648581667902428272320227093253862022233961584604262362906
92 -0.737434079152024257662616484757056297402794580405596126006763253780283761009900497723914938138184801233165992
93 -0.739299652066573062061765850550908183153909059359071850492943026743191584458330387600688477575945580133757604
94 -0.741101692572942910865147743250895334699894399453278087833754169741667580378775915351556830820914944825261272
95 -0.742843061458818893083184977362862762217372177119437278521899343945718559650701993448471122900773021786790154
96 -0.744526460657713119801002628892025669881311133189045722640463899258344377484199813362339691542586254590496269
97 -0.746154443645707695266583196818909885227750650399283651262081488693878906583341338880418628948103836939367901
98 -0.747729425061455044045987785710577070668538836967952597449374413100617401834512451404916463704358983457373737
99 -0.749253689614088135666967194915152938144703521611016788536080268244870172054711853707003515457684749931407176
100 -0.750729400337814977596056362089460613071302046239567698821016168417315954523435171579540221200437022292451412
