4 -0.051645944996301794939062366103763108701816195305487291687186938215219570683478024674914385258132578857158765
5 1.039226129885213987427228621967763817943211809145732364687750410974043007833223597591344845397209452958769
6 -0.44148083347678902914408924668893609766976791525314290071790958784206799199498688358600638786568718735590931
7 -0.58522601798542133359001701389909874391175714541459166365182773828771841506376649413881481808515512987628223
8 0.17063560697327811182369027161279062174591415649150105843869792253898473478665489719751784351780240094071802
9 0.043069495770238423246476917874725234232064213750603168391756527814958167218027943060008743851853005668962881
10 0.64737439868988962116276282982358878111670620537766909800651543668416450357087639134438954569979169367219867
11 0.16820710432386691772888426592994778459802319481434472335359795482782951686340793898564859308987695894388027
12 -0.16705433633078705056274276512297940185098857589830374591786553741589052042943712570921853740957273011115098
13 0.0048003577510744599951019564125233744272673634569777462278140082828415106893054971434646761525217638611653337
14 0.77904343835202399316532089858700578376048055308340337504904938165515602392095831382788391548132905194420572
15 -0.25658126172152604872074286591084324518615563042965662274125906917041184589533588588269527438938459067757543
16 -0.24356271069839438785861238014776007801151708851829745998721401864542529148122463461023264817640820814815113
17 0.022601254931930891867447012463842188820540619491825588578577294926608643453891956377501690476823555166272347
18 0.15061584849315667848776851684471508529775729455523234318121351140933667068172456292506277447410427008056635
19 0.14376531849044612990848103900794098285043714931267116678178464761429288464453553211804488424771407805729362
20 0.081416169000542553665480963386135805905111443274915460506473774547757190440311014956995301000896208594600789
21 0.017495209057295327782570734881126595378444782842987395324325425574322125286385997863428417637143733927256999
22 -0.025475961907618823535202549038167842916047934917006028975660012808467907682138344908418991276401036025869022
23 -0.043381003835481774576400319727842249822488359939263782157371812687534162064206296005505882578405316324077925
24 -0.039964494234119870179611566282371103728062529264140468129628248213319990652330317614963727278834980240646717
25 -0.021117440788838971976522015962960286206667945885188909489820182198780043361938341966405412856100234476919621
26 0.0076049907709964133172054467241771331305669521094254518347640725051656749637138863767759254550928807243765436
27 0.041794192238956503533844990388807574643254897120259932199449352089096281683628388065894830355838393290970354
28 0.078263663859685879800317158723283715374128150286522934390411242333540517469474092686323323181834667274529282
29 0.11485933168809868059185890095039021010255361814002058429807636879650087350270131013866874261373555202132056
30 0.15021327954084061993456364369187658675141261476547279153314088377172639384926718294888451043575907458824059
31 0.18352102780995533648682151503832291641632141201764850402362856516477427215426878324481375510314260388682344
32 0.21436499735842124729004923800412367124523749187667885434788814680573727332834947547332121409219955323025144
33 0.24258375625320539714978521357812377432248742227422492781427061360680818213306638216778389934947251860195611
34 0.2681791170493442345363173410193522555208601004914005642025606639971567632258636095765931508702729556028149
35 0.29125203151653339297927839657329942491868644957568158358159695551687095632012895475408890187709409371177296
36 0.31195939889952770017079447360125023572254608767763345981669209321930579093974590670671806228136907800962565
37 0.33048562117785819993306210342229920963420521287691126425087300569248193013815009275777568736838433836514911
38 0.34702434352038886252173263634212635922458674839005363074708926153558866832163637405615874212744268950232465
39 0.36176711479916812250216020489036273274980938696183576556691545052415545377419793228744852745275191978013404
40 0.37489668051690627992567575160364429409000694186190882840102081956108580539439533297334084468221211149435248
41 0.38658332922599199852862824570150180013241588976783008987287635851565742231290149642263061439801048716334069
42 0.39698321521767778546441780989773557274464474583271498453074550197303230446255101414578482915922495370783246
43 0.40623792987896438201865454366168661897786806568935999678127248756274909276218218987759439010223144413854917
44 0.4144748350987872536500906412770576928944289095749286351121831815039357902223772949679426402919228813004845
45 0.42180783684576046804165885233091599551154832194187459034012926941344228582433293593916477070969108417833648
46 0.42833838888840130543551768190553853391258384522709721620354424462427623924693176139850919009162403639609192
47 0.43415659207747467631302687020014467213032089002717329387577306998350131975466755695569850603324638697486135
48 0.43934230515472646017019990401228093419243028402965290704641704083533307365875510799677823922773649997103875
49 0.44396621663741194708988767360085044167759185945350270441624613762343627752948028197982790437857892100784826
50 0.44809084941225167380326749764664654902007101118405861289846217816909510877683101642560242547673152763993527
51 0.45177148399098715788741374807438449880017550365319596920216902820978411618799346678289029569010144407111463
52 0.45505699548066671421571067699281292558368823982008095567782810675328465972240220822294737900087076904757582
53 0.45799060493890431784799438727956160770283859868804284351802643067173284772272176797450129461617440792865695
54 0.46061054909423146929612334799145329117153035022502314327811756602096700086581802671851890032615982467871191
55 0.46295067421048744226247062076846210483864914922916410834711698210144646327505089828920432446416914772945302
56 0.4650409606987645669158534481929697513503896162457190428640305022701961682423642278128871084778342967455009
57 0.46690798529092034066842937035543019488930101624460236218195728387906968663719844285310479395222180491856547
58 0.46857532742518703348865743103784021058445379154860651941884101746680904197539713137748762580617105458584213
59 0.47006392611557569989689184295127333256702625529449611825979751522948926917141952870705582298133264208456203
60 0.47139239308607445042528190883383141364846414636111710203796917054780341350702785898526013776777870658196281
61 0.47257728741440126715631120113340900641887207932882255635790824516158279402980202484253333140597669889744097
62 0.47363335638968467900682775272031615064808537540682111524118518934855357906685717840398466304465527505874012
63 0.47457374676871262662158284374621635090726354219418683470594615084580246858648476567369639820688588732884416
64 0.4754101901301774730476982385145694132589776206665020350663029467991618803250611210180023084785440340434728
65 0.476153165582417312123139456716718854885662387320199476482532595440713444772367468244183691560759240533126
66 0.47681204267975569648135152801560312789402448909575896500533540979271293302617700107466896087053672166569028
67 0.47739520704513196358718131781945748571775011932744597406770953230239059169670921753372834043285657412879818
68 0.47791017088011497021010331152678518799200601704898052930188110355851237115534349352067373654002974890445539
69 0.47836367026454703302264979880309552163502730113320359251971937434559972924573534623828032421867352106704783
70 0.47876175090352375488273748765632955122439930959240981887187681490285054092062494707544748869911615238062047
71 0.47910984376564748723212297347274675183785252965194804852265862106421873942741658484089819533526844317270574
72 0.47941283187006963639790708340781884052390422981074581152663909742231829726637398507825165696847710981123596
73 0.47967510931754297344840418922703320648789685896148397444938520175813142379791196355292302842016376785571068
74 0.47990063351958815143704349086045651708728186674143889864958267211665773534421827723170667858491324102119436
75 0.48009297145727379656577824682234973492396242469935182814372461478994512329639619609824364959397491955312318
76 0.4802553406946382367939151848727623108977151721043128164505810643910755256146923576766692479376179518832223
77 0.48039064577933841835961561132016292870622715532676623365756170321575347889678447677459950103532419525707262
78 0.48050151058284746996550583040535049995495696124681842564860028961629211648448652237845405825193698880304338
79 0.48059030706281798154005125844646186962834121918973483563105893746116296637141992711404906975525499125988311
80 0.48065918086967260192800416427618100099675960224030137122993562860879019875870747702421582280553982361423515
81 0.4807100741668510035070905558842446946471153412836261501610808209320588332179571162006011029375202293163935
82 0.48074474598836942090718215916164602899696972039158900866441069919112946938778417156292862362459742606219557
83 0.48076479041751532001168872644518132725799920645779219545340131346040418465936526287178149043463104150038892
84 0.48077165283580918964668146645111471477016514404176026410274932639280073800930869604734738900415973417391274
85 0.48076664446113000246746391140758842194748592441910136099927283731260420442609370083927029707372408970391107
86 0.4807509553675263185087767260164761523068243496674532034883200885803335723339217159688180635004717090283825
87 0.48072566615620813033470610727980364540295593008602419620067084918870654742168966190151021152960268002419487
88 0.48069175842709221811689656275832682183694239917361651399107936146142748546160363791273019786540511590446742
89 0.48065012418267325118976875167114562789015641404740014220397830849717021478373326640704148011202392862426636
90 0.48060157428058347408601006365399607593850560818500167656756285914255568693065834371354182682588032212218347
91 0.48054684603769976155268517074810269824982650231614752710521855948075960373363567550778992301493415183066242
92 0.48048661007681099280721471223162059526006108480729385657261665299565674118198231787741707884374499456138188
93 0.48042147649645726145823786035211560809666892216029951652493539889028771843008456297103005119893483420988392
94 0.48035200043541028211301398837122639707203880687263727735732529428378038457947220624065185297390914909439324
95 0.48027868709522108710650792936043709429810175081203022182573615091899152114241946722628881808062952788224517
96 0.48020199627717765820992213221692388159956694954770751383314378209683210764826568540344473348434425005715607
97 0.48012234648377083074616001143276541476267055843062980889338341901551905544005923413478120878685102318928991
98 0.48004011862925683508571460561959057736186959613465618393760319073579957392614703388624575526050718736332092
99 0.47995565939903810285271229820952420284226379591668383062877226997716472278161248587282262959128168919651618
100 0.47986928429328120599312565321004969687062577045112259650550613249869798699229973999688464683194845470995293
