4 -0.3494321618486523622618098287889493193468731494911443142026064545744112817106793714689980714412284779220027
5 -0.2740081209792709473832614565840437813985733984650242387516480052245467599364048378481665152565927109704411
6 -0.9260349609906382625197406260564443890919041449689598478013291374014525851451175257636280442302458286550899
7 -1.670059924849513193506235255666090524739073827021413132190966330696913720825110552349483859680821691480096
8 1.398321856005905781288527833405366635053673924162617747972424165547117612526304908075819164575044249218613
9 -0.1856706026332549760687878920268516145717380215718565226715299804632485921762633786877249486464733030929804
10 0.2825238080262237049719713456600821313806534978837400496779716079695244957052756353656728999517455723663753
11 -0.07254482373704710264916588927087438821808029831274864697303296706386975098334447570808687868544928485008464
12 0.2223087355747145876787322898157670372687199832358777848230312020511796899154216698824290872200468588226719
13 -0.07218888660386908895957377478856042355760646498451216043472958517278315467674345986123264356004585126512526
14 -0.5291546840868722828355493170329246662562019407189466343680633774357549732635928868267398078670127698797248
15 0.6146507672756972959427897873564628767190863900574004017650663218914416320239792523800789479282122923306899
16 0.3317259891723288279373580362718400149084969920898485687285284369443574835870015222909199310108915958177856
17 -0.08764891007450250601652947999744823927587166025628676525192083047442302236161331057149951906057430277319037
18 -0.2474186153011505801514234454317326308424715005294358790868961165953956568711747698596480655241020411199249
19 -0.231523397622046855918700364319866278509425281077956934509113804883453433548354110875930107061273761816061
20 -0.1598767137576165629106266642548557762231211846405472945450527260196571612519931180036696747403128667305606
21 -0.09521623449644657979869826450782065731458365858617909123026352685043618048248556574823902556030034572084121
22 -0.05717941007089222929194609406247073235796290605302072353742394632224179607290757321744632084285816212547954
23 -0.04532825603333201886825094721864898693359972694849883961538253907004587325379274939797679158809978007837902
24 -0.05278034037482190796530118669959135892945485425585298237811349149517795336478316505945632978978144776101713
25 -0.07218703406125922614752762370926047726320553671279203198440754810260188211094448294104981245679812765625834
26 -0.09771182560469263747820490529941196617371015194465385473454406324176273262224641928755830810028608166943931
27 -0.1253116930764004511162742957110370712938126455844903616226379322207660487328840778611909401784859787800809
28 -0.1524408490224186615091026213139759753788388010654703702000495368395408703400159216435393540441514593006745
29 -0.1776429244846816630269251452556873396203046372995406241883435471677804642455836675586382721683834339535695
30 -0.2001942378176678729528082784348079784093890925527674757137990157526620115865583289053963199355670663259496
31 -0.2198357427868980962650842146322655629716398593626397641491274635808498583142844886389068092875486811849522
32 -0.2365866489809423612338728145526473453288082255172616879039435339052607894147508730936586828270179702224011
33 -0.250621093907906555363078344230764922547520196518363433318312406492912508012866038283598430902877911104903
34 -0.2621896256805790920492862376626832319728794254981518935644050749092942582979720729967125071925192343741626
35 -0.2715710351397094941208495127667202212181828087625879647276453388012373796961322198208552367124010603794325
36 -0.2790440791472846264469225110051580599851631417796258885860198780259485278923123037381985181900206293112944
37 -0.2848719020807799878363475805153343875051611819555412255111676993178219429962783364823831879874063340724478
38 -0.2892943620504052332994694899229333444255966729217781359520589986945002774152808956754054688701345904681134
39 -0.292525138339174013797051599784183427273357258504427556280126662572899103879195572878217157732798923273081
40 -0.2947516217701592756194064276590810674181495254194790002233251458054337928002845880438501396148930853246261
41 -0.2961363318228259114792481767227270285654314224550261207489239946367888129679046976350580634049526009600311
42 -0.2968190861856530983887736188623395877169287637490949722734542277384331380346399039452035626994328458858987
43 -0.2969194572850161701429375121206057361195345400009091652159435822099585941557471446025127964765242486041754
44 -0.2965392458477255084802616837700751088283877281313902841058901006731800490684423474687585495910948774849655
45 -0.2957648236383027723499268697396684161369538692346068140169039785563271237390690293040212934589645974815498
46 -0.2946692724494342625297761136445587903546086568882551430316999969546172304435065533516264196953817111815033
47 -0.2933142913575473414988732104663967005441778807622548012227074309037005247684467658291787663731224090870005
48 -0.2917518702788729970444713940317036160762954643858974375199480142695070138873750839708435872454151681500788
49 -0.2900257421081088280252070318917713220933423991482367343500777941331511487670249725982787318567277738433092
50 -0.2881726327504527803435611709951119583067954418280850222926187141584982382708690115262216399272141680173453
51 -0.2862233310615967343617003428940221360158687322040174527078259267670322597415767412241881131047594334467005
52 -0.28420360091016606308706793446449534635265621688095026976119122372545657400770649959448843399201947844234
53 -0.2821349564064027704308713662314027391604634943314386307581149338127055691881228487741392598436095271120795
54 -0.2800353194941731848191968214830258448082121236159113154386557213272825136437443276865718933583771880636135
55 -0.2779195769968375846421155123883393667525800273655413537248828096283554033623716472845032171465466797276617
56 -0.2758000520821425415995108240526835407983857207577846327621383729367274937200186372198212628530900110167237
57 -0.2736869030989852357816707351732772584449164944517529433379285092733645977799565984215439183469764180638214
58 -0.2715884609046548617279568451823614360890018046359757786191374706709984888220371867191800468960653459966897
59 -0.2695115141698756238104664385035225796592566017224819559538055097853035483930419165094899913233364758673352
60 -0.2674615507223258237724733481985699576694676138321221559681092667305986852085937592908444848541731172767152
61 -0.2654429617562450843210923231248616292046988240391689042209662891591732952835785269134241212918325201080371
62 -0.2634592146789690505599785293931665223886409263335364282832414795394958780482898831021505596806329674022681
63 -0.2615129994650683001841187492887879310089267942252381386217988112247855242000131143330353019656220110445554
64 -0.2596063526253977781242507079625317211633575623275537119403313897197121807032724263390169910504830573143525
65 -0.2577407622530558185926567125644112616363861862420378519532001642083222443039319862945635675715311908049405
66 -0.2559172570639701646832508757509973473534942892361530647121455168757466724393822857270720440824943780196196
67 -0.2541364818914539689159489864299356437894698952724839177876312495213204191773833296346611085057952852644979
68 -0.2523987617084188669444721745072874887096564363772468712222629066919563651844329085753828574412905443478412
69 -0.2507041559266276293865333014135638323978183996616145242140129102138389157956773023549139936546314990016722
70 -0.2490525044497034673142900716860593599718665164094992925662427048813448777612889404427855340238127855541852
71 -0.2474434667273415971231128532538571227710820731917907414395598807342458847240391932324036158053710176346554
72 -0.2458765548653240901239450867379530004213322776788331934047591117151735427378118460615294780667391679498749
73 -0.2443511616836544088208778726862508087844159757276440163164300358890417763385056262419766088762757516845218
74 -0.2428665844784750300563743680703366847228466515867456201862397031967303627501612712088791247596302654824081
75 -0.2414220451282774259118102441850155980925896343844665096837922413803136697277356023220166402050260455447527
76 -0.2400167070877968014247878751832178392710151826101557709603321554786983585037472055572393715106855570598445
77 -0.2386496897310069096062375816371567246404550219162250734781145240837098789864109162372497462237896126230715
78 -0.2373200804353685170621153012903433317770706093092745170551846612464717524915677859241158704571640047322005
79 -0.236026944740910071984606771797428373352322169135927145496051899602744491003542284462847786977717057592458
80 -0.2347693348681331050530804786032350533955989578973712624163955016888191220376774419343000380656179120108382
81 -0.2335462968367165016909050966098586797464638889425075577519977662468270164387308808319565411346223708134747
82 -0.2323568763913523688373607703091424973364823692683007620180161701995416283891759680527606549251339076077754
83 -0.2312001239107837268454019529577697383020178471770281149836003578596490200851907129270940361326020257584016
84 -0.2300750984503934306129514398702177706164230946460446134719825028344647250267274212792373177085374392260971
85 -0.2289808710468115984111391603665617788896506939875759248102486169646073510361576950388248801022486419751911
86 -0.2279165273943746467364454457450326401960930337227070781521422385838444975608408590541249289991271181644361
87 -0.2268811699873858568646313011306368177415879251801416905136662083172072475548138912601341277055534232669605
88 -0.2258739198085767923095730066371086816431560920638467572785137078201087351784257636092906193258907227346756
89 -0.224893917632598136317720921700021872425379484257689047312715625863719608590727901013897534633308587309923
90 -0.2239403250034800061021134959454382479215829851680774796284569043131540824746056908466216119038925685323325
91 -0.2230123249365441234642746365097824841722286525556275797996581149014087360450756707361849927410491725044436
92 -0.2221091223880107873167312786768675592272188163525313929024587009955063501192793804481480133135017979280635
93 -0.2212299445293424334379902761486407715085312051481454639032818900581883540761734869621211421369023655086841
94 -0.2203740408580501636408066058465136842734762344453902732124687066791252934835235840645434291419310579672342
95 -0.2195406831721305885579649005869002482561989011118206614318846971250503116989075882173077916501744339474055
96 -0.2187291654313877648019465055631996450987062662593955390026224796743870402923942890210329537574442900263624
97 -0.2179388035255354908759642757009858848920440438701716603040159967083227116819321249909612547030698560216568
98 -0.2171689349660892431173067572626694177816433267632445964529415190480175458698365954968846232249249501496097
99 -0.2164189185165768412222838348756174271587552180266207387077862916083104202312794487852569362228841129398429
100 -0.2156881337734647612671704898177709541549116530986976535088622626090984889321591563475024173238956357785552
