4 -0.420304888359806768682983008934863827457135680487456464632015897760161088506300482497171714280698181464328
5 -0.726561676236052563367622581203807013512151904077682488089076102690539446022972341600072166455338614295253
6 0.32090950233742203719245691102345709387540494933699126123456069612904904883362014006011128574583297482913
7 1.75611266595281565168619936994898003842893886524396100411148206039304982993013375576750932960086894362325
8 -1.0545598047163283792658941169859935391685611966214521731344416284035033959420176821086142177380123888403
9 0.543396793814342429592071719232437071417451491130406523842093655373203451648889737192699533327273350442878
10 -0.36921762865962008019354045989213037641372903360061440385423264616869992245996253885662017838408481762503
11 1.05686429889537858242877854433492776856176410976344304802141311490249528078704312614043006581231426285983
12 0.267953609036985113050893697914301146548468288905019928338929106923773777107644964330321410614040573295525
13 0.377031138199110891175645432919145415937824297842925974938575333381257138261900227230948362541131022289225
14 0.466351066511018396596155394159044856693025690924179705978967575400779170388310437146173847566090563929494
15 -0.663242039912521060478323812997598900594181977888428508334056913332570333110643170420979918087131259295367
16 -0.091200285617607467512686485669369900163454492797579820869844495154696599750419221415428614635232905287367
17 0.361186412672771622012065350243392272969292089297987592004520076943206787914251744787315784335433384670063
18 0.405740468427781109437948860858402732850021700637177873468972215394736017804317880475377822070905557550542
19 0.258295056417917034954166340551199834623012181209215939285735054915740503402178897053437130162373264179836
20 0.0856949051079734308862060343476662805383395820173952292834837838562920700617486029065682882513115702727557
21 -0.0472063888640963473936710088746371118902606639481505910826220294998254257635245720236998618690344857475585
22 -0.130803318701313691024723817261850223265429547938239522403712139777864343638776747258491039664618776348807
23 -0.175077683296560526327642276776749227535105408684362695984483943628988828425282203515913872951318713463445
24 -0.193203738413402584333386846998636618317426313962955034961930151257480776902394458210272360512775128160516
25 -0.196011122916445500451237931568747468495419881561184917931346213526516966263017060022437747844491086377617
26 -0.191009636904241707650217610656913595328963389118672867640515798354321329763680872365443102229945357547431
27 -0.182914549603159780076800391932946629041797277189486075767412694675227631884020114925917471082784570064436
28 -0.174453586884934431312872435227579586241581273783089052341474210139215452645010940528892256486318719051721
29 -0.167060278960479200028112609048621161775401254436492477195524749655581592073075401190844978509032821415891
30 -0.161375388457912324609646284135035378540439834321716071345573615517575897396455919352542372792342482762051
31 -0.157580276125608925376597000479197197170168325456081380586090726107757004377120329064458158454214136661573
32 -0.155607228952859022024581521245102091237072280493938078320810043478763770281343761733481317751368971714877
33 -0.155266916079155130571617349065740289122423982229970992056110575633926791131782869548145711627539119504307
34 -0.156322667017992020317473088568949703211704172249987529173685016675550232664284122462123082937890905574341
35 -0.158531751046110544176782389786824047211119338098574400730269790829023098483021160047880255750492026249538
36 -0.161666741947833275344991792761826554292379977445506238908465601662979981665661181662667700070083433108758
37 -0.165525199776920336376536223888894608105201552310020112000117016008468391422771886846091197638858486199032
38 -0.169932733337053143622430444274359593617983921792115755265084448663354294790432023933385052452036010078452
39 -0.174742497167500179942969905753995806822622824804702306481933536448092536119240390422142048273210885455619
40 -0.179832926485354366475168871759040878143248720054049254433290421419033289182559648590446862415156623639678
41 -0.185104747700937892509439611272197544213261911868563932364107253813855114819929529545615939994745258554108
42 -0.190477839750291528761479668495920788469976960739176775684347606957113703144222158322258523809352353855827
43 -0.195888246699121840102923019751202744215888885276352259900828782204284209539334672877187733848938222547097
44 -0.201285481980004732012522550398494250595041286503083468287898428108039337744700871025642131369374866376567
45 -0.206630173925387508618413234267674616418120236120447012245599152041408324333206686863774086970668751856561
46 -0.211892053043417918704721837833274483621858564536874885165697697889071918990711138457524018727736146573817
47 -0.217048256689671802166816431543622277684796567718823144028551844710527513556618886991469780243729669278454
48 -0.22208191606575762306768839587741238165171046438646978063027036336197820669619177513178890168350404195872
49 -0.226980987604811145758860939694742673992564046607037238428308929824641073992505047943102723785313205941506
50 -0.231737292089449579717835011112973213660333643727521432136981139359117888014419929300102920811349215736504
51 -0.236345728131882241612780050806504075775347195169036558343535287120345434382948531947135441935427382062308
52 -0.24080363069885322232266871554506878630807836645360250621510661533209641402222195713923822318518351098367
53 -0.245110249511686619211389512269404195497058180022121221919419146287020807327164916931982810784746616632463
54 -0.249266326047768241814192920645938470342799615121592624009680833487385835525032234693597299432050416861373
55 -0.253273751358273583483603610302474194812932867219585958539232424594596741907991337475272906962326258914088
56 -0.257135289948750413608575085014062429854462302376350180224542230998721149435503288935426677599293246916255
57 -0.260854357552604597384445498916243257620682030780187731761796704955613063409271550542473254586071511344853
58 -0.264434842799247424443304822668696917782484602972348980345990344041223206254926600593027354364949043112642
59 -0.267880964586872952944061793302407565661983740242789883454086168043384366557152858993335417784121207599319
60 -0.271197158465122008320385204460299271612667123259411836637029588218837077179036448056087053065804785304997
61 -0.274387986563343963812951672043397642928924191877581473631276362174224093377031995603886210373904320839894
62 -0.277458066609131728362026324664442123082749512770321496413325418252511690022640738383442055920804260276771
63 -0.280412016407085852150265745419250937745908856371399976745087974751613151282889332900422116130780589367879
64 -0.283254410821633386875493143985512597647514983321780487553080963355136390390773681745700997658040984436696
65 -0.285989748857330725256589647773162991764786674821613997699043464409799708028023689636439099433559595820207
66 -0.288622428878010975408850196946271484821505009500636034959371712387310744051779674020759329380760377793322
67 -0.291156730371061369676311616519771085862839611546921570545709373622203420221309656188547890442218350880334
68 -0.293596800960372570397704787270598150979735695147876176229843568150190092608184405558313026298230339270488
69 -0.295946647613643882808142671727381634613208910016543180346407201284740369289128508726966596453468828795344
70 -0.29821013118700414855006311238318887683043246090049412311777864875641020680840775364242587313918367819698
71 -0.300390963610666658283902113356400787866171966928817577194277650467203486745908621097652532949267291593294
72 -0.302492707150371609096328397131180259907942967061866812616118018766435727891765118360693165274949911103259
73 -0.304518775286205522477843764351691395824036275298458119347768936956629751039469299626364468564201724965298
74 -0.306472434837513685985089234843359838540747449523909214288879955681675483357618698808569341162975240811085
75 -0.308356809033688481861210894244421193145813382007517528547204099858472281240084414866811388577197291246056
76 -0.310174881288590099312933428154569041613492408975087134838150896965793041091360411453281696348107138413895
77 -0.311929499483649167396981461605493334598320400318829931012573315892827285883132764794985158298173128389237
78 -0.313623380603276250747276560007492699654096241116517802289021420611555055674177743532056697037785193117605
79 -0.315259115597659034469097224607980572140707867805411722969000113135667393323099950416123305160181036446239
80 -0.316839174373666364660511449020709942008081071109399958643959205186609726531611624773045699386695731460335
81 -0.318365910835460608331794487621610061863014152055815524698009408992949121266754874975131034275801526073979
82 -0.319841567913412159596885438993342168145852708394729870530723624887757557913770592767072662194195148736415
83 -0.321268282533719584674078829221041801079634249028642262256509018945582964232348000681600598254447412721182
84 -0.322648090492343825314550951900285072339729748548011591273736756885149234904558628905899541045173541440791
85 -0.323982931205937742784191439214704001452119291209291422325653094333562572552497494834066040363334306243066
86 -0.325274652319779936263351066742277913713953852247757112662927156505510964997582732083895456770952389684568
87 -0.326525014158621046858587662621090220757479884401716430586961799692975663123269934736651294531394505477758
88 -0.327735694011081320698809292557947402225427554381683595887183015263767140697926762676240385141948302612402
89 -0.328908290242012976969152681437312629065134845162882907682638270385021004800933427519138527542697685130604
90 -0.330044326230234601023529401242623722252233907652621617078982427926977805792161803382495112661061662671868
91 -0.331145254131400744153898075524671165272313401586781641677326510795949219368071614119665505777378739670808
92 -0.33221245846760588866893663673884031801615009001246992196415925962164233696299597842797998161138325727748
93 -0.333247259546734614255648496737989775863890188742969612187241080813496794730682363015535351479268309190489
94 -0.334250916715638589941713904920869787924342768237679644316015527089557825695465968163089299199866978200094
95 -0.335224631452011136582547531350583089684638649080516464176083479616843910790750130688124454063563962287081
96 -0.336169550300395115122853933213387402124141677687758322069417158030724743101168493702417135942958939580222
97 -0.337086767658143759966299383946820933595150255763307391845182658284585300878704066849588172901607398467263
98 -0.337977328417392863909449090019301771723379452268904223119346596435192843059263474090733124570596582889528
99 -0.338842230469226000735039949273529926875397907648581635962556507487031231060808431461496017978784355548423
100 -0.339682427076246459929098645653916921783925375703842709599154126224518093819718400215064702854696618007594
