4 -0.89059191390295382844219127096236615357113924701551548730640205656338192211403583062613341552026919744969
5 -0.60986154545933458120557849202934537948357163667371988478149342369737330359329215042207852167691920543745
6 -0.67184406008531408458018655650340414183205831352830559413143682994742800112044434098028170194667431246101
7 -0.62394573152135496532643443455365215786141776007641849313645552750717244222978327471022591987507790654129
8 -1.1239900449474243362066952806606645028183380767413473710995194947329546686304520515886180097676439248986
9 0.90357284829001490576471256261466709354712416151436253307883829573045523974514481361302086181697327540154
10 0.64218730172402193879507603999556956335989270793269578385511465353705310508041301356725378462167932943946
11 -1.0825266114431415982746960069573081620532118121891303548765001134134966444428916010242603444990314758821
12 0.55730027849073362786520933878840736990025663565817350417976638739628258164215583035465540583761347063226
13 0.4148658592798776239478923270715303879765209358161969354054669457694475520170388536073061720151900519367
14 0.33954340190080521558806513538943504396829671864110520885761350699525669417716989209864142156785022094875
15 1.1462850112917665790871134260827826127840538480759519855926683844136325580435692611966588335655603175116
16 0.19744402699600164032856211378559587313515049766354655717782920653008029697132081822126752564050938244332
17 -0.24580256164847872217052081251776342588873957056446283615064875381585453202345905772152673130100092625319
18 -0.15557767204000379658045121987124603483228464876268491665327598398484841062420306743779735362206695572138
19 0.087965524642723006632311736918238047456743395836684855697647711705906908145254237945777598328707698833887
20 0.28876551298991530581035171848727502030431351829815344336735911761113533326886173077818467533329786656887
21 0.40119315427270872286288423267413050213900353417962241201147169426363313173606357362961505410617501814286
22 0.43922298347596657085832876102815199013129588670125431016282230756369228540210369621951912145125255906925
23 0.4290507533704765845967047514695666229869223941155815641692731764762523035187034299197115922516186498612
24 0.39273507218266211925687453290901098613554260961421619748693538008801149607717115780296826619499071517739
25 0.3451499055427048644014620375399676454341039431574247248764127934677094062295598844256080665369557899842
26 0.29515998012293782505428661780657080004644309475139989685615483460050301521393331709775059917353346005673
27 0.24751778502195096899484792194484482121219789276399797176529014874279065065603792709580524736091189071409
28 0.20443411518769983450803770876854902210349939371949882118059135530061514216264712888314896337414769985937
29 0.16665818894500106619206461665545289920159608726934130167785686366760482987157538207004914502607241079363
30 0.13415661822472591162445377120815142345069614032113144199384550701813769366526444368055025447579671803725
31 0.10651642426983994739095429971566594007777133768551169235149822975553291085037939667586826401869308001844
32 0.083173168070531863141508005488953379202551815215272612983648969288050730246065149502415417385817146585743
33 0.063533562747887972246350020608082518431520425259981379043415253699882211733501917324387991142269622863289
34 0.047036686640423282197923076397570505580868821509874174484971747267706491460870994834332375446714726710854
35 0.033180652293777720367076351920309168452022593792054007198703552661520544958003376985382939239914600629417
36 0.02153059606439758772211341294293642374883636199710257128482313624892401108847719641185417353947502593575
37 0.01171713183164485257302778505362918895322979169106675366436002094540750243488827346213835723180256414641
38 0.0034304073390816768995942802771736568563349519973432066986832714856073755952919268456846840446801214846449
39 -0.0035874385413137500551653920373061046272828981167358455456323006866596324242349409078918341792582282417616
40 -0.0095499627129244304114329305149133231704275219077576380483964915372763433799898977274277811334561158020688
41 -0.014633550165117603757981714799407807108639199587764535220176464923309087409410075641637493922101197828512
42 -0.018983707749625594997773232159149578978759172230732039849144434094805504266098810673126288490896376807218
43 -0.022720454531541342441489783566375483090160690145588787072464227346641400600042373701109195245957120118639
44 -0.025942852347209656488859993354251533664890657599743278384793958733037945156134072501395296786382056382093
45 -0.028732767645334363657832220916612626244393646384688667589161499711431293916392871552897445328121311622801
46 -0.031157970440957059568689635570392137773937298933281810101391987500073554432280727370429730081882150988909
47 -0.033274674363109850996972518130557581114163887537713491136789516050375945715239954329644554355791992779759
48 -0.035129612279923298380968105252375028885465429553333582943365667404007984413596107665926332791490118011708
49 -0.036761729689257467895062686237878212853702637741343258337513863718930641589651127668670655973937769752566
50 -0.038203565482103969021874132433000690356845414127133742379648869883372979893789077882765800058931768871332
51 -0.039482378024816369234386222353989349108411793686637041086111945769188306897635942467969679297736180207748
52 -0.040621064253013827085016159962971159963363576743372065525592603919564191986990933916173963544002157355606
53 -0.041638910735361679540197101036850939598434033018098154257355680345444932966757916306808925774019404847164
54 -0.042552208373163651340617244941000375039683006858688863817290934123054007183736872014147313709870752357067
55 -0.043374756394327340578674305992776641743392215382608403642506000174811644427222683685294086370094672942932
56 -0.044118276395500614445204140845557045077557983829127677844431307304064498079539537744943827225216364444541
57 -0.044792753205560585303446444225131318185406356551175140201724284423871351299335683724284355882881569961317
58 -0.045406716125662469284450282886575297757690520663334439429474968452939331337325250978640356274197630980279
59 -0.045967471505892771473619365207795850599264414941484399935081042435963305201693917296820336287189075006816
60 -0.046481295528434034077677595767502357853004828619328170516815874703245393785729816719059087132186556117409
61 -0.046953594384585090697487948270597740530183621833246745200412549444214961475301246729096416944816885691524
62 -0.047389037678333463238745704109183235324620035494466068735497578213193310004392665884528953158023951403229
63 -0.047791669797868428185695511057637147602524867097406731912855162398272658773046439723760010123902389112682
64 -0.048165003116397858551411698607290480257904384123001089531947660437684382016279669352129950348129639666066
65 -0.048512096173083352478752864270608812439970964079592952149432540060055521513337427385144289487041782226897
66 -0.048835619410343228453144192454860291305498513929947157638924033335030171174819461893130407888442103138851
67 -0.049137910578395454286523108433451685612566314262571492568918998848512864830053441001917279107834549713173
68 -0.049421021540297242029024935143534625997847811895871642034590681430870872110310057071689349575646248447558
69 -0.049686757903754445692950710345102417654777841433241743309195815100647101794496078432802137116554581338747
70 -0.049936712655919490894012556168787852222296890160949092058038991347945715323739805450580307649614735245532
71 -0.050172294773302014199213135798086668481576892830443407511246759284571570034947040952904395202612292092151
72 -0.050394753611990936549984540868342472533477338596495648649788486680979094635311925526290678773970614583455
73 -0.050605199746576333460107536448442293938343242139781953090657931602364414102188294681866260198335081186843
74 -0.050804622813795490635648322332877194837173440905965011796812952469600562298210772616235574167716795303774
75 -0.050993906824447171375963273133066586988059664997853934011920101286405921362046778081446505625579112732966
76 -0.051173843330842473657440341709195444909845836927380370635353591203323468286011598742631895712404826469894
77 -0.051345142774018156955666524952748568771514866898662828997873149349318312591624042699271373687926998010959
78 -0.051508444282724289374839374820981001065108970216440811851494218000076061788951619202335787301961918804113
79 -0.051664324152862858196044126607688989855876771836168764894616795783410871512980529223622937270073423214915
80 -0.051813303200013825931418342896778734102931506397751550484815172068111272610794298742533605283793295970269
81 -0.05195585314765091680162225592404917546583242477511804728438141653582179988008577394156322679252307962982
82 -0.052092402188569894354708348101140596492680355390866110736204280077817116244596133774669758395985925046365
83 -0.052223339836068181158675463432074456604596038955269080171667126457595879917164416802770666548515147801545
84 -0.052349021163823011707755679732633481659778116699402833600269375120736514341281907745631588788953437035481
85 -0.052469770518638876123709154868673754075116516400558607411844778006908228157307539110373688174285831926436
86 -0.052585884777799498675730690908364155619089332066204465651110064020911281766214445044597293530451125819639
87 -0.052697636212274367153691486757745432040064750022589570530788250605900321481564191457270398251530508875005
88 -0.052805275008172540689344525320820164719658980757679917457062714852749095597095715295370116276373846502002
89 -0.052909031491340608848924570596886855556447578058706282840104657335014712545459130455385327114395724151182
90 -0.053009118093646496053444197661992642836481468869252064053582736664146005047043831436694326690892031390325
91 -0.053105731094093096275593813217279088864954349776133843796285433783271214662096974818956065589401496616211
92 -0.053199052163313158343641936785509469901374411085516949757024297054217199278330439911520980859654544638238
93 -0.05328924973608254016233593721004094398843248289037030131949029180084880486201077417911933187209332923906
94 -0.053376480233147030602316479223991684924654088435325939713358414092902768858856710286850566692670312370259
95 -0.053460889150799887907934600173986719589473277455531947353975525936835630735552072413608769789746700121324
96 -0.053542612034198938309557788365778365264698170701548770616895025783290320413861112824942047679323904935607
97 -0.053621775348311334114882518026365682788605138205973357792827252875055250715418091810711004545524352119177
98 -0.053698497258568630586220309440117574791745571131965450140823338266519690355248400305163814136711180700837
99 -0.053772888331760717367145395020197028381491361690553583531559203955851620992277950852642777204236842740438
100 -0.053845052166357243229445705423336405108381344417282474835157706928677887316343026385479409167348554305362
