4 0.8160281585835555830571636944827073379111433195667239431725809854424203738659145138498966154182341160483899659905561392437259131465815017755142660057
5 1.481325116130046286173322097546094857958973125720374635351875153391314852581651250337576499534449894542941580058622150471695616989449583578839278255
6 1.485961563944788877599468432735704747432666493397271189541640913728529694089799575993505651574264163714485249868984750266943544372283785064786101639
7 1.055326780521661019728486000818089339718767063181761014088016366627984594785652268163890393396539538896571529100456076790178831360562099195046171507
8 0.7498232459802249851583733801774168614026205080391455171301676531660799618661919585553985745337872404513252871383449488421111466141333752946283147978
9 0.5443336664219709857168752829212899686227723517811089847099983617283303382463296349477291351975665847254711230806119379033623807362650990705362971802
10 0.3936518229827543475346657118428098742908431854739838475448733741683794269183118233941677877191502054640558975016950982594683018008774484801490136367
11 0.2754310581697283748221087978547667387335367936668255390809295105941755546159153658742111914443931784204904181634212583990512093538854243365518248565
12 0.1785797451689630501759362978338733466778675524099792267800245136832776909148500184611000686730886916609092021666349020953085132542699089690224767279
13 0.09706624043675843443811727959484745047394923885602142648835415641738784543328479333239798203628392256934198276309581939050746970755771865602068842456
14 0.02727839316156534418442709777079166189795336287304609843274509075497978522658988660206731693299363029613505000987916165158484629870397603018551686832
15 -0.03314812026022325796193844692653520579715148170373146661651849511030649691488320740508167877517033534516527923368402680403626550045791267826806534288
16 -0.08588288202585047424166732777395929364388946520629148221746355071382398640859725470589810155135004572724154099821398838611929596452188802126269032466
17 -0.1321773713470655677089278361548102652298882164578559045781657120316086212108560299640856995701436910507617825555951533496952578783969049857333891767
18 -0.1730113968732379292402370434772462828991717555278683618448883407803506357995730030678127505718816732672785833598349044161034983321284038884315194676
19 -0.2091754709815593312214221067003134956624427227589576555608039560964135459566600559616734265418335822017072761110337040503644530916561336754445891866
20 -0.2413203576120894643518052085966059289212995636365441851924594286641823663714499784700652579495044277884760582107900891593273146031952441181922556206
21 -0.2699890346104952957711078786930502854725453225735640862928756401539310087336557268108178250977935670536615826513430171240809974443005206375110673625
22 -0.295638728931124745305726137758479373086633550515762936460770462494848318457630606699530533740499975046398682809293833893974132486510339564881056056
23 -0.3186569950852606980716036268600546411796139305862611958223413495171084549796521562745181084160456071547901548130003781295695488920437241850802924634
24 -0.3393739749346814369582806963581345953471967228576321663939099442832784483314937232942339540004625525722088663498480120503324030575392403650548990413
25 -0.3580720465430893956592102572314793290781927494792411151720504874816962399014663549824698311210141088163901530657185788892732984819006489203163120708
26 -0.3749935847446668388174070848530409263408327482164782355323146415772554006302824187202037195444951750451282211635992611266447563670467062224941669951
27 -0.3903472943335829205352886911873187635806865950049736996126047343111227258719666951747910909431512756486503049115502682977622213762066330529376200295
28 -0.4043134290191248406543791784399510107756605079137949116492477939883953603227050729024240906770581858627206761562951671831022081611539426125676536862
29 -0.4170481211209515911393243916469645726287558886137182427439967004668744738060543369003752954162446887944533400640129358975586572991798758834417393173
30 -0.4286869909801394578752509307290992738240407372630129529147748440881545267158270396514074488654601873104326605590675049234430485514982570113233606054
31 -0.4393481671982354473783148240175244247438775234173903674515551446919413121198952250627403783147791959278024392389229524075948489006314486537829979701
32 -0.4491348217447113221053616247708161532996769735923856737436202984293704691311992628648128390763971235410068137316525684036098976231940478872798212812
33 -0.4581373037311188016976142240830686462154281352713692144623780650435610296821359061547291453224270980402214811043067895510064872461870498869627317637
34 -0.4664349400092305070162373158705169308475198920615867239431330368765128078977989867264887279760160433011314901736943307180743295862368917033212311763
35 -0.4740975583883033652090866323555044354222283786669251680880880434148420762721380891318401545729040438419831673371056780474031568567468017242204088861
36 -0.4811867793492042491296920980014460389987651056758995992789427091499019097759162076385306026646318211253526200380225927482794004673412711365810443098
37 -0.4877571141001045610899385987377797301182608982045462387488695882558394329079712687301502685358112519355198201418785031356770558774543283726769884124
38 -0.4938569002712231039656027078885591548965058513495322896493639964787112639562358226812513591684469802327177679953929337498078286425658832851985325668
39 -0.4995291011878877909817602500848293120734247829391405910543163798749301084110212871168761597295500444335224670808428531752229249011214740499265325531
40 -0.5048119902634422615497597724198042148566730782286731916149789388873538607711224589419273594563139955559524310020309512675218889831338281156073467978
41 -0.5097397384361802764948063082860324370007920579888245501612317279604325082853938292812084778193159606806560114859381374474573976537290028769257758579
42 -0.5143429195936033153017422029915689728782664228507455617756691559981086994025272150267795583032835244292009918072082746655273509850466249956579100626
43 -0.5186489464667534075368211280776047696195953518950359923142441301856787389133073513327585937401933175666295717772701099399029445570478904150625808877
44 -0.5226824474430065757768088483946254212639631526251501814623695831906288036036546946293293832735773491415267720869488507673704051046325717789003333159
45 -0.5264655930609047083238574659920357021315545231886523079387851364241416043990265821813481935386791824345492437321582571515227865638929372453087938516
46 -0.5300183795528922508611800219523112687920951915234034259048314912628273277597072492971300521520530647968766584887087463387649247209598491438912932649
47 -0.5333588756402174859492716242471894452266682707128683230949165586847229594250795563112731340035568618477881195932406970480179494804271452614418140175
48 -0.5365034378170868611025319099032179912502980358731245468842474418449861354756419669007072845465128155172308568373003368795250719837380343529966038777
49 -0.5394668985543410708977194619869921429160806754788520691635791779391087194339992842752141631657022328873510829930554999897565078779827840467896913776
50 -0.542262731178547648458193104634854821027804143498662093061893557996078973515122968939470225049264113318941571434608096922313212259271901778667969453
51 -0.5449031946176052630664284978461770856269575432995800794573957152101258044220695023721744980756500349736660313202040021434996045401927253781946750707
52 -0.5473994607299628037694882290803868809591236307459631857471922123857705052463733961354419315540878931127638123244909671051613383837564341847816415617
53 -0.5497617265359529719949623640008181766460940469172288996895159659861923566020319780910034824128486420157326818303591072975925123624704338489444114528
54 -0.5519993133338401236754795226422657171414852274507179708603831131212532143245590406395252862492639412027339218202611773709985024519874563721980935528
55 -0.5541207543995332643588533352835414967906518089666430626258503992174444319926646782807036995277245329800439164238226960522749943782008665612443588764
56 -0.5561338727288915272591110546043757577611499533044947615595977142379552362046001328645812199074658418710187187089645009760767089802750950534089841547
57 -0.5580458500780206159907903430125742791980055420067194154586201612221701940870810271905747234457849423379136244074831298454440702554249749413989240975
58 -0.5598632883840199171771476533014357758113059830431052459361088227752661248032415388016280082230478533379785340838960369794299105751006246898899975625
59 -0.5615922645013930031809067714178179939509776076009499974729345419137907116959917493780866301088851950111398288962403052710527105663759021146760421157
60 -0.5632383790637081684205890370967085757740306941939697594106220915437700121236982725568636188692307011168956884493645953332837210249794578769995999818
61 -0.5648068001727009091071339373791862202473288762750001536198938953607049593222796529040285172095646153931519894269612609385295601024434783086501736106
62 -0.566302302525019253029688075703631455317464197969031928077134556693574832109325544112129879445844810895779840906731888966710245979893542827851895659
63 -0.567729302507862247849028858131105764516794930061801593078669609007690647954812032804987666764408139076352031793370303558278960700873735744150446744
64 -0.5690918897268726644602817188167193922268187959035258445412573045405817516891853104752881464802475233784993585352338443899298754341453990189817736596
65 -0.5703938553711566126385940049884937975376121301625425030567597539110999232932397091765017715679456876540908001062260238351596635461339252876959804408
66 -0.5716387177698194875401127669911114655060458797558654998392557020468928145871712543478531210462841916927750802241018906262349477298186971964766120447
67 -0.5728297454507538769165898342905211979536337843845560220993285737520237767773588974324593921546601582092048429530986752682716380318622867357140661991
68 -0.5739699779745987634863826240953468396376445550623957944293417237191114064096595621075152498520150213016689024258583142151415209693915356920298038434
69 -0.5750622447839719002269297077964801859087035296597933709633584937572294772319702577052004478348045581803455684999507056705714566200034102465585374381
70 -0.5761091822795482757224262733901143368061252751204985410096460876379669423121243091177098292793206887743890052288767470594027928475883475416300556986
71 -0.5771132493097143451752890279149479065494406528510373130472933533253138847024874107797773438787535000800567477824631755173055578826368006100956767724
72 -0.5780767412388577432841715263733931800959818169381180571572393326533331139483891294297225991986694007022155359604789362271325607434828227569391333541
73 -0.5790018027404190925338297541175621337412354946481665503011024076632337897670808822126441134826188361537279150924159314016716586474082478225141965292
74 -0.5798904394442639212301073642210398037691470437430231920941335018657657330153023961103991902196927417250679623860173126640146285974924997028932215938
75 -0.580744528553410361818298978059404604667361888612417982835127403671942910859392956903580806219979740247728756453982665761792592369267957529293682558
76 -0.5815658285323997340617002611700863081219329295041385906349725583041512804334928618033412515637002759824208029747244143478401627341266255499321105674
77 -0.582355987958388639930210032098738967229326172738129145318458189444519924382985053578253032546486345337120423547944730941936004276980587990344109992
78 -0.5831165536161720460933280980852966335175351232726003929153550119999651325367880691249537970644024708651870194464093589860632487085779203990989656504
79 -0.583848977909644246053510384809362200558785966167830934446822548432846108878931196451618490584076337155516331054658252308385783673429253048438889796
80 -0.5845546256545196705507343307746720107649116560344075069342005997887132824977032393590505533405539058505357209337882981172582961942078257840486371013
81 -0.5852347803103396983782592446481295110491500764431061597457622607944737330443037906997098854063453106536130090392227409233451714468375142011531704563
82 -0.5858906497037737521386180680032629341896645950930521425343896747491636028233330555984569243810570628745737286307942287596475862095303441811398658144
83 -0.5865233712898867786827428368174279036028134184491731602833391081278226537750328580666159327140526572906559606080940942431660358457477134136096451395
84 -0.5871340169933072152407725296814206381395295791425700761189916722739585522471463526081804696727231145682218543666602528122457231815398104222964909607
85 -0.5877235976670171993162674009998543932490904555536224041104328684536274546907352911523843506047360339882035974147075515143090443141434784912853148459
86 -0.5882930672027369960012746349874551318285099356811347749989330253747761447705782610866446299292904888543357327280067239215394285047009934837166126152
87 -0.5888433263235334195674649865491285100879455844800676507584641522147175247284324106975468927131349649744284207522923804617860991267757938933518699489
88 -0.5893752260862994574210595225923311221648741369223071182486011612009634042618440750483725784747764679051245262762556209974805197492118339679061299644
89 -0.5898895711190874625080511402583564631364534020822654795687205383051006537108956419382414262846707635909722498654129217265975404959414279495472062397
90 -0.5903871226158945062524734392764789024616013012771540383010961966892239539009174305920255398486522356341691717331234988976219315554050927362558677925
91 -0.5908686011093636624255609318739346248916666987238865504394257183082169112949268041741762624256989525410436511637502651006907794945940194028309917673
92 -0.5913346890399509498756122615699916806506476098542240526724728560443320934620482744024844553257972721656991368389741344094980873234309849794171005039
93 -0.5917860331383896519113625743172844632701730149539415769230911300320812741305712992012982209457797571874641234586195879777121902068723420825940518122
94 -0.5922232466367399870118291177667328864889098172513210244714421805380979369772090642517147211484045864816567628088241156126963625294672323788469272807
95 -0.5926469113219234622559506586586687992341245753988862715567638219143395027357866115316127290102046570744942767748356032813834238998275493157397142785
96 -0.5930575794443907972688576787428703318436657750283228645319398871012103927465210357213453402463966623966009633810185368564129193228680356861273705825
97 -0.5934557754934451430978076671644541357192960792005599814630001860720466570106099141938056537743248680207250321588632724739391915637374225145345642204
98 -0.5938419978497252505314824481279880878836739702537749266157312657565819183085124787619053461239825494774136378932829807411346683378458300443623213905
99 -0.5942167203244345969852722200559196313169258391758114022518925203036898839867023738140891239479506760503268442415422731545753940252749649857639627942
100 -0.5945803935940719223057948375112491648206493152851212889372521385522588373220177107521423331503253327219063477726595077888521204883210832243821159679
