4 0.2362429927755072466737675168417331331762454008696975360924815010533117311488561518831819580884582011224
5 1.00531838361282815321641217014551677718882265749324515301754239119457429336271592657971704170987431906
6 0.9865171522380172550028917243062229109919493253125360236393423571581290418188528014062715094734174470875
7 -0.5400457416617826775598358130156168706278704513577604908161252422849620427801955709973010239797297889833
8 0.08123779554809158414179230765539694031217106820479530903005456963616928816918136258983732932843684881966
9 -1.880952930941508601456376464308068105420267495209050727130631699094709566495951784168527578004293109148
10 0.6047739778086095029641503377268430673225278423876614266704902445853976914994694964853486852376032918271
11 1.347060740503450597227287181873431560951219492851696330894598954597920975913596811684269052491124543428
12 -0.6100764679968707218285564809440379937984334143808009975581921129323021807576884265326357576926004687834
13 0.09470889131055626396778902393004039054378291237827036293500299638831267702836761368429077840355404077284
14 0.3594879429137698273675617286991042557789143311485762989920445462574630626651271078743320557466213553608
15 -0.15380394089390026046723370554799971747522843933211878540936662173003850052900849921029761283211881094
16 0.9375947385952877865624085601818605064995059936956931443792278798736592523205941152529040941842789691089
17 1.118467033639924733998225128207777509273077450560108854271119299302555119209091602936207253090709176803
18 0.754688103073035628711923483295098316148873245264525550272066305494451797415712665653368880083160343992
19 0.3702889309329238311576815838670437749385719607962542445926516415381761068047104655094247222740170149975
20 0.1397247292009601774508480346305103505578021965353183108556354600282770551698077847647213814503348105839
21 0.05584216852022987391876468637491993002043916139908800085066123423298289247509861219132701391738802175462
22 0.06619843505829466488936372229529772876343233823127951074683792071539307950705115581823557297870653433272
23 0.1242560172912991358292744767367906809750897655971383044446956359257399651028709789395323401653773987962
24 0.1996472095102408875450690254584026727953782282825576704250504455110386977324825475461631441639970223129
25 0.2755319272009785192590629075241149644560355990401343945323254565296587858757761644859372931617840923304
26 0.3438870095016841903196587716448392847510453663692154027462171283485768787922969436995011627339539796919
27 0.4017580994677230829530812295240265491194192620502946055824206043698046374610682765463321829200307039965
28 0.4488350621345312944753920176013719176798134467584171214686462405615386752801861025415838384792027200914
29 0.4860360594342988464517758709026829211525625924445003936508367048222347627868827828237040792393735854015
30 0.5147375995336203626721541539634926168074971046482174624099266439466721832113426520092477039896537093955
31 0.536384254679216743720878453100043176956171839034386210279137152650831621493562072978723933927418120458
32 0.5523093338469924378179442610898130652800120402470067000434693665219815957924184647816152320939147176772
33 0.5636671839154234530429055863767851817588577929893197059268208081706083979021655166898706620039391217407
34 0.5714212780023503206780435105588697222259660370771058429992694644372980586111802616019767135279788982383
35 0.5763578267202369473077094983927397882763219369928545077137178655380360988441125085295638197955339178333
36 0.5791091196006504570111166435161003469343370448432075848990070031633318751095971332272261408950797260424
37 0.5801787588384813991450925154229401529435369345519254748299620926935327793097104002697518766731107480764
38 0.5799652035017421298946376306544330489715069943747396369289478968281748369966742253489813199797610795622
39 0.5787822475246154181164566753879190622671495882735947593476626418542769625576596078432561000072725808541
40 0.5768761457769935252095958611073180217441739526745747563355166644606613575884564029308018756770566306241
41 0.5744396012965467452844725993887058557053594824493849308551287416005461815047952570313198446470770252837
42 0.5716230197679144500211704647695483701855241132916888012127042058910003326107382572284069164239053592852
43 0.5685434792069455211130423192387396092014996114775027045610702131921953168854049431036747491342842882123
44 0.5652918355051628275546871745543926514401725019849627265727959671738266750871741688354353457462265567024
45 0.5619383302741422131152074840243914530206603424473986153058885530069869076273008538951582991557602764951
46 0.5585370071896300790127238331959975125500345498340426278771365864844196664172949000722967921623508636232
47 0.5551291863465932293078232581755008265804738379832710984201056131206447830022330430144336101034958120714
48 0.551746196740733370008741361661856593989335686065251485096278533058085622860218275065902262865701244927
49 0.5484115257456718857142322953830569840844995428714104093189127013422604084753900709428794903310500882516
50 0.5451425108896311013185355135254258554421989140773187621762107133699960094127283296775099109218360312917
51 0.541951672363166725834818692817711349815207559093148284596121825544081344233385631571409183328414517462
52 0.5388477634017484132412060142301199298335897427313310447131553492961367353469147736086471002821210591019
53 0.5358365989377166875254795457335599300888845239530535473062937220110530259149465242599338064252796166098
54 0.5329217097939855551928524241645338456539435970810115054313478486811654360899606321124981196158671241049
55 0.5301048594370107944470869724945288839890629577227559262460337285416458318762997290258317893640228032948
56 0.5273864523023279679943215550016071267262616078084658838084325039292994900166139819633356068319505028143
57 0.524765856460372599503170813030459096550811681900575350828384591002499707950429948220128326353473985048
58 0.5222416585151633435368582489727926952065303808103149285850394190494724862573499540540349046308290853415
59 0.5198118648197697447123337991487686751058405751771635645504411034412642556811768418074843515529899904052
60 0.5174740601133634108941215744219477556510586669431620950734962793056008842244029689040820631934989404881
61 0.515225532350928466387554100210516999746173308646028080861783078288498054394646153216225323409858985925
62 0.5130633706655076599308398807381012120709474400076723097570509011926616147940535643667357512182815301263
63 0.5109845419633909788807664014245460595232413856919555517085198825845220576394147376444565123997559491675
64 0.5089859505189896153944875140878459408422598027557595833026921513448951856708895036128876636318366186854
65 0.5070644840415983889882386008786704573428263707254370097192260335268002711134285410052223220068260085776
66 0.5052170489790314827745257865264796237047859873411972112087253630888716709054711414034403165085369664988
67 0.5034405972629202319102633201092288824557513805280925991637113635670267072360410665805013017019934876581
68 0.5017321462558869926647607235528226862146968771764138989078674548487525647490113895247626878459088937572
69 0.5000887933073453732234873757940843907266407390263813430828471948054739671440044342613912549169054805191
70 0.4985077260431558883867076541772478844524608161734893844836965321667844797397203770020821352312900146705
71 0.4969862292897669477721798152209781435343084251336446926648326515363852404954602120046103823743514777414
72 0.495521689353999880869344434767930481550769209865524559490312862940078923698252490310748599596271468431
73 0.4941115962360134558156844267269140702940391758041162812659403102958908009750385944795363873242324925452
74 0.4927535442378910448506622509551843480269520476423203869200626356573066138219690369558585527579383264234
75 0.4914452313379509463444370670049563880789444976287262409665270197914582625166730438567066175138633488848
76 0.4901844576267100836258665628213030788408035471995492904201307280051717991714570064882727434886712578001
77 0.4889691230408019179989083389633231448997544104296082657377081015801708164110495184363804777953086954001
78 0.4877972245831741390589065609833214292937583956938851749031303189763048506331240518506148453392309243367
79 0.4866668531792712040015135277387895694663624814794362602838421442433701897443875806115361864683532502723
80 0.4855761902878062042555889617441232305998124671384618862621524285645680974371470522732533540145011421762
81 0.4845235043596788914479803810552950839216251503733133909693420429771346887676990659017931411132946702267
82 0.4835071472184271176494158785570534499802961175030628429034140636088592433278008467935176078960680261344
83 0.4825255504193648760075572548511111650819628461995340327106659278636686820481156689895434261506994371502
84 0.481577221631504153321278041244132736829859943268845791482608641901248827837983274928061857813708552126
85 0.4806607410758703479715552633608606870148471719202846207911106801322183398520909649072032356634329633496
86 0.4797747580454107497085968095297001442917812360640139099262251436240885603346146364698426103082313910321
87 0.4789179875249659820968164858540271137780343739935637053990726726971721422990222885729162692917529437604
88 0.4780892069244049182103244306726286853009138682611796671361765028319647521308542842156387951963866019652
89 0.4772872529337551213416644476830461372497257119886226967984208580923713701233996996706431572926276115799
90 0.4765110185057833378683206789326874065648907181074852852269243300388761969145339382269902666955557252635
91 0.4757594499688237314559444033307250006296677318150539402235338885294308158975329754130880122499158139236
92 0.475031544270577260093692245908069743301457214658970000425548817934513546667715237162398894600810752473
93 0.474326346352001700205612618872983661057050599023648816816948773604457877643953666394894230675218784514
94 0.4736429466491871966722669435251534558443425226643348032017547427197619074682683379228792093243377912326
95 0.4729804787201928098773785555322068066576467802259618822896335480195391392835992345508658684184955354419
96 0.4723381169931451416129926953107055339985192587345206449700363722406472439725276353471714827778209332885
97 0.4717150746314218122779184972178611686818882268392990115171407919683952933399015561972378618899138425292
98 0.4711106015114205545640936287061569501513834431932798176107787375439756255720677892760523420066691604052
99 0.4705239823082166647834661268440986543122555044434820314373034272912313570010408936546936616989553367977
100 0.4699545346843112705121020862614868748993631245840585630875415785405585761902770901630248232128580338857
