4 0.3307689315776893994679380675871382296522646950958913149260889822636438764541112232249755826095122844614821038910876781925355940202114063088579029
5 -0.18858291013975343224562572921965685095384304741063665210738302673759947404859072712515300849168315685678592155406940902295815422226401015088309088
6 -0.57284896780450422263970530931539528236472837628663874891209871137854176256540947213081255958656324209733540536666816446774266579075375956999881821
7 -0.56530872454443722911152841953698789594644412021112005469097548029058832222228239092918566611969279218784576750045007773531264748490036061634309486
8 -0.45827518660209909893787218048381531293421496923325228522202680184148660096362393858755407264181667341054507749722066830487611262599275343624893662
9 -0.33817713949745334397120767816330749876689144813488428279824394403682820891797310398801402756854876948414039115598072291849095461702467257226712141
10 -0.22343851917427989092380222474158428924995837760045764162214286536231009229620568866784176986777487850061374554442939559747723355480983953470278489
11 -0.11798719140008226769227453843970347784526629995094381895737854197999092803027722044158793676015289172501150725042069619464717355483643762242392538
12 -0.022295457914639483247697837614658504900284081190930941276739969150281634478620210647441875855493510388601318399520340709084917593906558802103194158
13 0.064078556453796726249102003937476813163491659312088456013949416972635953041152887602799367506154119336591246055491662106253786749906270700964510618
14 0.14182729573084484823999403438687618722186213212264625395722919749863488629868922344293977889426505175470865088437331839465734168650005747544276504
15 0.21170300752494100973924839944115619187579703556680616875045990641404369332710216000121457891107648831248164531446406605169430359870038891542392371
16 0.2744542184399826520280428363118988472181195511600990293705632473523073353517900416642525463473697308085115241848755606998002092579642344094634927
17 0.33079877552730553257310397374955268959949856532377778135741068862932518208972777636125111825459088958309055472813809197226461643662731969324646707
18 0.38140963454611318529983133623561332216380230979610002281271981839048136737293450321827831922242972996172735886893808431784460262904432802788874563
19 0.42690709030470890084517833500027345288366403282089021135923967844145473808454031032112022200649725973357202362158548844184531885856205562097565312
20 0.46785537891629949014499209901378920311747987465332673841636847455796513789611705302790379512338328405315570307137441325087276321545386969432726936
21 0.5047624730355036541069795485981236205352854551876630820970434782699609624135193029507896333572393705430755204448195867195471952867530213054663613
22 0.53808210374552309466115862299660636402470440705145068255317235021047127811522573415063152065830451012717224637877778564925756503438544086999927039
23 0.56821719394928752342186637811549729167194018338527969738890967631650869908440502637874150966028422590497871461732617898197157755517412322467683103
24 0.59552406214184761887115516827429812846889191850635880654116495975812757388050408516582907543999842322830014368448210925745984120175108257798127405
25 0.62031693009056906877141942929969912749322903648702550534353781950188699844748699012773988020752104249863512931597853565041430614026088023147140913
26 0.6428724193513541154731793605711126691479101792180807845880766103169747783993486974083648740870346789315786911830856063004609885522404308690805012
27 0.66343384007401979867967950715669281688248960371459671480891613273061743794387379768629588573306492211532686306314538501723648405544033173087290977
28 0.68221516178510163341439219825227551877410923065088721484322253623607040894615599966038030454994955340485907539690517105097069512279303867813082428
29 0.69940461502163914954666532382768778330850904123010806188083721775884306422254604228935959109652428110037966568291370605118183440509665611064229424
30 0.71516791118219604846076662112706772987709519617058018105486699517431208027743284111655517306401282884896617563201685264461367570040952652367939265
31 0.72965109155157573605127211500713410829050066269722452908102278395961209934684788442508610615156722041360769162774973629273114419609417402566853864
32 0.74298302979090861341040737123371329734864032406357753329562485662805061020725502782314072210186968289759999657696607358967477648475702889631488635
33 0.75527761873514937352805707674119820372631226465719241626178223757275152074211559301241274913956603879150493837094480517151081043912557092028551357
34 0.76663567457556470900197802812408624138316329010489283336117527313858788194904343822313371849688628463303746464104325145904056710146778047316520617
35 0.77714659112228724780286930561378620020627617787549002118589302446308227825651220651293377896115998454670222163409277945045506198902555159046500734
36 0.78688977497288489406899585627462027060518897615148184128355840221304173481636361844477959460317169454929607791411419938593126071524432588516520527
37 0.79593588979046509751563197221419760432985413150883497593585311021832111640521583546079388721133455681555468148490057960521997877026829768444436592
38 0.80434793497979178189865718058174476213953898882387407737601853234763292672238896378822907939034619534280660589045783522165231224502661700517692165
39 0.81218218112046952789086376964033142185107786194028250925406046465193944353413290046555783533435516968530032801849137707288555625027879685757569347
40 0.81948898173112687503774854038020345752246789184664517757859993292579743559828907521383015954527136635251771955057197793128529094110381612958807916
41 0.8263134783797793198501489730756391352143242419277573641287154829651442667375362167854405163748442822978203007608026130979251371034630543617409919
42 0.83269621385741771903222537216249555604085734377083165112092567875272205460664993082855095634908316946732713354927632435982918872692639567059844093
43 0.83867366609975367277484520196764748438184886852618931860543701798546075467532578491670956139294188040187498329875873942073803307223272190582356618
44 0.84427871376484204361095945897600280470637693543286785136672065658614174013277605357583309651819566429304131978033394115693771214874999280954244729
45 0.84954104283219783919961608349758476519526137678873530855142871849295494505517563801163356721372776361535505883153907030368110157092913377223591108
46 0.85448750225844368473481424358979303043457224717990453797007450849918281791261091646804268024637266200231433306814022509610622758931926984144018466
47 0.85914241558103208365493949645555886650813063968598273755674153718772179773296598065172119100668845813182379410056340522995654921258760412273625632
48 0.86352785438159955576271338368456092735468439302528481993704567023091415715144234709567744943645325607410864723297144807148533131009616008247453975
49 0.86766387868219342799584432511446159686766508859712170792858054571658948533503920410833360756496308059665827078047252311208122404607618146343133445
50 0.8715687486312894909318697580888113711535501041797025226103618606834608762231692771181659496026316860591182542342184241463194066086655155851385434
51 0.87525911122477878663953777165889963409061954499237940346707827065360230597970548048197711715158786334733453230378280568133148371443273591052492494
52 0.87875016528473564155844465094477150407341345634201599912500396988883505102167595238395193640905616876987465140617183278180699546240602356395751856
53 0.88205580747262404382193323174250083847097070321851441713451686114289909912743020267195239083738082634237676944493500444960672349125822671841039752
54 0.88518876173234003508002934328586332497916847967153165761912747586665259040960606018664407137740933683921970655842037537060740429069879106514902831
55 0.88816069423244359371412637265745516990311629672129826210527984622218707991577704827045379523659708970809076995096478836855869262686167709793642444
56 0.89098231559785208283231837115959175569568711522014133503331747933859598344836306413472885332498415148428196410351584204933601794892791035075087865
57 0.89366347198213092208592771741250500402284681130985518247106491341861103569687482916745270677305467699214948939427513912444873612199927786416340688
58 0.89621322632636781943964183153433945577675745436397803250474430647261642900233278362441002930178539256980512992307554697062064324041941662481048577
59 0.89863993097440189011213244450849968273267724056493608535079614308481189406247248046582281517211034780821275489062290242803632808245140022310424038
60 0.90095129266261550416870648252822033460733082709647150567133623253775077805768966290366115431684052188782526965060806855286563359848347135563147482
61 0.90315443077195518089748350627192625406320687256874496498793563080687871525516202673409393140052346496164506402684910660188061078585930235635474634
62 0.9052559296172518432152173547177234003306887771801285150265649045742411561228198696381715470508236444901481278795185134106385065279588246449954433
63 0.90726188545165156995711171450039756623907475855905098611166596803143889634061854572974983922857948249763686562685251934721590531729566731078608377
64 0.90917794877983221951114409131315829681511366114166719906127304546185310304346507649037303170641126099954359324469843434068499418341470821772312709
65 0.91100936250078943187911727590018991370659452763188697065746218827019218274068508239997902674357424684829984486041398313181777414367955770157265412
66 0.91276099633773010032736752504002960859188568633747381309645214098773852013909664165445951879249632004263650429852566990702209845576303884886897512
67 0.91443737795765332674258397771972207454958864285965644473631341240069113232977265309118809684142588380660125652184535289166530048292477845994287981
68 0.91604272113537050759624063400818747376910353626466987670016186797782458296108706232937931640211551739523728395453477464417198901407532787337282445
69 0.91758095127503035063827215665420168319172066285656560491949508988506209939756574903227316794811801123674326006900783387801810111980337744673813593
70 0.91905572856582840193353463857986164574013793710975310102567067168969263299188223823046783640119450737037558440405643895560707820935023274638698436
71 0.92047046901677344824192689815775267114806956985903876594188382256652923115219806081074457408734775310974325044368223484438595657754145477122810423
72 0.92182836358753804917822964578343745893842355411345550914635348505970004800828911600692076315985854920740296273513464603234609950336791227279299843
73 0.92313239560800862077818842534915288975928897451617009155234972031148871115775393132824455810956577278482712478401896083267077318796418748036819035
74 0.92438535665771798939451852848067434843314562435360632883092557337427081263203880604552161913860694671427825933727608238877555027781872296632975202
75 0.92558986105749995082381894079536000973163640095515393016888939307051490757440907564191170381909723647384771180798658668541326322057785320841102791
76 0.92674835910911521258108974303602938956067606486254532915676216603846232389088868235257446888994353926907635716598474802151281965616582469574717394
77 0.92786314920397162961873151400387800342554845279921564869534561744951160913672980657716671071063330700046775157703894697650037853512834564773819045
78 0.92893638890914893590876019159982554772676735941306430088513501756651797146762405519640134392065818426742437334727646608304870715282721247370898044
79 0.9299701051275231852942636336557404482343872471192477391573533982576957897628286405854771160644053030710940806491132622589630883166713634938728224
80 0.93096620341868183809983194165783344726257212232318744151851033559986890780650156503152352787436436122510021572015141471224701886885021027446706577
81 0.9319264765583647668042259500941109374140924330342528146100346997691883312922049848246936799909771945302505900462241960804673109984138652171001649
82 0.93285261240621870407441923365449106300827108202604428045744513872674902890183432961320172300122621402684644469391349825021811353693016031665035302
83 0.93374620114459052595365044970301482512716434257864113777743082156607191537830291334618536847971894525870695779001530626258145901793392403837208329
84 0.93460874194480181365262789624533712919090464024778166173196354831993292064038825191953946667421219978436714216245336670221259594486699772549818628
85 0.93544164911175060677534340012632854819557875843534195928248091145851612516956558410878792325890085978516574544805371865869118420650500653948361915
86 0.93624625775269519830782169823520447016058463872131698962283361087701048185210384527114010880442428581103111016715732073564020894825923121700167982
87 0.93702382901161849211222637946438388350555355029996462885237564164750066745243888078371258315682994949916908257983666883919250000636243179973080441
88 0.93777555490658795824244621777112080222266776085827566120364345521306000148272692442164221793266091818516553458430903457205638421468857082840397509
89 0.93850256280396136233909741671034092386651093014816607223881264041504704368507263891929517033190089640437049006679090641525397721491268634445315944
90 0.9392059195600946552067992130037756574304254739603089426217598941509310133049549743993854389659889956341497685838034618351871080524911624798290931
91 0.93988663535834392023794151266067873800536474585136036523487907693154572037516355712781268379785507578495809719636843910647334510367679468247265874
92 0.94054566726658136273464740302483270796221078428231174391124648259925842773372021541679647578136704520557844712979151706795085194529812368728272198
93 0.94118392253813365248580865040514373839539500350489119271735711575060273059791866800483099754860500542644012478766424690094912807243465476600427017
94 0.94180226167697099883921695886185131631046501133370761299081147955162226441363755474011342225169788384286315756352193264135292134630265974511476313
95 0.94240150128610199513975570309524720059035187310904421992374848173671907809315954964833448937668245668916445542030527181077639230377008633788681082
96 0.94298241671644029608273522794764145006413383973328800414534577105010842125019723412337979487662964173501574628429429599087112171768563581086769362
97 0.94354574453188493289184129346489979380195388698289080201937413970871235478112202451754222637686617470802308396309333290074288753082899366181019715
98 0.94409218480497912328185539377605255283002512313638005720619654741604716846045416762899786297164571570425170419774640555292420666727706260662594141
99 0.94462240325626736753440577271254191422779375708594943188198517937161988626899972677820835179926908012839508989600715542920654258203585868332714125
100 0.94513703324934374674003685087080674420498914856800278599346322444390115251482152614488329728838383591170586424229197264652676739335729299988617439
