4 -0.3535533905932737622004221810524245196424179688442370182941699344976831196155267597125968835819103931837534615577280742562312090139626843031610307
5 -0.9965662301298855611871392939543431907274856502284093152696545644112537713796990020110686265702968560387917061584603697658475256441287257999930678
6 -1.08866208270944841791279646413105347416137482375733263172802676191451807418087880527381494384839816362516398905858489788166213176701507522786754
7 -0.8775029107220920787856157885107156691415547324116062341164860427995898896979060576678004713718086433696883186016067845761778476067976111339028253
8 -0.7165270757507089707191377768409606510947907882845480006289052509236833943079732138337599531585449892285721196872152385928803786846372634038996578
9 -0.6095577288177980458323236641576854215227176786779806268675145778345936856898840698140075797095187553909422089070249675297083291907343300165340512
10 -0.5368980375755738678945568495975155952714356296863551746239912093094731534888638166660389134723681114736038234816344336479620241276633445438199796
11 -0.4862665011448384017428589274903841117193074636273257742580735553238777861508275199433261264155758011433803260882082938648465658405256298639481663
12 -0.4502967403416852724356353463069709106595778930275429625678564184401277509773558796006000118365530073444252067768040165128999911296689423661529057
13 -0.4243625329216137583152848837002575316143277873651124967994594579934227740780693349144861407528051744857139024917500115781097838546330782257372456
14 -0.4054410898544940843799589414974420280355496041477090129911933375529428629397372162447338857127017023753341422374572263816966803278161772034325949
15 -0.3914993032750544898088033778941473920724566464505254676546989771865894164654317358642530877539766219553594984126414965275419168351674463612634465
16 -0.381140109379626354907098060244130676980508703122243180044215783836292485348979569905443266895739792047162239158150048801671459505514791660316368
17 -0.3733874227477172820038507909690314743583878224519195341475945248307879118409526138207019065061916939883468038053796214829470315851217593007765333
18 -0.3675499515146051453401970717231613838087915285705809775885751514633652052588549134872082603088153095829610308688122359160682693643577536173218265
19 -0.3631323617647695662242227853953621975564304109084460337283258622977980603517666498370919310919708968344592135077365956906933513065225295169765059
20 -0.359776028949565847809676470926562343529359663547503370813267387901464552429328328707102776357200800387968404810990616017009479193756456401598444
21 -0.3572188378960339077859340677813711671133704938090500218448096359166688262846403586824405738306051079745322267741101178723548267147961640884646074
22 -0.3552675244100922548095556065297401591735875844987789474114307459362508260926016689531953728811122195732954850930085243743593239342295563954354343
23 -0.3537784185061534894104590388212824487668315971930395755738989848694626332608172857289701841448228922425456577862436018310605613953447555823083952
24 -0.3526438952038711882021119242080366583145498705481826455606099937982527825911525074386663281157609828455316003351796423556020276650673929843990439
25 -0.3517827489548836802550941764154830739247056671041555514546447761229157777774224787696582434482546183255339626853685806632580062149842257233127866
26 -0.3511332937544110932932417771500237711289064816617708863179113044995419528271541442245489068364744428878244567342236823384091799967949351640064843
27 -0.3506483749381935945993270038457995061866448489564668505235365790964664655026207253301797754735022102396026288613415192415230979401053593004094189
28 -0.3502917337765142369984341617619216487506795607006294615332667745546454189725279699271039023617838152700485519873141657144549166377187004121833972
29 -0.3500353374881135132338533118965124544633129341962406176080321590980918524366156121718698535151461914005360048964688985461113447703392655675662703
30 -0.3498574037964293408375967436163157756011189896343111544412705910455750964428699300314114423548078447030836012249884563504593482269619695802671713
31 -0.3497409290259143737470908477141388846606718084689421592923521568498768920523367065069730186907399567388532011482310887259516333554979444066887135
32 -0.3496725839789868985398615238221439727065346278915647704824202230928015971278465588613864195907608625352126622687187171448629794609986533640371234
33 -0.3496418803565325532207206008876370459210654799880801094154189222275939998025725715631642877993972516451636138363571537634539077521732943311438078
34 -0.3496405375599472203899224644404320091112760149479266162722001468099255624326283277132086067576203603844815059744641526746060944416865095828320232
35 -0.3496619988869462503894219819055004478576731290001552455963198640415084823373684479315468704349725429890343495599802384624601736959991727416424903
36 -0.3497010598120759827301020134663486116488761445501994730370710620717435937841249547485457726659552964630800619753123851963717267029635107809092447
37 -0.3497535808704396614228142773828372321438275093709570023376804828367157937355292507498118219723512801058571385029497274498580109829035097340142353
38 -0.3498162647723688431858868520059966344957844498765958758948816246663470306764907937657344840319172810510290137431108890690607870326933309397493671
39 -0.3498864825537281540379280554594188532586204733367838927635859364507718994342513555172103666312732184939309372540143986458146443425936451344240518
40 -0.3499621373606454572351689891586130372326409906814518096704423695195921106138450129969596377342831352676648550585620259578183158884354206557430711
41 -0.3500415572653621707817229519199990393098860518777069590644156687442699862964864385563357754332432986848469887048857821641933686512520500986355571
42 -0.350123410585541994535781818459164375267990345775960050453854615273746941256258669465084156954307269276928296850119098692557333637354453332375033
43 -0.3502066387281204319316571853112142133309422230695207657963659262869217040007016623024497697987666466819556775166026606806760466758594076320517174
44 -0.3502904027408283402849034991888329528806579123642832246964722446294304400566888994913107668670231747260987670119213770550278996238333855769558508
45 -0.3503740406311258823972398276493228785740139054361123710639680760582268166898789137019707358947606307871879089080495379673162694440844967965270275
46 -0.3504570331769889487069973192420603932886274763421017311198538637251697182341798549163171531723652183243109811546363431649965152659999496728843427
47 -0.3505389764605404750432213554713518420956801906741426780690893911681513352273627670870021585398056039794043762647123958847053475560866071535796014
48 -0.3506195597434044592897667013913501974407072452766134914657206925004825804159456610451567711224663384539818674475782022702278766477812500274909727
49 -0.3506985476010577623743753168478461195041519118382551644349725903646049646518985699939053023470510320432740881708982609908449859919840040587224547
50 -0.3507757654640352375225769205025801081060850289976527423625335076165399403241844196838587832811801434424130237336741062479220540916154674565828264
51 -0.3508510878927865215447384202811249401745370963845474650914914112453066552669364891627957405827122030039602989532213449833437151329249161124270633
52 -0.3509244290524269416513864173304347633067158302621871801941706412519468451235933102241808688880493522947359731568390548930911358372055251656438737
53 -0.350995734962722040217536038280293556252490006533078230229477039261163856363341358507624474567800277396023965502585754959632869441327239516595505
54 -0.3510649771843267673126072753977922982858207345158839847947727871884164733324500685150706089816293269777023786216733048554446638218613679868693706
55 -0.3511321476698402139251709893242132820916280104970687241520080058803344007348355216509205138115007167013337195805779105690768302437368757096340535
56 -0.3511972545616648548638035861481707766434193240076979572098758544844696381513591127776229872178285995300757090473492795734535516833380768622704341
57 -0.3512603187610682088346714478411558977465346506803088285693021968969254754376078283952269022151338235717912419471970380476330786161749152833843432
58 -0.3513213711266175098996884400425851353778462167792845234515420794877306702881954633701417579496702491987786557105333883608358560448528275167560588
59 -0.3513804501871377773342552709179902265307709321964361501912481523758440189188042556892362027544901284579331971649849803826464599259950768567259961
60 -0.3514376002759620076858990863392301368391145363812566294741256994253085751996221832675195201281887312988293116736846176047608999944137039773917533
61 -0.3514928700106147788830662596716857318865313017253671672832332704083246466689182542056224581121501671699539739024920735729376408514744191169137631
62 -0.3515463110560700524196543203317144447483073511341063302727865941131257700249271866406068456639868082452456205558850822044323378296687681754258127
63 -0.3515979771210353903294707082979361080443267023324691086211294326172817360898171186598518441343014480532090909803586640820164629803635111766228266
64 -0.3516479231458776508220826186186197364434924799171073863061624942921531609439604164565640525070590598267047425361796581521174444641330229932745903
65 -0.3516962046482457446450480660669549422351816065759128482220849380072251722284547161348539141655173772987375181799515342536117939619498851417760658
66 -0.351742877198502073618679099398885464028345463048229229147828501191566247339968281842281921974205956275228469728474323079117532078313272687667614
67 -0.3517879960020144283767550734211493536225834385167809936841965816994388233618707444058728539885765094848576560041439878526051898840534526588740364
68 -0.351831615569398558752622038241548634268660769158423022874211954797643949184574442775638658229663128203829191416397051450687402461530092041391667
69 -0.3518737894591095979673797356734113849126910919313826497695077995947526740502380331723840611766594715787565243336634851363794985293245966676593168
70 -0.3519145700794953332664984327532049268104088999474530303314045443609545277015418941484128347300247142877750588722481335432028107210790471171570026
71 -0.3519540085396563642517914117584588654986995067676722077427041905247078858980670279443528574310632807291736517335702678479642188014174937757190114
72 -0.3519921545402964558757753825273267313947333938800085043229936825059947644339647482555137571136099604896587283819812245297153722683740544313088446
73 -0.352029056297262774690300194926150435939788226929409865444397145468746892576523317821465763412210976167329196262239948851687477561633746800386527
74 -0.3520647604917284308030409615238792979916650204260253996395123989546983788384208237169257542579135157631922323782776385238616118521143708439957712
75 -0.3520993122420061137734753060445195888485295522445337058119809931538954448335717201504340346721053668142375129740292631239038633880791049002767976
76 -0.3521327550928400789414861978543177854672797758659724425245594065391504085065754227577754728262460774521596988192303944798005541089088594413038028
77 -0.352165131018735682000835813562282065061629633900542883134278696918260791609652549601698868305541112052524314520893808072905554720900212096723944
78 -0.3521964804384767084026740363135899877186335074763659669527993280283207873247428132531444184475544841459050148720364221331761163739285407945780198
79 -0.3522268422384718897041421461374923461893312435975191103611967043434328750419079402776948463643225279180534719426150626443010480278193206492082343
80 -0.3522562538029804605584020796143421742438387992910936986701111641965376650850698696667010863160310919257254336598121520805502004371946130191716453
81 -0.3522847510496065405173775203094998725770654685804541709283822654794852799617533983372895256771264631176173940821766659139080545493088526324378246
82 -0.3523123684687351775686901058995245850285625394607120012478374234412497972839863415109660732269660885891398059063639023140384895226208132462105788
83 -0.3523391391658186772612308354522529813441511817387700661515958015829756116447533763380254500012686819745539864674903970869699878338220915587363019
84 -0.3523650949056183035893613992168453931897393157040492873541905422075862756889812388032216860322061137150022002284588406953902639001145452401899902
85 -0.3523902661576701468053165717314487318989661656364744618623960382944178678664638650337479691435808158984815900034167685876741439253193408216003583
86 -0.3524146821423803549834793106743603184202128678887174909928767294159771761107197313805964519057321197293891323657535672255947513784045509869270755
87 -0.3524383708772685403576454309477494456032443048508708076980583001712029390051952953468109996434926368579840202492581624044153423752128205017412905
88 -0.3524613592229727546523286170729045392899796422341974465714946357567898691713158416627193713646318385996153160580670254957779236280873269892577491
89 -0.3524836729287081058948188927686346365189657675688483188910927967809271156935044784577109252926689422764472696294879052475389438755938282848617563
90 -0.352505336676936467206757058511111148147286089795517441918697973271884985056488469208632954579915252493811082386162583423332037160299214564792497
91 -0.3525263741270589786233552152287526183292355749568454326576708072458005444321322087914385259127678150906406724315912138260919894872153077568710257
92 -0.3525468079579879805740451627187448893678848861254940926280631537654533170536196094228845865836161982807637874438106256345561256595234919591115595
93 -0.3525666599094921591169277753760642646529907298671239650559795871431815309916767382216037932298219101891749772332182772639233431044324411088849866
94 -0.3525859508222392975548641008137462832551483556596212497486812514220051865266085610880987390198092951180117842293080887697616943276373012655271704
95 -0.3526047006764861795938613786842655980344127378696783829207101007460475575730287510840874299596287657536196273426592187661497472209877488679636657
96 -0.3526229286293857665998318932496076339104211353169605524603561185257214695493695767848978628930436193831192044473014554899078341638709599802077406
97 -0.352640653050898522954271396497019176485437213523922891798315731870120658518227244626675464076111530029286820071983773350323744732784648124280522
98 -0.3526578915583083160697610596596730846754953164231924580750866566176537187650607239581772311543320538820106641642968602613086708045873589873174124
99 -0.3526746610493541978371210109479326757870127694094396292082903312603551888186412560402811535906045132572897497161680434750136427835329424162555553
100 -0.3526909777339980244473763255065508848498191371386085312420122128827139172704712525133020016560567063325726903532814742356153317386836085584542451
