4 1.82649918686639410168555316708210437029197147239699084447233549662746897507071469345057267769332693929452293809820427444948794764647750180069164
5 1.11023570476985174349447207355277963869312732870956862602879643712175702733455845186548312619845178073718932357359896851480132736717662734427735
6 0.333333333333333333333333333333333333333333333333333333333333333333333333333333333333333333333333333333333333333333333333333333333333333333333337
7 0.196591135075060450395899996434463786842520047982690036445582697232885164840435361023615015501747838765801152203779802190691515717284794381526525
8 0.222267397024705950748685917698584908926627852476675673200782777014865178914746391350560066422865662303106431603430740518791763250202130040864561
9 0.283505157562688114261362396702125623316865749986585744023469885400545023633913520275174454938145903740998757744468541086628317031761407945576594
10 0.352599469787483361737300999228306146733791206186365530882276975831887073173412233952947263743802580308734557420088476127107065798729290627643846
11 0.421715784492307790281271973318804370572682641340090750648603997350012615893265120732993403098659688363010693735855461673738558669903767907486897
12 0.488115824212899626260773826895762031044514917368604829824842561697847793389023593381884049307958685214458000385293461370536991311573052931072303
13 0.550709041345266769801835628024158919261523247053834105778680059482372518751704418791345578744348691342282758272629514864978178862917494382310536
14 0.609061699066835083845518141397983025030240419914588034860333481388601543610475047976141222867762690687038625269980934807511126955515561766254206
15 0.663059825575827832730682353415646477220979993519922346992481428646124950808369366123306998218119197318200767320586783171601289204287380187634816
16 0.712769703295160491964339408452337216051480047350556381391189503432018535387987669240516834452512135281922615625066762170161678426018202486932219
17 0.758365665771516184076186334053894407865994253600657655598762289605277527918923169715877780152914212375523160721266242885977419252373474282724652
18 0.800085484823467113240399044780238450137435063668973769798524081620310786538852289849584037798479216457581656981023727927434199230099251792943592
19 0.838200273218571128131812564724235303052640681404055472640623849219474726655496834183071369499517687664657250175947235165102951408898675807930298
20 0.872993799822489047492511837866635104394935847321592801265489167597392431444551567282630612334820487653223163840478147001728319333108246213661373
21 0.904748557655067512005128314947283071823057282784427923492825054083929652072295635479304313880656782395010961124415460778651001254580586185506949
22 0.933736786169310121475872599590148641456386764423548589309748521273991092912675975318960605563637723390068731936148141542164531374183344734615956
23 0.960215080722018409219017360872383178750543328917979049361511883818266107101404381126763431132373521968586191427305519041724732906149794548978478
24 0.984421532089467078313188166305446032288653612160529713016117828681000374163894279720943611703500338191044374272795218525628939756896130493202818
25 1.00657459416127311346918160244702776801447812784032145871539310168895471025373121457245050074202147429016656441645772946269921242414634264858996
26 1.02687308824291831849661396086077076140637805794875727407320117770162513501698796520293357983824226247240428230163487555523910984550603219538733
27 1.04549691945897919219873979968708076022145349073361666800549643841856875771328708824907415662817170128740202332617848132749845082802048384435384
28 1.06260820853567684958185697853043229445336563567133284379611766690415183885767424008018961320538232198442478742959157201895066972813370553814481
29 1.07835263690672168777028258578399857971645349647863380288049572501850527152990684138215915921790722282279627000870876318600823375137103724198296
30 1.09286087139993493954088479381721827343848443495886197066319960023948186033226553820831007199168124852631898741268451735399957431356816887359398
31 1.10624998298207077213626681434251506630038367396542362263194252648126795715930555023709351997280088203296688644077244426956997820715707239038485
32 1.11862480740801049822711782093426841966413641927547048712898029500077620902789537327713003026799694683100540726785411930084198321922047020063488
33 1.13007921826824845489285205472669006432439434182299133005260367670935758367928108947723494675949474508532591586678494529069299137798753263360211
34 1.14069729797974897213526401234294353616631155016769135489552458996207990503960212212942999521480086468176592405426283022825954203913987813482845
35 1.15055440201748061369858444334002819155138691119777862128095240472273035851515830704756440072905072553219549309079504275958137407647576493246625
36 1.15971811779248426193544685902304572738764686095972228320748159545349590372573548831945028867079217132257190602341027341767163117285176713829029
37 1.16824912322109799812882680726249011028148044089409309839689522912422268974711939064019914551070488984143090526276625990502375677934073626802046
38 1.17620195202096604243178427900461899441929230482941728062642377596605311686717381980987760235169142011438252103833926991098053423044925199859602
39 1.18362567368202509241159715264490077285083042802444857340611545741511449273368530269304350650225870717386931939547878440154439948826594883506641
40 1.19056449628501876843161133450729987190075653283175720320332224017963386268248368813926022958578802331859078326561388217353019402803228744400118
41 1.19705830014084904872330430349016399263798816253590020802811305466702281128938071371568236380121272144412236298124655916035253563067806371079016
42 1.20314310977848916677662817410467833041214101151246665312652265685509793303055058659832437582669661391534375638300012465108762385721605753615064
43 1.20885151123424100953390351125608542887091533480840466572426909460782278865908449804940341165334897311842081604847180845283120115786577551517459
44 1.214213020966539341269431709386400795290981116245671545375924204865788836132538349402233772343533791294031691103206899545782166370978911906083
45 1.21925441208597798193868854608236630654591728091915292877312325166349354304704516383691462146031386631589148739270802039409569037467317618965695
46 1.2240000029786009594995569756303346003156286089049444167486587458677429053337654838689336806843064991561095362485881896324957109047559474007339
47 1.2284719128280743765773566047605917693701291194925436267133687821673759690069606839038733334437070441455013283954770007590280073222311776902903
48 1.23269028801723846960975455853734559804957137589716600583615363077628961786530445854507272494759560160425881758424551011183680064625177286089038
49 1.23667350291458239287069483703350648437415233335886129929035902153485178859799021753018230433949218409468181916299274496518115223455727771355944
50 1.24043833812596663485356024751679306390104294521601962532345242070669897634067443180243553231314675951686130153289387744723312364521515116344709
51 1.24400013891408252033635065774382443942138503308910896775816979550541794373485092234971241339609771758933220912164191458305478895037358346295443
52 1.24737295615427029795335096429324084864967773782357454076301569275669908926301722135920276054409669142543891447776869833638833211725661817804286
53 1.2505696719015162487595852192575036669078204164255690089464198745595538695872675770594531353383782472542205649957243599849383102653242485397948
54 1.25360211138569119829645721701029731257205406219362343047845803069159535832312577304309040653210134466231796192792897589008299844921234373877364
55 1.25648114302645273043449707173723888237983827653498393213096126272126119218443478975421055661491871169910411426704004012637968144512196696073154
56 1.25921676786201353881654349429891938663492113820751988785629710331838708391637101729940844683566301783694419888186239779681434179259818530850971
57 1.26181819961377518704358762359609451030797928168201837453764449122475158578206427451288107525273138990573072347715773352665513906946476397501353
58 1.2642939364585580321368198279396656829454265810998647465722672362917342778131199618567790470159745106740499279418141177356605379077717363238516
59 1.26665182544906598192776519171517817046958136650267702333995882622408827468351441863481819747399206234484858713853278978326744880810291706640821
60 1.26889912040886211095276278395085347706303806113417678303414661928172868986348033143523000384253768399212931054377072523303675233238989606519332
61 1.27104253402834116704506717072241532659254559625205224611811089354034728995515591579255586797273121928192803930358677926747281698573932695689443
62 1.27308828480107598045795641476247980692596855227522322410359783457610729797208922173846189028112876272722184376416697759591189593659939554675647
63 1.27504213936383369915552360913718909293896158809109329330819405182842398523174890915878250999154925502282682217465415868035618964038940699999807
64 1.27690945073706410698677517292643642292276552468489391396442320110796243996159872768684512803529732628423730396251089924355214425803361724482655
65 1.2786951929045032892515091754149436638806749558154726803273276971478413399336440693901178681607758949275262536141459750247715410169989125163041
66 1.28040399211962373242336327943306875531508699275631848307802306299744378617685899233542983394376246150422820232508040807915082982948810861955055
67 1.28204015528205285494874115636644668486723709580760235564991811019382656643543554091473914026710205435994211498812242899496365159434443880795006
68 1.28360769568795779312695541039179942743557829636467381592467905037925363675112608298040816750561861369961607877578832475923667143190622480858011
69 1.28511035642404592493163992787856746245769651241501818874207018074742945458166732909247894998951183793091820888192564895226958031377644265269437
70 1.2865516316446436120135184112630664351674757908861905661355745276106244780761079446911443020741072170330796115165701596359399357414779861435639
71 1.28793478594475739080223120122121945108663590220402294005316163993566272212483325946842147793489476874223939194903074360226672078794356758182943
72 1.28926287201863061773339525986837891402309020146346496226627648423142188161438254207973902386026370146671204758789882132561882521212217142076954
73 1.29053874677268389683447907925524984715398474010489589650459840524269949125639989626199656173892893467834459191946576657655412088308641754340837
74 1.29176508604352195405878224810168995228512253627490092636534747455559318978777084010506319227339099690029631988947606158856131881412720309081646
75 1.29294439805560118101898189225279168798399238594703577948647699962972814027588647396798275205927479504590856437904137789296252463550094998364872
76 1.2940790357389185936041185380997081848940032436713649274750969500296530552515335306934860637945391569550797428362092071094236913637261629804942
77 1.2951712080144763543361528300087793955611383396360821308295578022862223202717033281067876489106886084289347927336313149916404306895181798327388
78 1.29622299014409775906654843338661966114295816997049343963994145836853200897520095278667167734292623264688681993070912490392960658069761576452235
79 1.29723633323124772466401693020279698422041122237217480504110671120216734013758044781713330759716234418341672712658758733904612010854618647958721
80 1.29821307295069250524063392821977011975636176110018111483176828953459502797547620064539780678866121751782009010965107267163559171285928116143891
81 1.29915493757698795591769313057709724400318494934273073605470709846129417534371275479113861312269782073808247866464374459499918145819852375861832
82 1.30006355537479812464760220186992055682313199278501873281220709613882069145449976249110476296869831661623337698037644398248995440833541907335064
83 1.30094046140781567710342262778605855484590686901520119548659457222856492535860290444023925146848526411769875297719404821895495665768363840705484
84 1.30178710381749456492819035711596722285843811507721872106146256474973255473700899803052568790861213571793523993372748809591724988882047778786279
85 1.30260484961783623738593894435446949671745660519809862396303731714069742847026640977877362580345917735787312780746668672337955771946471358383976
86 1.30339499004802584438426870652346256457568271066546746825565426972665208425086642539591152499478669939349169648325058530003370545841647903756087
87 1.30415874552073480473757177837403158495756085572321977538566972271270965854201890321988959571549859456710023473139161418064174919726306286497035
88 1.30489727020033852444916245077194547000668914034889720966473899878487650128319339298603291918323701609648692281172161016490924759666025492284649
89 1.30561165624209692325057632459997739340324689596029991400708210307511019023706949324253252722656795492363512266832122090518697677233308536637473
90 1.30630293772047021730760190944257430038304240055088495145886279988338032711973044829732023336369134013520405218985529046183017742729558781834555
91 1.30697209427215735270935063813351013093485357110354716334295999213451658902355603055790296997714135236717699296881286080071449787413288668720474
92 1.30762005447711801802918414140931731841986445617290758896493181306737519539724927826348094612111614714323332413933919537499524762983046468877207
93 1.30824769899874338429065382990920468220184433209149610001551716376555459962261408457042405004248237016392637257670231085962558602513444901319029
94 1.308855863502450944057725400790782745332595208498576574991538109210070318979167236136949909115569134211909052411127714176248339110424080957794
95 1.30944534137027318923754852683254627291138314320650852417047902544440404895722797914867130490816620887072310554791805244389726948708823071169319
96 1.31001688622746900206665844386276007163004571476426566039641854335474215272338832511512426917353567276253229724303167561708266165276522802345756
97 1.31057121429579334059657091351975323842344583298241537963691399027677399827266055056288101210529615572196524540193520783175861193138843374480222
98 1.31110900658679980515325858515285907090574457635818370316514563200412684331414353963471479083597070266368381828896847066702315763542969009446548
99 1.31163091094740839536795407076539056950035343176058566862132782916704513847502967362252135565775211064729717692132208244094164555054954408970679
100 1.31213754396893512188026415667582115559685203733624636830704112433689964375418144083044755610989755038518677923580648415415417380176573740591965
