2 128 -1.985254781884306539679622141277061370651019173596991999936242300743183688699203125776017282359677389949063448264517492409239015e-128
3 125 206.75378734345021708875496377996939841157764228256580766827070751879617139524585151207041026080566440114625514078484373998063
4 123 -3.12551907389623387898879737997527617851475909793720836420252483585817321322766290654832080293885231747209204813682625711311e-124
5 121 9471.917507185563913262339313368815595543759833517743772926821509937222945581264680309765447190223181022993641430170007089
6 119 22986.342029588886533782914856436455798446587309058737469058661244536880857686074710164426905707862047004302660982843417
7 117 511058.825109793659233429157442548245436037390053541277673415788769194674800148735359209084491876780867822843027779573
8 113 1.9710790676777466061828986425345175159306915376616830204952444375131522942107624008105744867302989157021735025139e+06
9 109 2.913318932340569813800349727370341536540331633833452699563602715520485731609736129167822765381745025135897263e+07
10 105 1.5163570635396074433364896810164216073942648908689366415585275665756941957109053884663691172682898636735e+08
11 102 1.70694499880831876228220580797323404002511110263238102693114254356106471087412682287066253435881169371e+09
12 98 1.0628869307631417603488503871744073776354022120409021218077324559822513627075849967827118511101299e+10
13 95 1.0368478252353986001951521154521658703048783333145576637033452586674721124131637675957854231959e+11
14 91 7.151713895944585929317396601481097687932578426192607000553244461884984152522404271932927732e+11
15 88 6.417456746849064370845085323916057382497923799234590469810483874619274630205937466978033e+12
16 85 4.710485283376458540443599262199161422119559435011812877362069432987333688650872521613e+13
17 82 4.026605466505634483652476836368598607774357680548978955854674107867480548009136528e+14
18 79 3.06370678432061982928306162697187960960905668041306692847697002968333113588133e+15
19 76 2.546963300565855305208393974039554206978214586661145275748057279208366669152e+16
20 73 1.979169170723255393341531571605173029381637456122818440151099088790696848e+17
21 69 1.6188503541463616101431701883037801333138764594223382019560280892507e+18
22 67 1.273464059595193459154226416705411023411150727515191382341693958055e+19
23 64 1.031924790238586118899569156348563444586567860269453155863842286e+20
24 61 8.175361649517418763061369017120012124957255741903582771936752e+20
25 58 6.588948164110724198602038266180421842269606237763578389319e+21
26 55 5.241558488775022388434029868010238897473494795422126871e+22
27 52 4.21124599503841035451245038493041402062915792353089e+23
28 49 3.358043072196706006683603928572580461731212921489e+24
29 46 2.693094921478654584516862554794030975559581965e+25
30 44 2.150422337701666662454418783778341742655299e+26
31 41 1.7228027877111760559696634038334673294162e+27
32 38 1.3767413421492555760918580935745393958e+28
33 36 1.10230594556679585744274369836352598e+29
34 33 8.81288648340188796378651851392344e+29
35 30 7.05369196440159890205605428032e+30
36 28 5.640891623839936193028385761e+31
37 25 4.51396782027901184236364e+32
38 22 3.61040904939439533859e+33
39 20 2.8887928228174196511e+34
40 17 2.3107501005053679e+35
41 15 1.84877292317753e+36
42 12 1.47891282062e+37
43 10 1.183194358e+38
44 7 9.465168e+38
45 5 7.5726e+39
