#i, estimated prec, C_i
9 600 -317.770485073938802226545023047825647727060812577681619479589315673019344729963987929019663901719978933454615476581327885360805073798088818509777121864864106689435802653114566140433976938329973257254756924435475547603835071658926683107443740032376797697985199211527324218666886350378067924194048416305610039166747468001643843086949163528235747892669962294723106218725902088427646065881325373665562528267883613823907775132695125543788227295317631850015716320616946449724815422603746969329000891329950510516254102539121589405116944646009656345450857731914494004343853943342262322911384863307751914391158
10 597 1816.76209887627596166598318999107172710829988850973303012647150154604973968757556518058087087446109727510132551426880882985564930834479534133478806406132579366078756653853802505282603509036130269688639085701151564710289251085645182843048199317589789443721038893404245177285362192385040591576022457576344520218779420106724359255309589357713914386456239894446096056005914048826541203973746047507728519854622965308292232288297662879127946556108384898926670601709905718988249168899792181485467274495749972317347674637585428772115522925505621645792579083010112504071763105297344634618331500318177708173
11 595 -6016.335717690346829221853315075454811530972180617310177993314476104546100896761261739524329212925409084745515314561174067380435722526411089513839566505203349915295002926065207893108176585663133197678172604977143900927311320477515374904795419362990367541501835626163866063183531634013002518373802278360023567453359944478440288860646509811834387645792925380719902196642670776255836018238066724916535174279116726241715780053159973660970110251535552958882992124099484350057275169647073571376047884520191335169059947984289340693774371920716580492476165682281026181606683650901548568249238141476950061
12 592 25200.97379293246467606521223953854770287806532255661464979015394477360542402982836745662073713415785708115142010397665419146130843788424358411183737870598732608727234605239002215458409031752295117655950056045269705967540145409757270198229278014612944805084298579723346480686382148629913324210983249418689465106078345649924272712567538193937805621444913163514350719708211135134478933057284241756832416164701892342408945661534727935791048355721043346254843521594302120511782763856693954396527724070764874620526064314394565042542039434228109843714253940088214114474242484184569484464316747005258
13 589 -93352.0575456380412681559175985209426490164899350869675368251709949467280203516299208412097762452178722489883446844406468403856118329825144651452843867690512225389734664016642954986840623380362484626011563317241092520653785681725780502547820854157414966664620353730475308862007304806693776720538779155787614549227192930347459137744604675566087417841818006125786428522280852086272229823211285094997261272010079993011246172591227425451453588976795092067632437699003293372432168184841000532283467559437184906310355065219267048514342470607813286641727385152115117859890902755563531227151328736
14 587 395412.69617750440699455991716378326557573194636019728929814759815688722313927200869900020907112738237944423690232558949148424004023976764321606349444993743669317188999278857742634856897166356468309161152431717686002858882402883211296470901899950983558048713957591779686667847919232841579950395036917071024095879601139650087168109176844489818967932166542352984888174095776098455532590355868729565058871037680261302986771474118525124511837518700766441791445558244890390139439191024113214342224751020566680268237173271206059696896740419932122540697881370508062760919009828686394071412614122
15 584 -1.7180082767654327762611799716227155087071380930904752454987377020484596969523303251793817425338656244227978882765625868133624256833750703107362507985239162722275236201963722705363711705579059136409136157535857126382386009477602066735198971080811566589195487704375873273471914501257935017302103325197541426450536879083633570872185161976718006521626266243891688076869859978520998655733004729025852186035329977224325687513773811953429020066813981839123443394601871823858546893376875054650250824438176199123408874925413437421492315416041485166570749197007071197466662499464369000793396534e+06
16 581 7.9705439634992006078863633430326349938442354216735458400799279538657942497836130503246305934937550300132812130492018472030982832417036062863006332311632770663436512469739654095576661379569241169880442628684719045319382151166051321313126733107728047085246212807778022848113457013420546480846551270758853193589618676177782793862858548481061498390559659433451847201623769362403216524574699114563581026067109017766900270866466147057708475686708847719245352881756385512554750364913239272953252520235181056347275777223910768139771985671388456071627594285989280456946325004991653259101566e+06
17 578 -3.8310267955200192204578262423977811041383650461269615195947275087044713094346800197410080993948274593026007445412883070791648115948946651448374003179565179043742742106633042482606077212341903656779529390184406614005716543131675935115011831717922831194134538785744259115677365518238716955690619683618649382547197746785524603149671081916320731797405436992846407738530625980390949706373007473133674256657098592613715377039834990104914813067519892171543718364944454541795891029606779315986772881622118362042355958599254978836966471258063557656443724810624704261024607436367604259555e+07
18 573 1.92454613525913849476203194420643684903114310946661237932743781364508024165152716387291771351483668140776981342498950637748442109349362930027800393905213797232709785360385787333643100538294985355034892174160992857885238204247336165530488463400867316350532257638759932519651499400276409322986719698017083840255897060239239313920251220900892889950147802822267944223188606101128368905061874181562775836184945617308083246459289742706847007369342654592312315694453703506753790389292407278976962809375057610155935759775940961875211328317814471358903942869557953681213664191684981e+08
19 568 -1.004632656531829138943255054347665436273333729579493020546717688517229934683655146006730645522058508131047251736247869450717141069940592809348584080810632443375234258618706027811796936535469588154203006846132890742520008350626366999633968907293545583260544189397994735546433614314582992315661268361734453696923346313650874740981893629219652519532576551556456536379522998978510361151934806978675032367506376311358476322095706999476442196733579282953826186773253617750558682291063082656642827354085591522248408931855259023610111279722121748941449791416176857785668757407e+09
20 563 5.447327830527162939965002466118256766189328869559356200889373978696069443772227247075751776943123977561703403680414911166822309721117132355266842185277082346531407015049990687492265656678122757961630153330576155566694729487767274400627381331080493826406954482042427379516408610617387124739334322802543875573875554410582431698266940011643036134089676031866958796961858538069913862473171482937289393624068875394745970468633628887763391604954038926413372945769308419408673623767184353455036117168695524709587396173350548463375766032784685062884935436914207756285055e+09
21 559 -3.059437402962192352099039497267611175539781896549107712434425799503916948097712494076225373825313800324778118536727462993802988848393303427806245684990569638216187676227592458241933946967256407954467762493834460372088974208130067043008050146136779202825004545132069405135552925819834137084329826248403433104541635166498684768272969317337547692250478524240111617742881896915271890640522719322787346491486759629795830653361214859048131817387373596133259101602624944061440872720559512888889716849361583652437851390442520952554865386375571311955893322290676125477e+10
22 554 1.7770601787896259165827438818027940342874437595149760965993044538632299813623553867251136600290925371780556313168608448477261833763217841954838243368432991039805717160363900234994478270796623963768253333023943019733256293733127430796453652579890845874477586379365877518616103347103010770673317729940283989118327933420360676705787664836370009898108979464270816980259941813433217380536664791468873434201256158886511000401574170247574224205930324204862133429706670595507333587224639611812218539146237246308654441217361147346746660867497167821144009492051078e+11
23 549 -1.06575497518928360180634572241534663781328497805884887982838388885223050061673532531012523916181385090915824073302433635780933087777668205134538212226399737175026475738099612551140053629372491543911105545884889757144526720459272641187487988766651744538305733130519945589862376365822925968047514520166187595156924054796309845063565035726211788905287789643551955830399138902820957476016135980106412454746710863706031473984472208216779329615273787074979202839760349356264663921510441083766254886353000614377869814074488399095980229804611253136641369322e+12
24 545 6.5906504846228687306059112749686292998286594019944315547803012304258621688819332090516904229623538819006379331292069592260747378888379129521750411402049503753850004615859452411449981867503731577586304475496264867075454903171166169269819741057780891120676494344570772780899114564026795862640944944578252279357993589380643628611887513220284785213500422935070084373353043215611131529443741454892155392470643281581717554013575387106981629663630151582811359374477745717200884639645000537730249630428268878339836887089153405342053223577373457468553792e+12
25 540 -4.19735368104708334927895051342648918599979638096096165526518962907731339926193161329884575364827687195978012604773505059327574087510244913075233012399591573337438146810550157691264253010489057795821997153497178318596648871878066103534192716565410351950778032855432724188110350056535148122342788407047561865972571249631325917791747639906682719581310361211042541434291093362056485980103431788051845184351489642716045476278794541396244897480593641464131593060749488212743109657375026711228595022270173131003564172616004175878302902281416555495e+13
26 536 2.749883272191871472889915007821694150057551044279339741525880134731415073584739722734825464739975620777541211342773537946066639841287129448792410505133215492187096178883112355660434362613982529878787159018805024600476423241161485691649598894411396657232458036569828524144489909985257731110354169092508967081640306182179941409685023835680550253133349076651252179048914256793409572967721718509675676513610652942892211197006649876344755802260445369805105089877212577783344461061994684926127588243433215414349329566684637489784291879999529e+14
27 532 -1.851392415115517830523391669869760280553617227128160955944612692501252944389406283316573067901027744898631522020596032756188297001503695783346202049552106615127717818610510590035201406991808959163632499346563782271035303654095351049285526176122480235821961074049128598943183076990272314573108196694703882100795652630655056847669994987527110450829936202332282538683970378086678184071996804255894961800339085447834005339553357988150195961461984606794119210778326289224823344016509796601613719305011588076016482608030531775149874033479e+15
28 528 1.27972727638474548928894385232799770307818828622956577127299760221947257262691872686415097178215747086237377910202180601568359838895151254976940924333385510691031620853852353011676039677268129418853895587449159640686590519918786814079952900908301991288120876226708749599871491893716759946270220348561614579424304673168108293135179670513198252054858436503729912134751069043641718020353568100207561835584024580164995022090814650054159468764317132264907643016650360988290426363562682704481922947812003412772935320294493934192630671e+16
29 523 -9.073805876829953919017574546389379149923680943309580798976847181428633739406421884158866157740600675207304177961110373580390472937811510719945494871648998797738386486103371949996732760449637818333381164148502269401995878860543091102518074846686890790876511236427279233985021696857325598384850944890271852863590133467306444066889018626065052079275217190747708785465540440987780985075019674547621324293545349134544965336598916471553462122459358509250109638399229158347256520949138267590465555209450770846507572238833816275851e+16
30 519 6.59414729440159423610625248353611164286775774897268802692901409832459872985954287886035064043750124458826566506175095130382761688360470367824765974718364339500063245353567921908120108692709948596059526034722096681988885309496322353848785938462890776860041334740430568978215732659136082098594756407929337508001904572035692946484520923471317366364477957214350656989888859997146014563436659636065377615997751829921093533899035838080339472972698634896795429088811051402914545636777739823370313876310155246030140233585207103e+17
31 515 -4.9078525080416401742414814025005207635682824881579455803805371174429006641183037562992479425659239981202499501225238786793572295857673106321060151331425196714721349257588558597425629694787542926962267216502153684873305375253199870267745225748887397591462378444364170106660691940637253453452653266846643696312310227083155680632784814935087265576810525438088041172313602412487777279360743944032208453551026706696908810976831461840627921916883468070378029701488876888051884518481225654161101755337139770170163663405553e+18
32 511 3.738306740251165651507060817049995617498611918090450808810203784404598012664890826032274077498744406569906387771626407232184499555541601314848499524538307064651910927682178646031640242678842780526343098197953646015691785717551190711916654371971713523177874355617258809822645694109980022502806841166305250869091608068880107734050351268418597990474316768570152454947938574974018073669951057478504405781649362061332107043476880548050859892621150684880672427927550188829920870639770560921817704610893229627031092093e+19
33 507 -2.91215270291235493352636299719401526312259343720691953219336125391524687983546793719622769941036219594187833111302148176394295863119031282800119667412838269097719899503075355900954481512721082930051481452998748824079194314162612954626595626727826300626163562945092357494192202776005092649337916451160622052055161250461301693652180418093459231264668347450406663798630067280986424020416745346544420508861030179325167698072017269205571743857291729812429188638519150748115769542977356628392133915885359726732394e+20
34 503 2.3186278114893725367888842921438603085586960148315785898045826323032460502802987578548739892733608627101686093974519949736888013971661967706754889028418206779275665006227129142055306758474023682142041312188422864867687912192382099358911482753659500265660999608374398923857975768899531328514141620729358671906015871477427487226554323079859805930204401932496302057795423933617482201257875307265661849552640384555003937149725316259512835924134121658956186696603871389204317500498733568642422261740507702164e+21
35 499 -1.885657555995702307027678920837596853052262171663240529840119780880082682757313174221557611449929095580324018456018630887540785058176573063752821912574276923467116997789465538497327366760692956792569239599675739079813213102432250526673618308857325954607342238681226639551476791744242250078154300569097743583932293221034439182883322737354873543511911179175705413873639611551863922648952472125176714883775266610579174307352372997059230812390764870669807835168816305595940111462203866170547049460821609e+22
36 495 1.56552774712142502952063259365795540877122716951000651225008630515425195576770247547048603660230879040431204230954086461446383579148433555130984776196153003269496642554710595566199568405701864257918561897064888670169697343645736366713661314513437018576360404952988646088053626782769491153575415810489941055898233475341636423867349479364612898189748194815595096232052623237347815663230528562926643177541176462922155123542999223892477166936144926466982691090351139560272461255741498457532918889774e+23
37 491 -1.3261392475401832410977521955114782012543847403230089789796750195338886323159918367587991232935106326526199226341662087059555553176422038387624241080332756066615102226637808959551209672142453076390241109566045357737343598632569140655969048482657041074529089211443139668166537616444449170847276255667487441174046538853210798678895023472046974587361783073919206943144619703605713991117264860392675781062214546519048026642819260062985471409080625552498059582993000551961896063002746818851800935e+24
38 487 1.145576714032636362689121204406706600991691746803786357195162094803145352431031560462309828501548979931662349390484583462867378378107192565403016413403269703482855766311829884844801194418589258660013578390089886849483170256397720892661006891601698603917668086702576277553049443109837401516601649813794937273670687335267448902302432247095428147574660444633629648622489124556233310092541955568249291862611650529070267377662252548165128095680644548477461527523875702289991602818281167651916e+25
39 483 -1.00867983089336554524439028031547409491005046904835701786409403684678336914015545391059639553467609268137888086114002176433915914450728181472727252674511950941686675205246706437135882293286632280534438484486205335572689793919362652570846255120908504460541687677136423851128836366410011860481300563878236177915155626685143078973593892180942843053855975699996344419212882903900183287000270440982384495297061236942696705418587635521337977574274432534223901385927487019866647027620921051e+26
40 479 9.0484540418027727597368819307844216095760342798915882621366427747089667708907758044014045766730145615779807879378179283837403936401330032366251917193994033403353375382059785087094282573813430545408285031152346790945020759500510599399070681429511266703330909777942146635077009789159724175114906733313132282292012688668288263000494424417111618088599957233254461652406893463048246822495869841934722110671103445115751260236095257817062934738175764920223081295446744216253423374967589e+26
41 475 -8.265987345241978452119299940232352216079641914333972285043150638154978916674404194894871169115358457220811003717111864685207126975291407455357258485204456906698702842769240331507601252076158920733145617915538937592658823243572236242827621356657338044157746011558364303898551182191304890559124323208662071648982965613513880059285831636539592912422553657095512748258565531257527964928425070748888587314883926298008861370084582796714217589310902649649570463819540409823399132719e+27
42 471 7.6865381599707000666458683389473566520222965632106679222007931752099899210927051831092786931317460789064029812045115521511865960276102845825347983723658611508724054820875486227549576124849601022539688965340457063578170133349526613816448437270748326392422927776593458723806912691592245360558803239521930451883842018597151387194182106530328444530421440871990182907003431061562358161184965012484878894576403074585964780462227655343971410799577407093013744298358674361789081e+28
43 467 -7.2728950276384243020392871809857266522772691518178744735713488964200105177178487380367604348740699419101545344537360170774028499960862526514993274932957036773770523023581473843233167048714575920058157660230571359571538132006775354004417394527259631589246346889069574474513099324507627326590569274998254878457727034861915533838189877633589074145984562741855478339339971363089141148891153284067930585660183052250398693893404463461339360877730675511202710646365484498959e+29
44 463 6.999337651215849928707472040036467836518436799783028208827540012151877748182162620856671107107314925333064259600340544195940946068761188423845481182716748534958973430990890901096164064744850320752789405843810589866416609255773575582810281897465469321563090304536079022848185723701533068741028861948398148001226021757297335268920393306078555876145542848628116041832985439642354920590217260801862272693602986001584746500239085693932750136489595531113656923962775985e+30
45 459 -6.84888078258752908145773043426465492936581633976562542169219272220630057203717259027140508315891669525628121206424374905699624464673325959258899297913567934943068344956346136029557123040317637789438729241228217605370458261232189920909172916028927114503620081420924273490158779288481972309883626528932974483048170979291840251686467872942600759644596970080099350420067855964035520437756907628439217251881982078467935895331871910892512642115677656064737348082547e+31
46 455 6.8114898672410612558404906931427648843365254164210615200058428746992148503233020257618714470319892721405186538538603233544047217143533713718105318337148048597839775037174221306357399149664486605294407175251211143865985899315814086419280768838322859601190431773370167501443934105909486027884604725511829821630411034353516223221221129858540075465850999672619189734004017219061502734339529842673180275303234456210672618088846189396640010668172932874772475799e+32
47 452 -6.8829992051213199371337368483698586674529811045514197322616394821769251579678911307152361139265225684867882308651583289182866498769570963683294113682916986532356984855673525942437692744790673281938545313914344285083289841868772407400301316771854370169517549005214247977428702065178261741361511828868593981643526468116304348858270156595854725695611341190761065741156221621508478800210144092141177333261583154678448495296347921693691149001922957540145676e+33
48 448 7.06456974903038723613297035572862620912336618423826490765166132699527464183468284940249865506655314873699382337289003906483042923610767826716403001034592010457012545112355925830668768068719172400659707976080183177454322804017323440400080570913344240344426091025635396738412617732211419677628030188015987383327306295155968955967757027896151257950574378137106562184695050233832277445577870911458418694642092820539530768693387781154944557590590720531e+34
49 444 -7.36259803898124315392959915562103887156150067431739522107879699350643765415525274624760082094082116842915106485508857072522835213037124951303975487056092303290559081201862479813500006258935461206521046446497253660533089470788663532972954035052607033975133044938321207348932184140488375555336531564033436554260026413062649791166877732053723232759060005968647619223502166945460036531668859021795548897621153842484241005971917168787735745653751416e+35
50 440 7.7890442717242904034137857559206160941156605452405647251877187067789589142667441987372443224364463533101454814788494880872485667866947367776610368338078126407777279679962112647213844198336509799114308331674776825676168269335786950093378649793126632662183938397652189216154506098519778470873674568735290893894282444118863925936760716716454132225874430350494750276949858071924942340513282819356372533995539332160920666017209808076649273192614e+36
51 436 -8.362195847762098568201838585625221799356384329707917176006830551953776408515780125716699418955600756288285184081632790769002184147594685095203693121637333845000768025959973838424386768716010289487188063809291575494888850468122197866059292453344740633461155944270949749373272192131886015917420374750851056405218803183627517285654072904798368891200363455589565359373869193500587803472960991362268986981046825388643708631502463551068264157e+37
52 433 9.107930441843107104382615615204955159404512729588223686842874901947821877026223270987304740968124211619180218378167520530232112886300461899453428916824554918880892431819327079440774310727447500967127705415741021396328327414636365727842695689899498506034420806599265375350827141516829724084583070919188575722536154043602791990453041785376380980782074108661113054450081160365480488234945381865419818366247627732644261920026656869374538e+38
53 429 -1.0061596547451821976739185827958104897330789042231129698411373703273651359301454892673548699037881560768450149527456836006694279099002793554941632191881817992021547117343446978405146158290509103484228497791328290488764490981766557397577850882825436827075930609608047951747642460119040917508581304549820379152754053471385865169785697981092018023773388231801051836019095960327517454242460033754790571499369344410106884555238554549e+40
54 425 1.1270696958693605652133982187154947045129454738122787664199625424781055586391486648685232366753508307662990950627976719558093490665313578051162386679516657719495333589119956128577690241531288277980544505254064739171794286248357056356562620758884598000275796443827616035185754727160865943063845354478837196409072371565503782211394441191968187742637786085128964473168667260847737875109621241018672742186407956877549603202971272e+41
55 422 -1.2798651001028781130815755447762460114079378239566734119896516455174272451856062984151986774173895747909353192067112877166205129503439070274184962259230872628187367763765342044308374493207023512295176605247407734909788967588342421681637200114127939141052659422056688951466436634567091384085645579012558964098349166047898427939926466341456897153206183613918474718028358039189144460313832923918730746893976487452674073746932e+42
56 418 1.473003706715051121624537104103107143890660255914682624074136707733095346615372578116577315015328610854572268061950970781365872153217414266474209767325550758524516143598086153978299456170914675885431678433312817007190128562651855542062147969349524103835955218534649470635573013351674967143061458885772545301472875615560318670325976926520031673341397570087333411302556296067713257224509740399359109281388819906310174081e+43
57 414 -1.71778961240203861166181714137954772071584633737680328256312777686930860932413346716762127983669421877440735207632868699505064527054565002266903419358525309493783965939326655129925228049531491707335591007320966749723768043020289856308118050643140651566798839781765366252243609849858963529982400157818219137803326383883498976948244443333646194865758347801331700625607791742139273633444854901021016511593891559780082e+44
58 410 2.0293935729429346769751490726958700188273663747350758769330722799532602528588616533981265670189081461267873507866889759898437951717681393315636554931904689977383744062485845837909879807689773600804725967768850077599563969237621627982008405417003222167155883628518317781757301511729394526883802348175655196800496699185858276331901165201372220690164471265426386422421276073343878256229567155896645736671614117165e+45
59 407 -2.4282852116970105728651393822755201025176005373830246800025805098218020157688537160748628788288304845368457378797744077953229093102694663042050205926806605645811503739064311271361013336998724288976771726725639871150974782460166975357957312075068933824704854382717403137188551226491286359945075754300307101512343906794185226560717853060668681822052979782072349417372318283628792976130564040230427634675197306e+46
60 403 2.942254444202370711992184876220241417006143141542321146284565569482729925779997734095476818417961278332621914470205583446913013510258787612694900344129990037209173320339652305059475123924552645481267761959552051304923070881507061284799439104606781949905317909811056856961793859158807626312140744268636241770497917651619660395257466562874239447605564991132209827033440914496569784905808180619282026558833e+47
61 400 -3.609282051063127599273219701735256024744823062080558715361747797726826411065199751086068454741918816305396168457336829070054676519278507816995189082321456124436133221214748221741058111716682440756750741108128231670184796752254377591749120043133824532302977722219266205141051494480011080292642551497152989238705466800728042139466463421248621187966376305933912104346449627249922703730300549562340370381e+48
62 396 4.48164251668234194150238152618768932832211438976791603826298523213467035387345682915466122738589364684341428734949160264336800269254071572705118784816550168300199740324014715675599638241969381512046559216782042536947322037008283841733251817176131880515045514307820320983963497551572311080994377816558507652268308403867411895311839386633162435271789609940039253392828281378237856772719754920046943e+49
63 392 -5.6318073284999973953755940372006858516928085760172768969678937142716942009678782884378551829967350617856987310991394384976505538181042965987973144343098166219169843168189846307701329638960678770352264892286723534922497389152141728069647558239796178362958394930522331364613859172430297914596309990355188421458216640114115445790112794721527914808275000336905516132123757620308746005234864164593e+50
64 389 7.1609967763904022143378959489901780205678461712362687243682079173527830186849510953125316003934878222531947032297256915211049188276772778778977583302951355551821524077459242289344551117001184450585820995001254501732266527841828223768887500731662639219706061699405775707266148953002676005047568313425117118127094925317498125423991431669244105593220119089538092269207291660982383255407511787e+51
65 385 -9.211654127417803080816022353633059299811268920129940186239644011073603308900838029424080162630583327854452483514573138025042251934734898621103404869547233061498549699606786907938325261781404778403280692856343374842250453440011428188181983641166084045863634254662534255296786620867449950984309097935209737749134920877675647780861449015407338414949264611602718630952803531813670945770747e+52
66 381 1.19857681689553494458684335175669905021368767563783515306498463737357113362543636164487638318206536825471086110715448066026353137959306864082019805368938686389040610216232236363536308093677386605642934608886310428475826846459739046009185827283857272054767751628820209610771039219996733134509637039692576506979111143104208362263631733875768284871238698959989350941507238985268849845e+54
67 378 -1.57719751351471593032941084206143712030747305087284193310790920059173820348410482522193764388869236630051547226175170169641256637200944580549702573057603032889820735798762353894081469830031766758507905435890922298643441500867226291577383858558772035805107890277785072050550549257961130618866401524897642202663691709019655703140878180133632366003164091755296931694644946790510575e+55
68 374 2.0985929858857876323471802549556754718057051786939940141189027886291637686958975388075551133913787320323848325072284021633876780602406934235553605788522341506903900761297091529727049987258286024492423355180289548334934274957807250847625760024302511235137994141474989762748011580834348030332287697999918117292372509445304004099508869307634779669864589120740044468340327023055e+56
69 371 -2.8230869322537723457560552834054467418324741356462262703909508592589480565799608895338092260663705791861700154357185314899383152995440553397957774442123679895546978107483826978656813269427295653233135373680809483999778897260935455649232139770938195826963832660712740819980005868374570566930490730420882522746762819967333256952252374507772671124072085871258308447072232899e+57
70 367 3.838911468166075868102909195655041514973800031164760937208617464105594600720020862453019388439773512367171707477296642715085299347742639281888483886690658709777128128372726281780585061558132553637448311675140920345297233572308293339780171908684718566903894630064467536445940948199159369668985987899383555704228702498543914086756908267153652134691961984557027129326945e+58
71 364 -5.276130260721576211568889943426160953816169435445547867051465903273515644583674272436429967847261964772017205155459501202619489509325067009757188448328694478742295892610701465977794747760148264836490183515930410560354620612391137239419311964100651944351611517291189748052239099533421851074337792865176362845743965854765262387104438289325061369997889468179466753617e+59
72 360 7.32797566424166900406869595919620245835137434476412587371448912372866701562319113358015767620821769258534981173705118790193892497924854096327550621445508672211989386277710100534755590020278356737502092214186252305796102359595908361715686929378192579924717901027044649184343008017366831354542967855426740712327656289408858457861886538262967687774496015175972267e+60
73 357 -1.02837817852101953524047914513743683175954916445042223130198210076139430537903655680950368755399890245800152354786034203141653796027725738355897443899703989831330646383459968703480532550140533448724153405927753926946340714558528983130625881235643072309606728775365950914402119617685096662290349636781009432399623492667059130624195875733562227699320471399228e+62
74 353 1.4580179494654287759652635580112258438628490494105697383112642993205402751310706338232052706656231824454498403305653634529349435366651560447263773908198407881623931551003884314784187827796958815968007741554964047049661091431981673225302883756455253205703845181661183310012680802231633563906987093773226484814691268893103829343056368820493593188121307218e+63
75 350 -2.0881250150694063851328696630012876763851694454877166734171004057748634959682264203036001463805822818629882094553388310572847137642812155541572083600816723741030764267242155701907952837653295995602170214050391571761648859119885637759072805017213735152374670167766524354464549686341839085943759375059148200026114295475739131527264712528848678245610671e+64
76 346 3.020491771211496681753491938198870142143497779761065105585562943588929733932491206476800981907815243943146790026490603274722328544851988068189069661414507848450751752611842106437449137793736349154921345531025604111664203899000355601128422061313388412851591455797911011975445179222463153320293186229508577269778459180847430820752742644562906054664e+65
77 343 -4.412367994028606998386654640150368959259940330925997131524217548631214813092547590327542108400337702047800624839838917899740591254767949669074720302542519268056477780081048829082057201009977407548040317633315144598995600005998192395834036443597416013388302792465152328650034553425373084980185029718837165819192031801517246225694273183254034863e+66
78 339 6.50856827383471174325772467349874087721252169876290848489671744890528530899322016389827944029024011034301233495683320961790268727735930518156605081195831075806824379916902156877195123214624005867930104537919155472597849836852405224231827380641926835233490189335719009305969254453793713859932489277608418809742157585463144594245712201559793e+67
79 336 -9.69319554328954371442335351615021593208242044349574970150951900886614817177964063852015648527013756417930585094518335073087866289330869147629439476423314393368710739964090574669458853604567512991396102204455723965325997762582962184611450296533213884035167016322158458087572834596781459933125896934067429665802741200685570679903073582075e+68
80 332 1.4573559530428190335815300459717113872234727683585209127950954277479821636734656062715392808652872159637890139861895419839433929305806302349767696758584127504428810251871114810197933597898019815934523491607870380375120075355638659261861024329279286320588010355132762028512577517495221420175132273580378955634436241953862063711430673e+70
81 329 -2.2117298881215125959107737531771839350122612245209489442250703125759264037499264583553947917572248995503107103803449005812717604358451964166727763023751900213406204053613854312484364608247414048680905370906869095934340931144301630086467906288787338864139114103201208093193564606087855110607601571939755687985200139293351132032471e+71
82 325 3.387802907199733577501484265012188494544886988079682050085175311894777557428571409127533364514526855882196363382038424108510689024519990970881291916767867290659456001600563036542820293439952611799699963150047078163065799470100450101795948198064249320834270044897999900607409823901159056947615943145282571458028460098289412262e+72
83 322 -5.236929881524599248165592595593689963852229767193126209509344715504099058283873816309126482204298648963641554120866775678811941160404092910508529630539573058576194322275653168301296916843545889340125484086376391509188732523470890958660173146243092387195221200125226095139643628378045163670523591223282738178741996303227145e+73
84 318 8.16887096463443547542301336009020286658345634242020940062715363377784257468230495466373822592632285198287609812994673915381670836987518736873117789956947919119029214364437530764240969000302854484551040127575675267402226361630922315045505907781277748590696544196645307930615594474492544183119645413544447469790404206995e+74
85 315 -1.28566884275718165379372650460339384800296963653318985191382535039115904407128838942771990086938806137345762286167476019625555997463181886425423397112735404774581122663113372564821363626452489777557031604379843012607997421573963169165464733765165394729010512816759266461829194167870515920737002346509435691179507237e+76
86 312 2.04142859812280235036938740007924003959643156785605219479760386712552228395331722530729377154808282839505472533911715291731650527622883026449701510780856656034313060360983866599852498123531791031907519440481714797144122390293370048993874734142035095119769740664586380851838411922933200998534248622737289163908825e+77
87 308 -3.2698998062516306925911336980561946714114687153780558540359859299394136371570220941500936263698243526163133144467290820958001299687741743916543460884533792225348362919804798433188041945989074726887186641958818079704209778653739141766557565442430104106568692954320979868458730523592639767969238720418232980495e+78
88 305 5.2830901379696403171092455402437166607989586301538425459492834785034868852268116948517197817252858402110300972607310775655782683293665440396017117846188602988776777667788236251560471763909409058218027769709871879746986439570405408578743449908486198618696885303806418572555494633343226973408651375724203816e+79
89 301 -8.609025596917861252205568216171680674238394383610696130178851572891916377427089263062717313484414995331073615360483142820325250704120100599966423874507234240397638141598813157088483649963899614293072382490282027449272634616684700515292679858391466282393525691753963327318529253882423047335537114541823e+80
90 298 1.414791239002134455772446942794609300365180646233892812695800428729259934850989622217737498692989961544529942630014162805394317717306036622346444907298429798384259697387171239107948335433100874293058844537921074047262543237234984617384372242043131157679256623041874371708489389964378525795944592941e+82
91 295 -2.344574084888314625717728863032148744169008671074692471025786657062285732511546152884921763935407842682689825643930369300233218488359806734240510235588970147245601833162742066376427934274859361553778929398101735679786726493449355449354241020702064139960007871486915203728181735331495091767791693e+83
92 291 3.91769379800050919115027643357183355413081017589263076813998267392851063968314607627194270988302851786464266517288773694184103260917817968515640401402843665449051959729086279292382341469337326829630628372881715511216970763373529345636094287471360487873714035366195298635912098805759702042551e+84
93 288 -6.60015991588888884359724742896728956078918993744276471561245560317051538896953620955329134723991962279715380314789658340068729669986641154904971810864437037513769965390643189627736389881610752561781974218941758003310416342172601946422083380381955212777943052260910116637020701268501233164e+85
94 284 1.1209833644748130307374318345679797778016178946602941109616858435167460497533739633662737229257629596820510042456347295850875511043612444404884001736936627141651795777283811631926257159795056539783548510873077216415058822382518585109701342263179647858472385181511877976266900073342941e+87
95 281 -1.9192373293414264944567659261028842475478098766246562428815669132742349726396407878728534868110500398560351172035562866435631677557903386919560964566323355957820388822230406540998380575157934372386480362550942445156663284450356946279995535326778898954805401625642904157337179052768e+88
96 278 3.3121333021142321104877879259426654852256947287852464325443940020785415518528584234343293037423101895443518414339456801741254747001466380224333932818043663251545054028088498042725850635175965972769057170834674792838262767411665289001771129709875392447921592799446829987409285517e+89
97 274 -5.761055609014707378485549939791758173617901519295751924101251900604600803367063735398441463994142907418725851667924977243630603744704861845202952801979805534312506869306410265357742145995552044686093249535804415507295255736563403340875865171998299377075660268807979261649428e+90
98 271 1.009898395506277962983643120779518569002336191159636062216300283311316192726562037739771258914284646416394043297272525251694114872094242328330386262607114364627730791913369882770076873204524722152599867416136496899942167233216199643956890671188246292814758983455175281475e+92
99 268 -1.78402751203608963871017261841116414253671424384059920966738766660200638309568685483013008398500537792695648979304414026577108696390068146082471182721180910449554758797908793840883958562556888266006951581833113220099005269804711153970331494278559808106800185087554829e+93
100 264 3.17571275676901523964818257431978198731680506158983004509701968195981278945088068120923154552917133107154068741506581696052418205070406831505676861782989982051128800813827804645904412069957139475975794264707946719465059658604914592276348479285507583230599839881486e+94
101 261 -5.69593292804676400729031649946764922989283336193777041995078005647872636846736394593888946611394426273823766687491618320673950109833763953318413918637526205356871247087313216921947705089744396315856671832094880653805459849319651509332644159265102987843437650222e+95
102 258 1.02929842874593939917497792330585705502308376317918604221139381534808979270053607394392960123433608423756309578675521213008571677255587431529845408189305147279514845845115170218670797439672428402679763714912560655381560146979522971129928740382180923576436204e+97
103 254 -1.8738721009387735701074682451046442915039123199753538422395670140082897293771003153904917638756953117881084946348279534310403161673541267361526071235558927405796707829725846247855749569731654252980673143424457147357857920759754957973133407623738328021449e+98
104 251 3.4366140172614086560808299053445066238047391248489721341651152216696383224112444543963022797814913941832111975726369222715366854640810289600005535129813194442648798463818303263018264860491211290624515667506993126943557783018891162721555194822265139411e+99
105 248 -6.3486925358461997672183590267624958793726761629273859367467265692098965512013408271861398651978452945107266081719492209575771809955863630078380988898343156160355317527458942688540611999592476640732321921009315378766974142687908029100318913491507499e+100
106 245 1.1813311540572465776080804748719146911525887229841086242036605528433176671985103189085429234403573030744648295976548078858090797113570537581257184777324257729896191609660353092659052382690459571129118708661016298414767582987360954803637578307073e+102
107 241 -2.213933017962567539701361568281124547424563012813064667047480079646671305601971290209297529597465554031616413961421941072892052658046977863944285120244078601098178225249752041497155427253766095000769833670648017732426686959806589900628865811e+103
108 238 4.178639515002421496119637669637850517123929849947293120959687035674259526683755610566408382322545228600678604140230447534921418516902357366704629870592869537108786203963838666827606089213724595304570392748711332596423462638841021176391511e+104
109 235 -7.942470366499576919357287699781000523405196885018256719532200929130920975422464294186672431606030735079432753827504720615759459036808629848857287423487259376420230020321322765682329119199291725852055803016984264906471403158115090248141e+105
110 231 1.52019645222671236132803958161450238302179099744953361554802897004453168962930181668864701634759924588590080645480182927227063610649234192111146118303106962631702124103222915899074267166001001160554401724257622389220945746617832589e+107
111 228 -2.92981951812623203290454828759429019515403130673226288806752851163424859531753489323166686831081272401711592105490520919524187772859924315330342826503105948845615057567334973151645918271615933192311704445898527887433706559320317e+108
112 225 5.68529696795258130493265924659917922431845509839665307126166106735280938624413552222214652865213657255322987134713938291785448049019234232446243901207960416131628491685835916585106575482121078881272352355540211190352632099083e+109
113 222 -1.11073669571517312097360341954933187365549346211172909978954532198330108906709501034440797953528204057529904941899078758163110040968630700934414066532333357889582016370579028346221996588861710776936534846461125620232978557e+111
114 218 2.1846896430825502229244245689487900554155068856090514717704625179320885649837107879602619607642143415409325550886342700051137496985661086071465163402775654305108597408537069158335161263981757613165438140155902498723949e+112
115 215 -4.3257803145307327251262370846376995852907530593003198970341835147912137710108147475221050598920521261067682354968606037435550860530918807036302116973678670124240894389727939339606207956868839342395109724502495879493e+113
116 212 8.6220608739848291331156169840013736113784491740497814771006957955616525137119795040111732764615769590268405678666200885594508026041472769362671441024740476455605332245839069678365349976826136170094965436631184903e+114
117 209 -1.7298397265153057153184644264633732727351540980192494329906570687749279747660313462290448989250076315889856556174407898446703570460869544982213912731386699346179995842817046685190523790042762097732278483677508e+116
118 206 3.4932160395832643760898228940187868697106801727717371901267492900081890866553163569709381796675206412129865607720911713170311613469463518074927557599852733691719989744612598096090263181809959989385594211848e+117
119 202 -7.09981200650050638563430121342753370390930937701953532289837807689863068613238662740066423752799596836103596412113221493924629339870245514459455049912166931008456470567292252419633456424230519717280321e+118
120 199 1.4522703926142565480360468237292658992327277959462269504878568112588205366168912855389487651604820804115043140098018130895691044437546054667281948226890450774705026524127531294856652434221449924318e+120
121 196 -2.98954518930760919721528358278558644687191126796789557728362836795751851485677380605265396887605693876879349654190706251909913190339762583396326969426899552111888453966637312762383008642358305454e+121
122 193 6.19295465922157017714804019483981603822700806285595533894498966898939060032626464721601601666945855641608419301114602247883813267057301245150683087644870505532126802090972480195002721671429975e+122
123 190 -1.290934781770115926941031362903293659978758805499980473847006773089949002801767932549042580053444104121121264804538907507288161363245536865768129309546564834718732465449032701230552764157824e+124
124 186 2.7077162753619206590215459469078357821294903097119578805727078735585670633890581371849541867336882325266161165724790613676524129912020028984786410487627395598834892766495702578042629081e+125
125 183 -5.71443927280766129541845871104802190175868649061019640831125595783851510155529435560723678673362010191990846606416169767969010871360588313923127460042043790318970556592525494257350054e+126
126 180 1.21337541107128126063459797341043132822882736478549700272158014571566607819016920708187367301626028148860127574678145412872943582547683124335324536210760802411717160797791854984357e+128
127 177 -2.59207561320001786726199919225280122651851430058103624250479274658681259729478703571532958654008561415270901513462961792054732157769762455083486508898839211034828668724418947007e+129
128 174 5.57071793653727579411473941550318889894689185221532707457059734173170066553509886534324750959789481428697305766954233675907206140022467786974622514233624491259118767851567006e+130
129 170 -1.2043871731090165918227756185742069259080746099270727936256452790570950407049701430572205668528838089700213526996346119719051015551916443462840794907862290005416801243112e+132
130 167 2.6193482473418154090413586375465568587511778531176886711695508120687469531832884825818047742085023265800227961722277209466026010502644388836839546829823817753132825582e+133
131 164 -5.7302496342451786186954676856572015557104122148879345743136086470497425414137869153940797976260251201731146132290821733666203455473250822124730767462106495582302538e+134
132 161 1.2609222665709157099063320279543435813992976757474357001776690530152909250529966685832626825231029684965489245524906110919432217060919178288151474999480493155054e+136
133 158 -2.790738406974988246832892901155546383449540958815175573101391320859265800394158081863148094179537027799841297789588732000480581017455779195284366767423041367e+137
134 155 6.2122343480354789663608677219372431763879052450522536721173059662887183718405152384571023105476342025213545122311476576826101201295991212022559133384336025e+138
135 152 -1.3907738790395008680856504199369068760884040635477163142147896569413871197263432865441330857867870713391966483653195146236388308525129846036413963495896e+140
136 148 3.131320930346080018026578217189148724710474892931119190177547486725017554428073935312036955251515709876623267998740335860039420793396715879598872116e+141
137 145 -7.089957277565634571668791084747443775836231948011672388891437654709496862136019699119797343767872135004219415186856551323363845389523977653598688e+142
138 142 1.614312117112801603905433104166443306802423565560013042319767037871189091330320053060300807615455237314503946396011961916571437835017132041572e+144
139 139 -3.696088473346492017645610802856999851015692568285385742055725275263274299653559919420619365424108096196881755189797860954318028704640549336e+145
140 136 8.509254709933108819559019208941163199112839094873463784283134803458368138048894996507875593752028464748920418957823053134357019747611582e+146
141 133 -1.969783909627117073685360523828317105533064234175907567617799019620905476878640425236874724864597288798437464920009675571101439142579e+148
142 130 4.584662333262917292832740324031549927351430760645509408354350998501901644888421388953587256525881940609376586208439455403293071362e+149
143 127 -1.07285706505826305959920671667585874879412012548166125901410148607191599689593831792010826636266365575841764366024109170052471e+151
144 124 2.52409891574224597575710444964946281243003200669543765676996370257336776308299672825849084660041415909269504371564470476475e+152
145 120 -5.97015127668311694704706394465038074108053933371632152934076412215870310805798087690442255807044688124929236684562273339e+153
146 117 1.41959165728613494049615721497381844032091604240139602274477040057549759339574239260509660697485607934451068260587543e+155
147 114 -3.39332580626200111453752886435587759933480952747522297609188418308369731803818681103449980432078688896865587038733e+156
148 111 8.15373858401199589537901699865644150330755480938363258928259431363935777741516884761827295124907308916925822643e+157
149 108 -1.96943834524675059684161588025401450437708575603121779567424258929679877493350367753774751701029057328080882e+159
150 105 4.7815406425149188813808237335302358659757662602072323343210718852422496982618098751725752786289629781301e+160
151 102 -1.16686021690319500451525138543274935821795002856721804506921488787863895990832596707929719416832589894e+162
152 99 2.86207614198353988118677904451986079954744985996595128517893386439889844589572674096501487636483216e+163
153 96 -7.05571343328299932475159373175264695041194336009990890135562528167656954006110096877111588007022e+164
154 93 1.74817253932001291388033071826337038809400298217947630427507086896244131565930855402046164628e+166
155 90 -4.35309003339704433304561527680838476472804491286407658654082439553293178577108810472291035e+167
156 87 1.089350301277553635342862625146193648242081101648539367574661278757365799004742995761e+169
157 84 -2.73955954638056284931778306065811538262645926478699207363482159972499120095026455162e+170
158 81 6.9234745669321741481034178872923764976782709415843931128955323849444948494189722e+171
159 78 -1.7582664180042109655821919580674506365529502469794248662265215115747363666146e+173
160 75 4.48693417457019723327850415593181635822547369813400735677768803725879852809e+174
161 72 -1.15055271451174812330446527263654292289174281553491911831326745282698993e+176
162 69 2.96444006206499432138319408266347610382107619603728464771244649148005e+177
163 66 -7.67442469976389347900490225407071596463522044747645878026545776393e+178
164 63 1.99619888876069305182189163536624407549009487165650269787447478e+180
165 60 -5.21680473879842252265861907839941623100953067701129379474478e+181
166 57 1.36973406175441376106650728582811056149097588000050842658e+183
167 54 -3.61315906626031936265106294568239802531724811577574087e+184
168 51 9.57514692467537289250773707051912067667399132512978e+185
169 48 -2.54917631304673492901595055753370099155496615727e+187
170 45 6.81771779217494827576147337660196135694723419e+188
171 42 -1.83168872117203441329214276817248266715649e+190
172 39 4.94341125046915486957270861791917451935e+191
173 36 -1.34014957380147177223629345715118192e+193
174 33 3.64939127122737234170717577588864e+194
175 30 -9.98199843620080139101994747224e+195
176 27 2.74241947760082641610238543e+197
177 24 -7.56761649401687158576042e+198
178 21 2.09740755812269347203e+200
179 18 -5.8384125496834777e+201
180 15 1.6322430713657e+203
181 12 -4.58292729582e+204
182 9 1.29228786e+206
183 6 -3.65951e+207
