35 104 5.85961212323019256683173016905519300363112879369119393357540262378615685799357916924172168247600052885796
36 106 5.8529757767308221458742720487651848481007528403111075363347464357401223827373082664892461059724058855953319
37 107 5.8470991722188757955637943913788861773914325349344369900672984022248705071482486746562416494559644783548103
38 108 5.841874854430105095688137842595907864304432421589184185564386658254747886882109736532132617376267367605339784
39 111 5.837213381685811373019195870329599927684032951775606579604848314438340313725614975051156131832459027430788163708
40 112 5.833039848896827210980508779627694541866462449597311832080338552465255226345168190164111703096057872527253254281
41 113 5.82929116689347061562648680520804064198636357150288138314501197594653687338187503784024207461591500076195158607522
42 114 5.825913915736111703840462550314723324757263907475659549263735687137708385661558663277727821817227702089695866363578
43 115 5.8228626377452246741702527998530981310140659667472711740190733444985938305729513221155777113505958633894407585634181
44 101 5.82009847035457293559421304860751132116312782361078037881579665318924073725588612881870495681614505704
45 103 5.8175880437341226452366551413134991819103846442034798739244999827573419247990847664415673993345202194416
46 104 5.81530258628113438396553323109352405759328610096496039536589454872781649619987066971977777276822901770317
47 105 5.813217194473198096914956617009157113586515150719063351355836839350935565382354302404350187659638539403358
48 105 5.81131023355434980647449972016082977740156886846082319452725910066497928617372661239254134149986512815801
49 107 5.80956284302185685510870471074911854401447129060850195988463347149519843689849535625646723919948675364681385
50 108 5.807958526559836571510713788797653019554402867467105600559377697662128265405250521054003525790434801459689208
51 108 5.806482810400564572659002795629539845557830600261982074974300536353162497987534598666062678309780161882114747
52 109 5.8051229574272085129158503672027625327453371623888703047275519836313355216620895206656650495275466780549919622
53 110 5.8038677269118958132486199397544272087760768382498648029941983204109153014906730426305963864755726062910492092
54 110 5.80270717179343600125251784532036716417361733084350331800008402314873730280529595350017957836693493197132899659
55 111 5.801632466975108372343972066164675019394452608381611477866571536048048191859673219433903349657922643951907242274
56 111 5.800635763365724279185316015470639153680981141985869322547313965016102805413180006256627313788469659795447213159
57 112 5.7997100633725875880532291696595916220420264058187000081779764526139937852759592195778130890345772119563299113774
58 112 5.7988491143404281111412200038824883889469638444057420061485084501543117990206535858780975587285668122633450272107
59 114 5.798047317059591148802408186159567435937549452382049383761669764806118985281900047408201939323573167263423596994145
60 113 5.79729964697322562189881967613966880636454778325832145120233889991760615751349316395317926277139974396884779413288
61 114 5.796601586122734765684840740715540460780182189714462301127903832639611209374793659418942118159560636716952654844682
62 116 5.79594906420333950199497391759402155230147007628806967279371720807171954464877468834714267371836977962115748095058193
63 117 5.795338407372839818412411430671413478107083644954687753183521279484436219482030210843522233653630507020184093058160654
64 117 5.794766293678748354153719285052411376310223535580536338657469069975560715384812503019316175072483835074935784593464377
65 117 5.794229714151517719460004332623067842899087735974590448915296550251167595734780999300827371024028552819134059270019355
66 119 5.79372593876218330906208056994627048903700239877373556901246011550707194137192789362135658441886281194687432831976580276
67 101 5.79325248656742855703885522075499472763149704502573864217202979759401991958207508121044927269848610899
68 102 5.7928070994686616024876251417690336145307627046369599178610026422555866560701037441920678055186461516
69 102 5.792387719098025745901441192702826921387916202304559892564879786738246751915637254476485798939170781297
70 102 5.791992466416450953538126472939586342660731984674132506797211300652769375040655021377617064140084832715
71 103 5.7916196236693929256321350582633028848381834754603618446100900495858457355455897772718954836351828864931
72 103 5.791267618396828185487044234406129328311514701860902507602115967049340798419988885052469787447477182032
73 102 5.790935009237027853883850280899585099437977066986095073508725245394002410246335435487681990320226365251
74 103 5.7906204732999654688060714141790092766681611131438562724601872358156798445037911565045476246818529918527
75 104 5.79032279491702771416898742233894202947879206655859364454230773272964356758782794626764019595582587097881
76 105 5.790040855599896753341218589795176367393519779510412267476041707071545741671922924095911787968925957405839
77 105 5.789773625063805200364670118544202583605905508447788199797281722779773504373413822513176037527971864350606
78 104 5.78952015318944633202163157294203137817909235262167236531637840133523660702699612210147619363844649337611
79 105 5.789279562814164172745873256484505224342381407817858120311347654157997383724700593388573302641288307280054
80 106 5.7890510432570755414507363430599815406211980435246098015767955201865377306810061361661706360098490319959376
81 106 5.7888338444948432699725742027607755133898292884548488736864135680839367588480339594442760386280055494434536
82 106 5.7886272719152226459216693085093448982871664077698926352767060699474432510344507597229542115203557561905114
83 107 5.78843068158448977281674202898442790486748513843771035581849797015481729529412614963006054790955796695189169
84 107 5.78824347597263936458645423536720560018322857842775385179674304127545659026494473031277020312982497976237738
85 107 5.78806510008698597387781472101908978972724321282926068879254398101431433861666527758923177475420625362216913
86 107 5.78789503797066490189264882010645929158433583269073171140216055389002897605732556817553355848618174185710713
87 107 5.78773280952763234766117781894003262074028544414124738794662471004912370344798822894948657804231734685464147
88 108 5.787577967640214960654226433689278562937696852223550306521581769311198000523352538219541028090846438317986594
89 108 5.787430095549147129506984056242793098447867320210760319583678345101345825773468343843054242792216507025386833
90 110 5.78728880446943693318272567187255579606736620320085840771084161194721980401923843136444567328643649998720301943
91 109 5.7871537314183842808159103955009520798101950596518985845465083264409746780151573135004188604069855619982750982
92 108 5.787024537234693441607106851456815503729138235238290590438418008293910720741056496210249979039778630297235917
93 108 5.786900904769924945779708673825960937058436406702876802677985412421590511836347970997286560725876619784278936
94 109 5.7867825372355599423172201402424313391731965817425748801643554716512294929009578652953573154696697762306350677
95 109 5.7866691566907389715089481380809320606468961751800098381436048012753162674036784632732815757883300090298414339
96 110 5.78656050265731727965468480010248203406372281072013605094448642738681162486160843700629106640771701762560865849
97 110 5.78645633085027661327548314906198369831130863560278268861145732904486576599817418543956869933197043757943929579
98 110 5.78635641201277165169853453417999888998682435773472115846855203155422096751003566585974281175043378331883932474
99 110 5.78626053084618758553625318914585510489784226172881910382378425148257719123184212666363986874455393826722485344
100 110 5.78616848502656092261459715274625062750642123519876928280013581703075348028553901774614874967428911831722750731
