2 410 -4.8642549375284110982338237858100925577602378771142250508620223581875075228572969558554352081717646338019366356764303380104735629646873088276237767345882156952751348469492479172440246957876282979803700845392057394115176949809976063231542031489081377241828254906391207289588254032706147669215385170134382739400482812125629094920538566980414650100608388075590551290729800024241407487348733979429472070481610141809e-411
3 408 -2.17745454105641286323036470264574800310951255028960617751902736303548647521707174611183356828337831875156944360683684234551015018852211414984454608799897024207475986996966527544621368419003235243662159482829604575890538838020315080132180952351395999440324515758114867140769664901431432702935554079180128942884017120841430512311456777046197609892445091935055820498257297548979795262582294973264814715054168002e-408
4 405 -9.50220705633523814478691259139063185764032494482400897646482802490662823400391165109575270650469885529845120303636243501173404539984798162671990983179392992025352353485442761879543056546324187244351527994859545613367295175962759235790297689463642799674756759442901014641580160515076345354632514747461842253669817451222172719995197190757801457691457543607988654957468314813623050795723863024506055738385369e-406
5 402 -60.8965714360735604657164604252772118795904563037072064789138134660371254941379480910472263857657220766648521542030813134561267815726858728106431566547480958172164180248094441967684414493367891894822012688378256507213643850931446055128443399220384725298111587083125031555189705329667510402128184892685051004358186553515313443819963598832435423310878337941545577314361375506970668140478566038631036800328
6 400 -1.717774836863914976416646839923961883727647783487940191940036722675481363968035061649749022149396998124597667881470553542167746031666717287147849817698058958755354617848408886812690812798545268615795113675582040676602866645674953041746968221799139288436440985653047169368960632448668148114848224829107426639225878035424253538658372717636905511320768592411819163349119857337134929396798941068002735322e-400
7 397 -760.4202674368472514661227732285591400891288420214080937185267991401934835339465703244337115890855630382890171726293705813268466197938986993191470747931250880574577794018200333398347370491615520285353526019509127031871503526460186255119719228464847854007364970924594474393265527536973130612362307623307209009361523089215734158558613290886685348092984331464640698736350324858321224538048101003106047
8 394 -2.964102287970154098687711520361398224254362392372347829890678473829449889662994209107750109331461495660252151260919372586111295653071180859993370526879538502648642268116079987223563320381709500210872885746603196241665184418013260690067546087125163413323545830427024063643071039427831279715665671017132646281280972261872688262661001389067842434381226444868661732320105854398201444325700511806342e-395
9 392 -9952.2210390571912743785534271991302791974229239018582094453102495659339148932607077455322578205350305065970408633238256172449074478287394340164739944849877744238408651154883989100234426043270026045271005615445486836469224177994339332152195366383218664936543858228249760851344376782300340929575537855850546280921249644841222095645354503153461285261202241543283807340551221894191637174779398171
10 389 10514.205979203618507004083478711042933216822924853158036874544981338675525092849052515328189892078116910844908237016780223802818488647667781091840263462187891197215689516124098849634947534672708746126389444202848944766211374473409265513594816363487568625025468192369349418019642347666467999420357826851370520364785987209159865333107289596648374416773983841883150082068095249147481287456171
11 387 -144275.171522104771834719980689560770076681521128304651957833636643601235006244731252027164415684403907879893828520641091070628510993586530680476096849775727048241854952044812142901559299216656933946430484141479032657788562462528473530858486698118994587015804329269656884654339399966905615656494804777039072832966556698971734442976603944770906206560067465831889133385637395496399507970017
12 384 386225.204104921054194635312839205902249322591484152941112027038288421827221238519462643550155219166171665151696273661106623382151677653402064383548775990735293567548056868344630462675517662546588494011428189888231124850970026818238549635515329613364630776043513989474497583649167446394219339210595055551640228606175293776153091071049675510895861741873472071882719665657269604043976147
13 381 -2.55771714713645574594138299149996336462005595524494896281338771350824396279992077290084811069635809680995271652716358896661217941011213156358204923558830390777162959279984379274307012557490904254449105800499808671776284502594099878478469348231043256557988089679015823488164728019792510426834003691519286869617928331778276065124212783191615695069062954067299092405323038099275324524e+06
14 379 1.141091198117418867259164329670293300085999412835769965756720611465638970092019017838311101633005958858227364806993325007181312386191014934998967636355677329227471129619188930546648177200617174998450214092783761082073569362440468394562509738605547998200677452010590403732066296804409482611338194040571081527974395886847832456023075677778669359624326363414927180685910279170991753e+07
15 376 -5.964861165303794861301263762606364754973727507825764217053105400835550678224901046672069059955924136044118752351612274777679312382663834953582740399396488938709846390224071597901048796585927925855995542350875973591832018087823370381909628709655628095828409104819722405468212861737224965423183711229747449325363995619238673824842113956311161339509357592525603873663421449384074e+07
16 371 3.3286361707922158523718410275083630683066477690740111221035143786696028766492112676955135234825968548001458233744983269247704514936871166534425377910956860034187261585138153049956648124527434648315496403771375024328484429408964847916456128408761522238719163162232298915493487267034209866333193865650976078147853686900259560241725340109887459176432800634563357645446675795e+08
17 366 -1.74547325979892976766579744374939485224044913074923658340482326833022211460493524748836827456886417015065687785609633578179188696939885288262013203554297352083642542094875656058186075666630399742569000738493922297827313629877611197736423997128507191946011958046123156971988489414586280480399565707310796099797585602864365731006413456610784002549063015521239624386733e+09
18 362 1.0531079157694267519343884884089125921398294455015846786812465170607010451290809631870568904072839504450091495140946593643133616746178221705838581225115395949331335372934168339640437017964886803644494690108677640027358742785148199917760455931144115977089955528742812883639921703948328356101215104205015136361975857647325028701534304196379860433178105458928636257e+10
19 357 -6.00137644937604813011069711579315089728707948022614673088859564249259603563351394572698203866141566932594824084455486751137232107818380549529668048497393862004563649374582423430812924824978962317432840801185300834209222006866270212687178330946364479710544891024500724388186603453432480250972765471706909982251793535448924277693565530607464302101663129239444e+10
20 353 3.7745777833989582816221434608508574956116173314101214327575172347723838527491406580630623983743283326488064839544310918002137552794584497591712216011291664161112187439279910272101155087094325664141855784042921547885041520796068106657366138039442140804794810412712339509118099630556357246930291286465973591946807514670865589582311545469516318580618638242e+11
21 349 -2.350414102019077759198017242872770535912935765889885013870695209249505140877800968916473097610233263773220900567462575474057229645096932276965693283664919459854480125054591070439093176260818379924867928518405055408559730234241583010359912986344630403710668902204156743794731486152165889737602478844203589807201291155007806993890485341455496340489312e+12
22 345 1.55053798039559867012459808261801458401605883019219719616516365466225080362040966970741607083454613076747389702145081867308617519103369402345788388089697103070380136634443921415271273887675239658121556582911974067574120909169878052374682404220519555018042975879461882111943747387109907718692733199380204121292444099976940230584688106901914694521e+13
23 341 -1.0418906192387138087034217350491680766428054313334864875733240388774762880919844264852826088815832987223284043937408405311947102987803208851721601311854864451268396503761216843938624988220885344304933850691344358711842158059824975552204010376610846753376704287503597106182827054442462286003319452104066106304433986080701892335745653178688916e+14
24 337 7.272410546596338467230150706542081354564798341100218727368547232862220487323608503502664562666785024945543762682423872024529520396354320989655570723364279330245565030040752813416767184329901964089279506244335562621525077484729296119795700573069088993943229924148492142760630286370600594042651740432364667626246648997241305572786230030009e+14
25 333 -5.2189602549021937609662548742625001102021743044845467206531988451607420702257496419885516912399137822157664733998810105485412907365645218653436931449466237092743786313660923541662820594528499401951888488881792089127326253687467912178871257060246935673702275020440294240059441609388153517227037823443910540223759646878731730917591302e+15
26 329 3.8625793029189374955503079968764884831352418079133577780100478443059539586505379109048575924970857799056305037137583771781625110781170143372651915908457565997190759278924348327133092232666816434136353343073018877096941447540810833489945666310170434648135355265147534267794775843341620844040890290563003110022444152168540756524812e+16
27 325 -2.94132300841110082574950781359371215954117161304426732951845601718593012100908964099173114424289279242790935856038167751991963413933052925902580797811081653290804474247062230836058075632484428507617191991829746562478316134277997873857041610956104449975043917955549744673785547292905812619681884804434078312401019057280460733e+17
28 321 2.30295852837021369068067236782162912203689265958216676068726725543046476428993557170688327466009366586720556025228014781113072649887406520075043092685855180064545194968889199268165250547910007981934585613590481773855687865919886298265060233708909377371274122710690091395711310380537733894674415466322272894194584966106005e+18
29 317 -1.8521689785578185103528268852945369185570260232582757353485450067228637202690176611015207295118701896179079685262748047152399623725295794685715221000509688223079665849083244242963488427834212873062380950791088012390071177100787225369277528537798764572952451936160580332873475779902951082539402868652009695513269412724e+19
30 313 1.528465647539791462423439285109134506634237208525599845905160136289425965562424999850878535231868832553970642396892148731905787866599713607170852434665494517658123291001494496929737582731081490854370040168064662817964720251303349645553337119962314022910457971452188657251991695997371715289157878060038181353725048e+20
31 309 -1.2931044719816022956866516332553316901126418609664420111976276749763003609041517139680660743598022150676980253136380688149604560707369237481978105363615155318528316886039445395482148818649040495218605584276458218996925172484284783884098043068685104489197618047551240816671047471926032524855329918565227125382e+21
32 305 1.1204754467597863702084655171424360319252792308360072021400764454666164465166320420447378272303906950419596091018568924105564726617425780632464816615022468908282449581144380235061206500739953339435049718159695482847937411280238361824441679385941235088487867776952454399502820061210360196205332740836894767e+22
33 302 -9.9358844561430512932177033534366957833940643035526713105182803369840646312674656575736663205387082937608951501460128779217119971452263532462201194432639668908655560194288400769474178223505033785954405650242812166196806423003813032850169411163334724568120815210466254350292222065322822992974903538934635e+22
34 298 9.009456472086392059946377915215153712716248393923891698158462423644597101743199546641447650855283856096889355244065046790414367188084149529577053327030151323836556476647897368001324067033402241652575393250623756155379379266770304972052072688098264653889440959058863861311822908896501981392579767808e+23
35 294 -8.34761674591231391361722312795326922389815978069940501496946382757335289624193564010218508576449317901995942725823710268683536005354911643373410198496809999335599450686499053428164216750893044126570810874473831757683879912187244632341089266666592475263568240128511888595388724606568315095118547e+24
36 291 7.89771362174961473183700597707178890543468732433004855627221450223882519110445815117114666564848551325215566251327307684100495604499671743867341975967757869335202457951785586742547843491289175599381453534395818448873832432500616261193082371018441724768873277429805154436721302949363450915107e+25
37 287 -7.6250075590832528217202035705405120944781476773233997807519356438257306234118663116629993519621906123617409978852111257461016744604182113753774355609358490046202519579430557729402129297691160393671672956014935920353151063426737096902155058677166944834728023086961349679221073333121753601e+26
38 283 7.507970633215006784563792515705285303021029155878238974045082063040692906491357081524752942593409242208724215600926868850961534070837862776537030572273867713493738348734501909037596248143608845037848149907404753346770466643110894512065400141065088415531287264298852752709211305089606e+27
39 280 -7.535441565244951035996464378346111834287245797761446742187909462382865693570854418375916446956522808317477792969977617974231430878406023693477615864722851482611861024238761145425690645457498863956498878745075199357447109535108184082111517196917606673900956250873410926814399116767e+28
40 276 7.70503061376428244150888754585936238379599381778639454853966052020562746190481116164191418521404035304750671450093761059943022106826953643459700751296402319238812995189660860122059628104607141941346168196712645156585695414824786914570138981237375439096842116060280657546285298e+29
41 272 -8.0224852128400428159360153915573628664234024270208608262732016609898258255564902369454404141534723947062954847412651636018414344486371864649853294109809304950599810817132501281909879437527852338838183134994403120343288877806274749419247125923695026604879123270583155301088e+30
42 269 8.5018625720296876712435134554203242087537196880857499396856137889708578868841663108305125765769204195075893045680516431216696151596422984846462044676925696556761843046145168074219327632392724938411962790520174291870089926627607888882005855430796677592316939159504160208e+31
43 265 -9.166481526377064444373098725683045328882364212586016980425633924563090351227106836718087138347668972885500333866271075148554036146692018612375340032658493282504235419923901471023663636470471946981932512328751255657629429573740582687465210775336804654287421662372457e+32
44 262 1.005072988688851805796543987332015804255924299239005701677352082101330298324244436573124667876536160712217907139570255620388537252283242479050170335163048079998086193098278936765625843478688298825642230187838809913532070173881001266831469985425360545756509310102e+34
45 258 -1.12029130518352421821841754474457687178402242907185159223222278936214012156409160543678829692062844151609652315937326015719937533708087816397338636928350785334174055325563643066835732074431484545644377583660338321588856765836845007787175045624411063609783963e+35
46 255 1.26894621007592928049562562917583327120298226796112202171042490312725701442683349011814881974186605057996403146507007554335142386158862598949725589631932331469026166562479599850073551494938226453620965831272325009404644475616241863035406365529233907660175e+36
47 251 -1.460099566386018573947425496146152565164090510908106978327440608378447504510450167767902782685262431168630766944868419869910790254213961220217843971213608802492161536323709523103640810281380798296051402934902700714127697251485086848856338264099210637e+37
48 248 1.7060978324431094124698613167968675399845494029923100155963189254150835622756137700664239574619411476850639085617426838116729923141297189895276006886577365549809474828225758380981238279455908687879215658984808481072180809132370954324086120179177405e+38
49 244 -2.023807963132296609197406826486686272533394874046260024675599860196377622970661390527633188409587292745939224000942837614114644970712882195760038815311127581921406318829746582446751146958539506198557829003631520972485773860283686150808415643571e+39
50 241 2.436387322176986569703525878464220323432808707085294378276610672581992819341873006540455032011920314987934250093063272896361583030016335153823509615807103582140734374687284087595870670672960559399782817382353050777614310222919001978369894715e+40
51 237 -2.97583185727050725764272677479126961800994309341401073236564547031115155150555964838291143150466988246711769913731711959867946167385108328394336668207769216521159269980133489780677251973403539702240384346058612385901588007477339354315001e+41
52 234 3.68666835588339305927975136620336335245991521732195933668563296263872533307383596483881408280123424779986097159540519244063461928362486452538818049283093340114150548580751627465247367411330209866894291069935327251956830323165822405638e+42
53 231 -4.63134211539030664288282258700437547732696177277704503118946087842745600742663980005133168349342013886922665204195640184292621364938065475452637047961272370613911206889874131034383598597290573712146680123642214405016414766230974436e+43
54 227 5.8981365887124082463400694296174679259480465053029737062245665813296252685815263785352533225750030405805746340440418878997713783579394016588347879263088491010409713687452731665529739724887946690391969879643227736036004723565597e+44
55 224 -7.6129032784629019040212466395971056854218593824317518220718664948070655999943373623154914002160348586229915411147798292843261836596198341967436353416838851640230062039555124357182819348904865602566594624299398391665861459971e+45
56 220 9.956569096292682909738072478258693967090633071067608247583740816668034837080375101324600205287464460831981178192030098113179304149705733178162903152003626661985882779958895287496326065525273815128678473066988798054714477e+46
57 217 -1.319147061997220342364273471814386285912624792768263548754157728570791966040554630277582929158430557325480372073058427333734321190299178215153766637988092355521463075653998407848566697156847416749666019524313868375028e+48
58 214 1.77012767832844390226661024488833900534490625657968149807008252128551725905582038773288727057185606600311671000312250162433361373595621300374987544921931160798387509006504433715013052904023770998907106674816087633e+49
59 210 -2.40519894842996633310747712512404678256737237886328047630465844271562891815387390855557473486603528426526559860518679658708521145376751291995607809585577571531849601823474073989264505083644650751785581230264406e+50
60 207 3.30858892424713134750728950756710374302250685768460924766855342414705513804017296539182213614007296070658409496940676680410683934930723877479474918551878970948281528071776320221954021334614110702336814925912e+51
61 204 -4.60673683908338166737780939781044284104424773558949152535098799223223153934835429053692317110680678026763056758463010682491696863044879146610714165735768702753385100974093960374190492295300761229350789621e+52
62 200 6.4911111978988769366101655331023545100990945130872679409042896575636762911047641458499306404098301224635212755227520135901375928795500997312329754407721096249678211982345929381299234969884156811681974e+53
63 197 -9.2541970661782302564627859143421429023556420103591739701756955144277017502477053021435124523665962957014522063994965971446140631002914702303299642406887967246110368691734294312296223473681110425774e+54
64 194 1.3346705474796544440745240054981501685859892089900392176822372719219956458934460322028569782740879901603787358148722269838880565286473441419470228939362038660194467342263061805674277155827652037e+56
65 191 -1.9469244803969126532277406963443545701696237662342806184689086049184375214045152652950907028984407230465754028836596770459098059703601867196196018107836021895126456438577310338378116615949073e+57
66 187 2.872038359846445330990623192197615332305943809350015698065764980868478893630386202168607486601048958346479561508678818434990582767627144813026886602548952167718848548819570256880530328522e+58
67 184 -4.283769672236662311540622578451798599301461251581169819193624377462026997416263555989774833699239352261231976541801606393018916407662189841665530318457013341363574560311127335267295509e+59
68 181 6.459330588625548800676906650867897021337551225695240637857537810058906774231823779302506046939810521067307969449588201814265541909206719918459868466571416637478596673337785805862378e+60
69 178 -9.844808107271527323572225924873665890450835478577855686916403905404089974942403238663860209471327882102735305367747958595403245760213513311033044251160308179997562247037659264375e+61
70 174 1.51642210434024461706609176491709663399084256389789958086729445804269163987223202579877301834871596155554462950317051024907265456241627458723385589484028575797356398119985599e+63
71 171 -2.36027546821323200136729417217671187006109142430833721154682123202407564957143499887585105591021145629044725332633260153885505124188074555791562129300856535679150954631504e+64
72 168 3.71170475154780976226292040609847976416725799509827149576493220586910453009087396513467123398215453679345203997885493024710546272427136805805542434994841731915795512003e+65
73 165 -5.89647433123076129076576472960308052197705074328283438278481196074629427388527348904899192770947295331335956019386468757295653139495342726990759161985123161526587291e+66
74 162 9.46153086198464131393608388306097446359739094747324255607554168065020556066136843009858754339880506398258036428601841418676590582361140102689537336223139973750089e+67
75 158 -1.5332879888318096490036744560799122884546585966358563695253268956716948356489456019630913745937630178317021642381380138478084396431810653059994469880833585109e+69
76 155 2.5091360051304270464851328404193794003147939960636688952952605864091670472429192585370416939171008424906638092357357678530954554350760736710916757982651038e+70
77 152 -4.1458069999805430077537239704701195974285108619792029808889725624595651909041680053176377596116718777774186598011476126443200183855116890394634839836524e+71
78 149 6.9155387296597963282976492793249716802276898719653171587065324009711536618273764116557417603383789408001963992379461792807724936062186419103206362994e+72
79 146 -1.1644584514376376810390730600432035405354366901989431881987514103578660301477860243308028251711053109485632790989974900153071105349795238025626914e+74
80 143 1.9790341239891285536336509327585436617987186472800346892460892260808983488225989299987154400976721344823560010947182957681377625421891663940847e+75
81 140 -3.3944183861863680029965250179438238007946243710350166831013047776168763560285323022587359118605651613967197331223617952525875888081253423136e+76
82 136 5.875068660699055417275047899470459709861320003670612973908239768778585261829998467575296775212487703764925829073116743728548039876345422e+77
83 133 -1.026005846732343870200979094575734647653083769416480358803241888290582594883119244235253738530104232996559434446820561547054272775841e+79
84 130 1.807719184823519597491335725474645502358747704409544449414391721889892477229444342784367677719066721950460575886946986433983976621e+80
85 127 -3.2130118801214349242413455771205776494364131609903940017334773823568064304224919976992933222739497612455336175679503647174913e+81
86 124 5.760377471257041916541596159825823661121466783017235043086937534812682245095785968374168329514923921459080217997138160742816e+82
87 121 -1.041609196812054192062603096372639041926046688877315270233170750275105216995190442074068481129200592732036644541338751988e+84
88 118 1.899471915068211897746280419361219045061872860996241686328262617344437382727872474852641667673951462716454508817842044e+85
89 115 -3.492971439358379271735517178837845538523860862341897910269565308459739767769402363159249772996596073843430559774945e+86
90 112 6.476674173179913370808648368424667335602658971780046974749360005951401697522091203193867830878911910381108059777e+87
91 109 -1.210780870211686623619112474869051960124678016828459145119362223965860500937296055009049902861002892923596112e+89
92 106 2.281907319646978112733634509238174708514849413382321684667223709642387728531387320048296162484861941110388e+90
93 103 -4.335235248478089588015929150443447975533829047722076987198519632399715103085137786317266545958356603805e+91
94 100 8.301825501567925999847530959011427321417994739373260982006827596457186567394656525306788976054167614e+92
95 97 -1.602306508932118680653482343600521965736506740285685151898093557281093943237062007971171421412081e+94
96 94 3.116694177939413107361893026923456730682236214908550416137037501335126240332054473024331402947e+95
97 91 -6.109217939676389502991245312180361942327500841933819474306858480041715428776983545554681477e+96
98 88 1.206665256051813857513916265534366865995535269106940950685969957085631207470978670159197e+98
99 85 -2.401404659664040712261913544002492564978078223876248135505151286821658584426749861374e+99
100 82 4.814924437409929572959116617450609171022960295451649066236083979438280828681580038e+100
101 79 -9.725860797654098719526968730001995603461827794707681247920461472414595016934424e+101
102 76 1.979021610955911977782784675964774926392858381796830810571402120641784146491e+103
103 73 -4.056271299114677715627826740224392342893751391265511019789361141581032657e+104
104 70 8.373905425309116290656340251699318833865965018364558603521247587341192e+105
105 67 -1.741104717985022871250903854397689501938056064793726991973898141404e+107
106 64 3.645769781347312080788285591199781072953970746254071390864358263e+108
107 61 -7.687645457908931367873343451099010511920183589610520905590353e+109
108 58 1.632337534494874291177798130606610320587262244844887501376e+111
109 55 -3.489894982479058469232487154936252644403185853478172434e+112
110 52 7.512323083524789547101054522329966289345539637559184e+113
111 49 -1.628057991835970400817990077886474097627898896518e+115
112 46 3.552007390854316582145113269219399024674203724e+116
113 43 -7.801198629715157803229290205372767957514415e+117
114 40 1.724677255208182155605851140568844560332e+119
115 38 -3.8378617229154160233217129988695014034e+120
116 35 8.5957182096355965530343603764465412e+121
117 32 -1.9375956378045361951146102564022e+123
118 29 4.3955114969943004359340424828e+124
119 26 -1.0034564498274845957794435e+126
120 23 2.3051988063709246524692e+127
121 20 -5.3286508648247981804e+128
122 17 1.2393780352476046e+130
123 15 -2.90032685243767e+131
124 12 6.82851105286e+132
125 9 -1.61741196e+134
126 6 3.85397e+135
