4 -0.07414116957514635581455079555669954330381146825447455690749939033210193538858284996559291101081777553834110180251379487322488654047625335484083
5 -0.331824855056319721122144472997980270415171211635239075382969142133395514094413538835429307623281334192479346567586269298849084802124471555322
6 -0.6859583138583803383117602937676333872013882424483267291136253761290215204174194901685251317198831196097954365112009793292748500699627152199413
7 -0.02019395932090194721337157312879664919020459209246804548011698110546195449059331138559667284554614150341877951644704651519063186789392861945973
8 -1.022372239779326406692503137050992414793426302910622898708897333341835865163675454678383068983575997037108587327939287131102269035863290334028
9 -0.5425770153839008146814552563806493279485682717413170391455457921604965678791839360893722293237227962911702564020577009135098104045679770163299
10 0.007092956048788367182764184628969379546012214327152177629352421397452707861478340534913498224513060190196974773212786509319371850109509594408946
11 0.4022681501303676422505752646695910100550552833770888057161442821682947615678982696515417439399498697844429282559194584144492396541621649984896
12 0.6636201873658644988762335856423719212436199522976721016788728088491404148098760130763565557688164262916355713363992281904719290744839540147949
13 0.8347804163868929827997880084815569793607162750251490171279402399488388067175873056100909215011302510021528147238756999245401466028888032148299
14 0.9481497031141260817725861457176149009645845639090181980149614180640285251670402756712256929452082546525650156199357012290173557801792067788503
15 1.024558709668168066279442557451415437060435221322806548464378349891481918912227275810317594432720978596129203651411150671408702818751013478433
16 1.077007331078692960318071917010085335165908661510159967073975051562456075396484685737758987641059043571785431747532810593156228715460437220911
17 1.113635315637456395758732137921235853438051701889215091979516461888910765165999756518673704127024580540329891599560350608297812679540422248675
18 1.13961474504220891260711809115544067705480624477775843820764470015255577693151824054172795543127668394458626619394911191325963020877533078306
19 1.158293264212550088968739131328518642018184068363501739102344056625794559104000491531506538820683559236440449340558108692676763639090204116671
20 1.171879594055403726365229225922561745894980047074400824413239152963005856681824542218219870101575121886836577786394263713637478962522331496179
21 1.181858364486491870845775896633652319620471162252567298423705241933973970698525092602362345458189963498247570491541632835992038565444588000113
22 1.189245099810654681510423484447538824608565746401901909530177377731277519356714393375147019567562847193412005275925623268793428666819214371166
23 1.194745785998422253807543739796739844523717051343718325558337566553004541875128335293517224854132632807912563811585852052094567868164777024264
24 1.198858577296335122540572446841852273803826440968655188900260148871852207290193672885777833270402034413185050376558182869258637690175048554381
25 1.201939796126948931166487371737486367288497860960595420116370239066381401531868038366828247307059785414353939111765459514263170386458795125696
26 1.204247500829148861678153230268809738688975250981362929791095990030000729404457556061803299918399787080131279533597709196374012467101545515495
27 1.205970712525297108361770582863764112752181191980721328462359307907461599853279393369217212698084143267308139016764663670638482809157568117919
28 1.207249319269812883014938616909327259215534570975085013571217757295868063853753298704769126839461737202661410918268156840298504092722978868286
29 1.208187822955435798182949195216948354300301017367611284080720945734840468365844121592099097803895511726444392562747709505694954123330718068034
30 1.208864958593795538125051131164300680266239397673869860281034797943457955473002690181648844994537307453344408026069489593031446639297319405474
31 1.209340507635745456165655987639736949956926541693414962601667733555855130892055692291717192232864921001331538229113473609715515873456937520912
32 1.209660178692077580469927442221718039795192325727267092844926762647674460925154375354074997666778829443628536241756885861974236128875532517348
33 1.209859140798039506187916849723623582272555522219043364814937149213838852999662513501089373798949721122108778073942507604288388815367421447011
34 1.209964606386904949412935974791328947944022251395016767592132837598848610336379542555327385946837046320593550812700639773223523684658505291709
35 1.209997736858502280495978799948984021229273490409407678147298801623882244105779400732874113509043117336618060522374316704413764782298842860644
36 1.209975060401268899503108219025696840896576677857491925732674695911484502080273820644081786606994251710676211966935847787460951692877570347423
37 1.209909535311479578845839241609706546931785963093371903981143536194626822294379860913207065312033368662949466236166561577920645801444236522855
38 1.209811353373419787366222309451654123670508334260049169931968173159545959326726337116712321460935308232167591792275123715896923849563416232556
39 1.209688551056592099920833902069263444043605774959014702758770947748878006891032220382461832282022970240052952924919925783103978613994995476477
40 1.209547477516473977434888560534702909225884254783655984106571237529296030453459962997062723259314945039260141250943021921211640140911303869861
41 1.209393155116739760060251566410610935445051791675818075679912752458304633616567202099559392705670553261528738121864466627188170183576271435509
42 1.209229558725356620254519874562966882397374283524771358834138383135153434896007798921472292705931932380909172348289891599076352511862524280304
43 1.209059833226188100390261783864713913915257259504629787242500736550015154773737987821185668620792243557784255707557256346515509953934409659963
44 1.208886463747073565345596656006239145549972435530170131724492603707410616785612071639164584259975098020377100650427454418393780489387805425838
45 1.208711409493541039344238584768927630283273500305918057017527149516344309660451877819721151045868156405667730823190329439300114269920080576482
46 1.20853620941755087569996931034664507481747286965385617253904718664761524881859533766216579883326787084445510254942846160510533565352453192047
47 1.208362065978352565284031661905471126411262778782946138548601943191180899872987899118923420009697063163865409893732567193986418055016283324344
48 1.208189911780307459192543940940266406933379744829636033834878911045355416235693573406121267009910873281822472519839491629092717602742659107963
49 1.208020462766673992467309314410998113670711090892000856776930226890098223947575297414283145607278694958430964969690997480041886710318563582023
50 1.207854260812723867210107040534928237418622478596875754873569243109242736342403815262850868483496335582224789158534017080697398526032618080503
51 1.20769170792652778187183718652473146391297486706792701594266207724904339475262327860282971852454114346910199171831669247635523169659173637259
52 1.207533093780544800237685832627027894637993808280070551150851407392842419841283817900485540478979250759652153101810128505073208854653885320657
53 1.207378617924504987264024388612604880169779188988076894503167335765759197939322990048400478485689380552794349323817311585470840965398202669365
54 1.207228407742467822050864644286840155286062908909876503281338114991027772150705707736552993479977628576242272290324411176288800646555258599438
55 1.207082532993920198957185545406926282081732010159108371190656159303986116100823133303596251621890109778452521179347683849134028862648079331229
56 1.20694101760506716265480898496963459570050016738237664792488527142064701730621943787516682557135831356006373963130542610053591676926829706772
57 1.206803849240584964214082448505405376377815539579542343950065606263053627930960919188762360575187075628892821766865477786509643533862756882919
58 1.206670987079377958157513906818849639966663924092056458320415345874410009970756559499719050814344177100370392393912946400257979980154362962277
59 1.206542368133725497379504742053341515060640563057527580859039033609080240605275346096942603638371495695939505750059065128526656526045580560554
60 1.206417912384601002460325910746139821942692525136389320866281008410838987342531594400442626777161012685217079819893983431943233058466666807061
61 1.20629752695304473435558424429968573414484467302017192019166014128117814835130595301148145246562510861065839796845352738475005206627640183221
62 1.206181109485312394901176178296320122001166574381309551010713364503080252539662479114944501740773613535148476399014821174271683099287960455229
63 1.206068550895813626044414610341935307196084419781068560004036402259002008789825492758631281934049283578191324348804786003541223002801439503668
64 1.205959737584820237447593156916265714112885727307520525724489689845182490230331580179005936395136129965073816462640856344148808816462426042175
65 1.205854553226178269134319637749733852169601032247049501060780636727785932657872738563216044585708266087422741896606471372587712561011460155622
66 1.205752880202717068179439588859589644320439987814416194942221341116109766312009431442632728840401698006453472049083478127774580854625570833394
67 1.205654600752861511965883022339503199270527753645273158672644022699769057276110535167821490866270375411990231174445742196866402259760890159882
68 1.205559597880449867032857919238794701346677607345225738285465307337789355657261970231336837860809347016758915119185656749437984550413668762394
69 1.205467756070409431702395493559310473072856864783443672153323716636907816744100126255890355319785465495128726806903066320887646231809857187712
70 1.205378961845324586787626401468239505493688466541583194183275381061812103468935550310420567156419941034012665849788823149881021711427504187263
71 1.205293104191712582698122916925791500783288186851264534210565748842537604678783496854506697692046430423902659639174254247830971359866511157208
72 1.205210074879734275280613062562491429291948007988473968433099379100680422630106919913897089743639982895043827400114035277187881382763544738386
73 1.205129768695896322577146990367694499600940465503923707127854412238927621363508832275356536373235793191874768313613002782838471335916328179956
74 1.20505208360487647621857316386326419642829821002436743362980419218811671998745997710550907435881459845582673934674117186279728296027374005803
75 1.204976920853786427622080793410746666589121243954390364090897428949780937563014566930052719082528553507070749813877500368117955691897615631206
76 1.204904185029865739415588718612265838214936745086790053087180125422044079566211311597276933941694859439431191985647917846666041182179031437047
77 1.204833784080685530561957654538571525905390562447186048826484859950114319035314674272081612698054565997964019631519436854576964384878203981354
78 1.204765629304358657349857681266594178010730169983541787172779901141489289865444674489514909448812919126379263603195092619549110707110937684484
79 1.204699635315944693977298574417230449811934959232919960357209234978868063945243426184460232060045856806706785897717592492468500536456398761606
80 1.204635719995154633693855806470287375473738491094656066747945962520525392149039554553969485808858809119763350599887887354449894409093469248014
81 1.204573804419562361733414936371386150768934733733695093736042813613400595345961612360795940486210468138318136379859687562712906796069567039183
82 1.20451381278678524309511413754758550842379362243428200204830269583837324338808006734136921411094937892777363707166501195631336385683785883549
83 1.204455672328478101084240590610880646869393476530137029058502630416949750631102881382410740181413181519106838616890027025618981057757901823423
84 1.204399313218471654543330080914830737876710659982050289671459419267334406381871232740430608039186554165017497413259594969088724833610995253831
85 1.204344668476960210438348263158928456443731743113821282881659009436925817254674174327827995127388089592857617631594510211157074692586142290296
86 1.204291673872289301398261653052139008892150421758896393668496517592797876399413853777455761570639658825803393023887102143321452714866497640775
87 1.204240267821599818521229207894682043603467036986139051780874769422968211456988786832331802491778827855055066373802618546632659299380999793718
88 1.204190391291340932776769814132595693324526993978921131222288385848136272844432681445845944988963757921895612594742455148778989745587752024478
89 1.204141987698461371207981113606055847590232340997578952047524008667370889883032711609345169911025286334155075388434989012227528150838300184627
90 1.204095002812920489809063232220812917910640489750625428312455621809303822200622324913065724842233365618428629201777450232128079999756747518461
91 1.204049384662021310753524424468921834432174401023088706175575645801795471650183171115352296171186247500740779464162697282924381863379401602319
92 1.204005083436952484143868250843979047783610978292756845086583388973368106344688451967405825438695301549171668457450924982540582570656938277477
93 1.203962051401831011419157897254867121482070926044399459985982536788495260143921048813189260750569898900608644813283579114442262045526832476119
94 1.203920242805459210107905149600159612252657895882040044637053890854408518713986324690826147555062789188192168891460224862381073792164557736206
95 1.203879613795945038878501004188753279533578976213432154132423004306144925323562257404341404491629557379529144358061183241322319577762288469471
96 1.203840122338282225641743422185923101727588431227561798357029712867020186834559331897452838536535551100262900361561474815871514881654260412062
97 1.203801728134943717349440766904650768014728501425460777461726825267305869257484019824083113216797265967804196545198707583372770130713949969398
98 1.2037643925495071817952412594075379776351032481018175445458736035883316369145455099671998067464022594840030674223223450008967090099289575103
99 1.203728078533303286362943159120562515309367185977912731692418864705038759312947216107912865150846956903857633894489877910903513910959083482059
100 1.203692750555055123401508952641458877987757645724268946419670972064741869965566759646675062729396606392725866725740575654148604505298117944412
