4 -0.474675361232188154823458260514877608605817839211185572495438401554264006477129866181554944654140899309107919590142804396430621848818756363643
5 0.574896926693522864089369964622562036104959909260851648653176081890999827098937387610189125844203281692445298452060695692203811973681036759474
6 0.316926321194273671040533225009370168287012144253975215372550613911607199363160875249753816236377552194216430176554996940023517718303588595132
7 -0.800609160460264969782226633161164169273737569967430816084345680888653031531568115271427013266587679706493821264413317271477021829612915567562
8 0.253612684117331320711397744261404607042182564295471841696020662000184506383345816530716901727538108628151002095699879999060995489833127269873
9 -0.499754409664457759886126670872600861822549590525975533625417576984338121672821703776584572674024296580028475261074807686370638435127639841382
10 -0.886800585772645000306102683847356595790778658312878656193985403906643178567470140268685669704649553754182470152263961813598537115499858026845
11 -0.972971509954311777894297860666791363772341592269623797757176162268609357972730483601720178329601161604159629909803164941302964634201221114742
12 -0.925433860789199539076637826080974679182306174147005655517030410044262092130719305017195318481774025164574214318511434678497517340436544565383
13 -0.830947458764511375005195299554252314062429427846393947625342602617703109149526120837020785772922124536841103300788347684040631116432728663358
14 -0.726904899685330516845367090562453380454344750033923512717563284284933637265213743067997709893723700776149536811545226805775413128405329690481
15 -0.627984004844344559726564324674007825209038404352893359353771963371512899952378026499929031758697538823360703847482467299831519314408868096622
16 -0.539110530345293546218661652890598093540466865602743121590610416072754122386085434162734952220438543718337385845432266620552203484701898057173
17 -0.461178436472631232231034767355101780980556338806531311223389801351240879989252755272003850218320035219919511783265757084857507930837945109782
18 -0.393517067366987601944787817118971375028205786507038316424618060923786920126334626142679555158470877088736773146329816616457049199634999927491
19 -0.334943228991938376135625384915438880219691817228549229918257621914790793401016346495688292816347764598610048030779928208716867473331623087534
20 -0.284198442484885139511552876511476902097530246435244397028350996386245690092343265195278123906254173095069519022784956270817891751533452122673
21 -0.240118430346130402807406974031223358568079172709127927839383158720194524475739687735966270707786716488541783365065094828187443024895613562261
22 -0.201686825934516915661236382791716698213976487013822335637409012390497451158344247948931176967737827419037003809703010011517943947679194996242
23 -0.168040338457417518648693946472843500616136743238872667073413139185995520209212577148419904639768032790706088899989014709441786430082371421547
24 -0.138455197321300710698734181889708991653216656551085471097542644411739149567522542777870702889853334849340922889146400307910616954117788832327
25 -0.112327951215892455180357400169046404743427929213881183464371941999161544655515365362861031101055294606640499290420296943604707180329438786753
26 -0.0891561336491794168717658841148403683129711471342516651271310174867585637172113131260842404774116418440122971380202528039917054149488427009422
27 -0.0685208954363249183238829991367392225994987411173166498729806270150330839949809877424192949820511270251438638591410884689337171987803400567124
28 -0.050072193575550151890478962837389710647880067855608651414188453526772201088222312377472088367028678044612808801727659574780841431554170958662
29 -0.0335164885390556369755446700665867719866623599306464588833793999066952223417744152535181975212593582277795541283311016983644564948677090078001
30 -0.018606663776340441890587006285833957179372530968524625775460819392527958120168658901136507030858099220169744932808119900792647452766216445847
31 -0.00513382095941146998948044569397880435274114554008779413202577180710913943675695127313297436086620145085763100724269234014050263732058914929172
32 0.00707938099686729046906902345982929079206933268449385401529789498973937253174829363224447790116015877318412448043542726134096004503681835214498
33 0.01818413342702720341068907011564072223789379222441749748534892475425165645830955191528779680358876489310385882390614522424363061941310813109
34 0.0283098746327514435248585922307178649929130254118089253738686447482176268861757636387447872364683222207996889502192132889476062758770450192038
35 0.0375678739330547794987141810605894135806627262821234703018904505945431281255831258865563442708408463843038301662534282103160068745565793066809
36 0.0460541626186397456885960899248015555549330598643149480696492777917173053810444071101322600809477193041255220398856658330113128170047403287094
37 0.0538519394446412301456751229627347001610682300405700940324144347425418709778926878796382256753946263040460377923880453668590639954003893581776
38 0.061033552424097963585859421138816526462758133195032333673169662158414288896048361861404971299760516358625946465553073353990346634236584421951
39 0.067662137994002033594496055677740043862784447277306208542297855687253090577289957625752910058199514270245480045205048026783483445049917148055
40 0.0737929821946377081741185966165181083718287587269765534936388254682426451059820687007240105600906900896726766456409783126498017829276752197443
41 0.0794746554983548491078742388981929738028485224019326070770570237959648711721791667870863671327014789976543161360104597690469563162525864982721
42 0.0847499626419658517955457277369326350271554087764473943329276048859818334704205450230301039815412889122473066270130172678069177363034188131298
43 0.0896567406832978803489056326931932983161626134890439501356731528829294741409280508948302152423548776931052052561084613315229169021150212756319
44 0.0942285320579968246601373514068098342646403209008953922880777279904396432885707676837844071511896162989272227308477569850037542729822842492804
45 0.0984951542948569299656285727654842008838312262049449802146754434825074056733586035923341664083088243545629543440307294651761079798998684481598
46 0.102483183972276818889164920945861842054449573246455607075084180235522341359242133327581654142808995526954348638132076556652268846092372719114
47 0.10621636924255124466411138760985731132194296669945180383211003698524785071891213993408928148224447612043519584197486059072629732721093722031
48 0.109715982641012110487736968306150843456854625398459703028510614527060974069103402898620892819203122836039313729494766279793416947836695430912
49 0.113001123798012058946419935789875948889738243347685948213083369958324111154187471261367561122135752126104711419601878563180928354138610390819
50 0.116088979977478179954103947712748390967891385467826069797537225076479840564536713816014349476548421229344233063328412274755588448031174028835
51 0.118995050993311629872112793072783275245739895354644949721806245119375577847460678029408819303336170187964795307253458868792329116041121028651
52 0.121733343939171838513945399494379182063421379342049919965219557810979473017798253705142363491265455905650098888138659186765115735905725769434
53 0.124316542256926331127175718382024128078848700045202767660007808931074227035387708430071138093828353186629903673961722064097065082951905900337
54 0.126756152923825540551101434162810613535565973376283291866273099485622054471929536580866185301614611608097036439162350366794568005900832305942
55 0.12906263492625129371971316881275665302909996026805048302710101528370863267677249870325530892616928504559686286541403778893857574726164934147
56 0.131245511683246683427082744634028302838883662094771637084248126546870182136858120996483613436699715809210948865015876542659752176687610585426
57 0.133313469665685952778790784710228215029537638069715383349908455379792148298930169572174497925917513357539766672584070260374442350832883718723
58 0.135274445110669542324676743754534189528128449127806764037698359955445997165169960787773560181584971711774122369105974841287578140418996938985
59 0.137135700442520018111444426366912846447333679647812943144799727825589903061884606802774425228095674920991240910740774866887817942215398469831
60 0.138903891771134343147630343438489958990285266906188558961100039347762554740588112382995397868307417832145348446298848979647592798428442371633
61 0.140585128636956378420668776599571025893312449587511829464188291342034014006827410604244236341784325087806649434528763103217509101914951522386
62 0.142185027002614881252866227507130712523807956263248118902611400620270673372515641129520258538172718082035223615172840190007818799775202512893
63 0.14370875634875347872266246779037914114521007616037097099641136147300497929051498803480962588115076498279311786432030250933365452481731574427
64 0.145161081611215383190133001114738864631783560826669860564426514510289951625666099141090810630312374174342252070299571851164420466453121545564
65 0.146546400594819411449633234444582998082569775691795157139158182579298181743983248179617965400430288977437580196228342614779851726749928552748
66 0.147868777412425017188757394344542849493433015684622847592314260153723207267624475861035529093238648012813708903547650784871086025286554288572
67 0.149131972424322584791140175470249162380595951549752093080924087339929283455344116958058019693115017087716803475303278327445561340652030448876
68 0.150339469090129735309025105752766486097239741850788715094009677798379623113548649165550077972566599758738448574756023835517243054044364637096
69 0.15149449809161051491552630054437212054682732774857119506242748018108272020352671979121406214537958045023332930665650263333193888973289025653
70 0.152600059038739325424744173105507379022308817472701070319810370130573568156255439808590078040915585140900761603290406291162443980954262090953
71 0.153658940031721381822391645621568883281651562706124297259536459042095763959201872396650771032122660142250881431264000927828146912032993226324
72 0.154673735317568540289245822615048916285893319034717032013573912576425002056662241730787208237548749426616957314387013975330069312183843759802
73 0.155646861250387248691211251906606647258543565758869029474304354098717013368866234291175636016554758095016348374245735125372143281124271446923
74 0.156580570739071220613955371266376691848734009340317418970872956366166664767414464847259572277440940269184280043344838839517618630254934644768
75 0.157476966344022736575618085595409820169013679102904661712758590452978999125173205205018629400259567780475159412673450222677043553860324825988
76 0.158338012165362399902985364222527723228949445233659606655881289489765140623331169949233811384531932902314882355557048815395155214218931477688
77 0.159165544648413156251050228898023915479634717932375614920563405991500823640925237012419984657682405836001961228276933287560009826784597298565
78 0.159961282417709481940655224170242645728666719556355823928217977304171148158922017333959203533296025861606562285698524273016605708073976829533
79 0.160726835238089111804076843393132401443708112670977952323123505316763585823857080103515896651398069241148167904991965237845584337781704084221
80 0.161463712190319352937500316225299010183716151948864223313947427242857413326710418800163463892983585991276862357629027909322266523858361790362
81 0.16217332913897721194209218466741652395452273850123114832518086689970004557708343978222619844340497311438998588421636706355673208718566839555
82 0.16285701556175807885875845431416076123239690985758745988130527800922427303047160329989472572489863017389582049568760498536448618069478279287
83 0.163516020801873996932159496305078229242703036011316587187686182605660629635343449922634594569418004383390514792287494921122445283306816468546
84 0.164151519798584537230658967671105534266231485442674647650717139423225268688403656399121051342346044929522140778148444588462785747011802851332
85 0.164764618345064987610852643805505159902936271213323096824410002428036837451520115869541452627174843296224952296676828536767671039494995486756
86 0.165356357917658138621464815842761532246790915136063102762127914918328582098056340194525793584786822884314526321485505111619652796267999711872
87 0.165927720115991356463919777370456451863780755234934829871544056830277901099335684027496336237802803873521507783641526363168455322082563375773
88 0.166479630749395564154051887349622266175972125468758503424105494568266380485385109914959949413327043115610667320881680371179931296518940575955
89 0.167012963601472919609698617608558118613798686747660128208990244280506217382407220678014224522891661574077970630456894483055319801839802433381
90 0.167528543901469673221547098247531552049951022021084391610382118773858370197417006434704570052787336978820949395163294196675019487943100767461
91 0.168027151528271548921496176890702100438965057543699481841103470968762355528103998080193874500589852150717974586457969435427136863050329585283
92 0.168509523970308976093324350794196596111345427177996784881600845240171014640678107959986159097637630411738283563887149291354039157202245360813
93 0.168976359062401989432607827711667615786575028405513850555666908242528892070038764820157205848408222521102334121311081559763394822198204528558
94 0.169428317518557673703662056585011731180429602358964177636147069277412390145386641499236156345686735138663191263583402956814612559928741179015
95 0.169866025277928762424818448946049960091121675352413315266848407937474658701840986820914623574245551041732459260158215629564042819634025436329
96 0.170290075679525997333889996300149359698553243808651776322290122319839184622307478259002708242296673421121446628889575531925990144619020488046
97 0.170701031479827735643866602763916235408319280343954861419576081566905203897719685614852157788395892612527299569284887462843350690986897392128
98 0.171099426726129292967094413141168788098890411850416107280079939674899078106608674414748912235779323669961635700526871519544746264131094150802
99 0.171485768497305146936911265704739295000105993864794440999598142724269558101910751153814446104348920569196207951986256418243570863110060038961
100 0.171860538522604896443742236694685866355839857341981986738859103575975162741842121041598341766780933381235258893757670893705249009172134158393
