4 -0.086312798164745171913987116553897930778871072807293401745524246505846988511766768935381955145489164414620321189105599296796447078556320374193
5 0.26959912566949778706519324411832649697579721480535542740769699646916924163022721144143276875319870004617424064132881421686458701908089111211
6 -0.33308735528897404627001232785274943207836569496431220202817494748759935312205408201678166486218929590227578699452302758870926774349409314441
7 0.4077484651139477340052410962145017006486418380957250991512165137626444443577294969399664040048677779612445847207704750565037457606669477492
8 -0.95191568187876074997320030833368221235844292143120447213439929220678029130739774142050254329753564764582933655531366083580571112003486074528
9 0.01688663391951673142548729435862644399609408313499703435504672970311555539010402043262872864015840731883082284304888745144293739941709242663
10 0.14781363204033840174968781256886715906985277432950537388334377317033770992079048946555633370677274130012678532568210403309678033676015078249
11 -0.027967251700753041384794538635898080383138367823039852016409772061571426788948774711853920199076164945499140562220630323742344503234953402651
12 -0.24236918064536372783150640829702232703950001275857257205603878408699231967839854658798348197179885046993087336257315127268892276139012113861
13 -0.42281148842057607426894270537923076107620861959351514958063908274305750613194870841323388858876263672356630939094447805104180350670256785202
14 -0.56024182811396963523102157966144713535275854809123524291032003906020637758062401249719985778930770909068446712303064382205104071167764540452
15 -0.66157618937093711451267346399085402192900082302106884569244821195576781158311991518276029780973180774334058226046757716956064292943620090764
16 -0.73570437817678255808699694067701819202976957657824200438220290055852255139164794097643965111044759815358787066759131838957457448613160055156
17 -0.79004966779055173212794127780455636936048938430624163131543008463173815715558058414758916262705516023569940694521749906060253248742927357983
18 -0.83015102290516743626737727398716368732135576338208074502034933676402271440753200114895545607392822836628056897812909490653556331296280230893
19 -0.85998364128340988830611677839487691344425451454584276500943785811248531913698182810930806713101303569229654743956743031010666846964364720675
20 -0.88236663244000553424996215654857781317290924546008915669576577785705943159065095253556732220549091303350242686798390015673316030101221255746
21 -0.89929901883669343560476735000600270502744649684327393406689467755579510948559430895046506261119407359361837620453439774957284461831264364595
22 -0.91220605066317419972571803485163590864579609791851064355197794060882351203496461106944183257330563126247136447053510310101186856128111538617
23 -0.92211214336412213941625718982098851400306205347988328409227553289959405987722467251128003229732389679088308541319144933626970640600814866695
24 -0.92976044040346316309445934883472895394009214838379175420088634348535072833170087492581540908771463284141761241482192627784810677513474250133
25 -0.93569524259815964157376824659667060524223376883067896394655452996341683236225779397229920436892340432890991845240416413356917337577962729439
26 -0.94031903317628659505788546189364094879541949281537164741115651631392742404581696195364394915223153612305817576318290571530790657477189281582
27 -0.94393219213517460441770441295867536219334949312617816708419943436169029519632743167402425960648363075307415538502272508085610836594863874416
28 -0.94676088554984574406210492270794972245246226555560935650343678919165759272706704962281020653681687320268421465406211148260080716135597030441
29 -0.94897682917567593251581619643492660778089721223048277120123552787254150759161759155081559417350064733384758187065298080095264018837853343328
30 -0.95071142503992879460628311456837557594259422406358186018983587306045767943216404420472952628234754327823407704366320803955622613254033243285
31 -0.95206596751943033547143523957789081044637395631934881213379766494623868294219788557319661269343114864965347228654310547664476868944748152418
32 -0.95311907901100538073798093159234910560119523138974168537721311969484016726400600840956696569376921479356606064822204416559584363613629248787
33 -0.9539321750292524336284097949514595947083816963791392109676391830169313679141472521273938353823865458770173517323104339087317055542582470396
34 -0.95455351498962376740437429006069351879916596944675555600958013811247491809559321938130732508084889841844156913302571503731927240705435298956
35 -0.95502122897727014869811946293226550433050504782422888650255641930089874177942055160587291616163570193280020365050047223498387117539133494907
36 -0.95536559678426698536599181062754108058862489556522182447403617950872257225137573844353012834711680147341474182869951742791028531084141084274
37 -0.95561077648955837971499888653224980686801122656321741439569429731159216526823151777973307077939854074023441367976498424691464459073294663442
38 -0.95577612463392437819194060955058744170577964676607230783339485944612927663256321314858612880983422769172478953691911434609118972622138038047
39 -0.95587721111539496820873096200765688733056121195784345639967405818746066907224142788595809227336641576594498038348568272477020423780099466145
40 -0.95592660426078778560824242841740451603811348079162498729758867387888438323997392335521082835042562323489610484976440684367527729749621641422
41 -0.95593448170110872573827531034972758945785889696195392265911778687442543279178641616841761830978154597377824247453319023650512749341853622247
42 -0.95590910835825253375916035546511992548697347857643948671570838149007559021334577927537837843577293579344560672216039908952436903957324904326
43 -0.95585721242947933682941481314305123904819732573614242182101526540141712920476872390156476632976520616371477249729606850453129782123892488901
44 -0.95578428261742633573797763420750705681062960104059904915260957805031896388652965561950090163765397237850599661485389238404625656978268584249
45 -0.95569480421487871756029429338338309608952034134028641164516132603912201768256656187458666205612665355205057301980590248224313147580323095652
46 -0.95559244746343122509306881356184451311797324551110610142154903537446509184960902429993916441732794395299044580299837868165228460037540688902
47 -0.95548021847135407704713401966968144724880195679009266868092033731734316007011082588418278345524499661521496941263702039946969694002959967595
48 -0.9553605806176617642213314976011590071844247774713334483438140142550603105869682546133815597306782835359207751741543516713261895362902280328
49 -0.95523555258413967394067592643682130219141354326838125816236762858220941958982882291426902173783585720445699047477675597249272473769076010709
50 -0.95510678779797325115755266919060661430453582698963691955682961860002539554167058620330079139409357801598581702425877425100742193931076298908
51 -0.95497563902729204522433812503379960180496881622092456148981984666472776582182256608840153220921075544947295714325759921529900847415696748625
52 -0.95484321107145646529340494148318643186371905271772164667049333582800935173867566084241904244666631072694788245416536107917181667299873820383
53 -0.95471040386889483589650675834322204428750169832073647380487023004519638146895550163915378763406022180249816905643302043289743359365018485862
54 -0.95457794786430420664285610137939326682329021087016031650420222383606521072667757994402112785800499228068302109955605176809770948620315243944
55 -0.95444643310155955624724683110645207944146399054177112507573592169396039127125348081869245326574666840643888353015627655543609019023706866296
56 -0.95431633321428324341952893503394173518014236159487140547736333577660880686729597543536078918254782257565978624471564931003019961558253090277
57 -0.95418802525422119169408287781978218724193283398709284036083390221285857583506903825270539039993125115165986781371474159696588571464762108011
58 -0.95406180611430279618689725607455082724690687752613574472574843004444141097856911515402046543786824552203968062405029550513911506625002433901
59 -0.95393790615779670622512246397854533057991857543360176316358109277351339390344663930940245427598764238988474355237863144141580579664993854311
60 -0.9538165005490806684425882647322850887151163451438393159600912959859357328360036664747137119900493415678532409497980498324081020431617218692
61 -0.95369771868887439316271620626976119614880381678608198848159633995258585890541295014137214553402092132023049090885106884646748603946335376848
62 -0.95358165208242743423813283898008222375971192331651122154518874581607348003130149102802345755792703197805315238264690351435728548425686026238
63 -0.95346836090929063431886102288322063174794099070403398908350605876999101092105297863682686963062183757518040644038602055964466416954556276655
64 -0.95335787951494928367932394972428665488438313031369867246477517905398245980340380377819287273872932401624704519773527794140906663096002499972
65 -0.9532502210054233906468195322113040632570593473442103963479927608161451096252387973529992902117288612225632715979469114648705270758548098356
66 -0.95314538109410855278675980196045512114535959488799184879559924463696149171833010878657043566693395397725212406978536178449560506464066353781
67 -0.95304334132418989317161682561813665413507888297188602163064979446933710140280766014018057851405892821824772214282076265015596407291904560184
68 -0.95294407176876276760230045382608442534032178715577513069327214190963444629848947526754665158893344047155748397854769200533095586330660339834
69 -0.95284753329342444787004410283796504306594200685352444180340371074344872921981993631556191452550043915637054608401588356755854587537762437273
70 -0.95275367945183262034879520016820426464531317550202255583384896558484235330640161708464637813419302628408982760221421662170580462769972260583
71 -0.95266245807297677930398463973538866914514245921767682406753776823393067364455384457446965395531628470578420715980217720424999006208938857639
72 -0.95257381258920995378141081661472224695713135865574812540847367207368488815634095428214927871540080675241056877187588043045463965938143245466
73 -0.95248768314606440178284758971767732227130563247242281804619440479088431844427628849156521656726143148794252579471358591450178844727650092585
74 -0.95240400752822218573807477567886184224142705267217276616927420743019266345065560162093295420254645658305088999524183203636972883786696521546
75 -0.95232272193048402504185446725736479825378235880022773796009730380757536557536504051300196209797866762864745154027881777398246281042345189074
76 -0.95224376159797792340566578805766787269776740979005683126769201170632356434948487401168436699752988859720242833919869057404039338591571599973
77 -0.95216706135601036803191512601401055235948020192977022460083494520011866574820253035429002169640890409924670367641603050365545496296888150132
78 -0.95209255604675487531775295696237024981204311154854475271777399909484542045716580017700760228900459069660574469042081830114859198249102778501
79 -0.95202018088728692725370364916169461361528002087234239456796382820763766932732152288046600652225126887307535823221974574286106295744398148114
80 -0.95194987176122204333725434389339382598349661313047249172809019166183237498347086385097770051688765156516232461966602703956215671308891518165
81 -0.95188156545432184416743130486030025164271115052851080309092650253443249656774567656800463190516430671289792500485873162562312890492657877269
82 -0.95181519984284134648274963848156344675034549380145588241593050570684435038567380431517846962970295631433451730387069200778532352935055836332
83 -0.95175071404204974878036088082322899338521375315679956301875487774840771992357113857197597883916416569917725391733174536947723733553778554531
84 -0.95168804852122556720598190956068596196481646496058866507292693072720246870772579479861167152592392732857334651735851337489492730039767706211
85 -0.95162714519047113746165277072391932148301908884425484123887859093211148557421787744640223644649394321091226502208470627715096156917336875274
86 -0.95156794746388295422233473773796679770331242880509458075605124129879038871511189180187237725598306941581345162705381425995609611321850351328
87 -0.95151040030292956573519554434010155872323993860314009798123849279423409122413273619531796439411451138026256602781350835349306654269680135059
88 -0.95145445024330818163975153680514264169460582447244331707486880082586150589475625167614803135769363506082413230686132433871199322887380572118
89 -0.95140004540805842273348104409401542097569032723071224605179964063409792562544767698776600405461292104115891352783430355084799572320436376846
90 -0.95134713550929305404477025378826384650753867783121423048038955025662242978156356937279040506906633871290724711437501825516511142999378922921
91 -0.95129567184054962759516352513148221244372513490711478480757702308526537850970978668364331873402822824669002590648992676960648885270067745043
92 -0.95124560726146409259038612377619331767421487317877942179390398494513847548087494244379979207858769623221639584268910066304716687080230681121
93 -0.9511968961762095169353671238480554395996343533476794742214687974855848351610567474067948983879825711944697993257585525688144020851861633469
94 -0.95114949450692329293272613064351244485876944599868767536506000016704602932055807001725011147990745681069633767976296234606055311620492762361
95 -0.95110335966315882859487664653756765801823474819109449119611075010598739187199796029285649472583776693967864495345483238731268348148063305311
96 -0.95105845050823790520772643909902176785992527934265050178833108624099166227820347282159646358070194478314796699697043430338976831634524215027
97 -0.9510147273232435120589546446989197942429527942835836209843605020549079721522783283908043009413939942022915126793279424569167546430738577481
98 -0.95097215176927658002853239294885796404710886344866016881969217721524656834503312853307850035589984864348636805686051603668817524604425707364
99 -0.95093068684850068524792452253735865613582399537151586139891605847538840398159555428768786684974132711655675687537685361934793284411675606006
100 -0.95089029686441398564656415538307791990069345269377829131896963054496151159539024350757512173692689903961772555593397361284082273604505699912
