4 0.825662710448162614275513131662640790800559769081372317508083726900081453150490906189304459437646947811094448998101730256417860951406423687
5 -0.518092243527279835808372969237242274493760701175469027672607151584512984583318507387473427879243185058931530672431278273834721617382094319
6 -0.188042240838823032251386260310922861683859567948818289288106614351301462384000742370069827938128381566419918222079258007324382602163626757
7 0.50031065917837683367614522467736106730103950854653850862790888352035103412807862003797593365813397243616213080327739553396781699590657164
8 -0.302762514857278372596221507407922593075491283923523152911097197068288467286527451399751101685060972516508397309629297977549383491970995292
9 1.13215353830956811999490077329442693339214061915507644365199865535417331214021453919791482629808029560777073543490045961331230582334306185
10 0.422004450123010567990929048497748380690921722642571728262849419250593358814344031588269910826219705549557136075282082434853662614720573021
11 -0.117972503218272274199555797868614191719570767209454603646209215534163505935623949821314288446116115925134498724779209116900626279454417685
12 -0.350382010031292739838337691840405160874366059137399521753381596850865968953020564479585157923433361778892485131802455514970766656729732232
13 -0.41277509772246301890948412647617164462735021004129163076227030768144103447064817115620948814893566325409183943132196813566340118918724784
14 -0.399743623182109350539093007448047168326319737287215210133367699791234688777563294083261295772262523737079074185853885844231212768359789201
15 -0.358252773976318371563322232644079681501314340677963975406282942822780426078269205515814021646122380609767856914598169218412009562404750288
16 -0.309362930208111360494223837667289421451365108660613802615047030254610681073229742227144551806783746047763747059034331440320655039550731344
17 -0.261847203419108175813018808304108736321956584099628007812853249596145268322144738017457418355224922209951174129251906405412898565907668809
18 -0.218928180319946782864010601888100978591429371745104824382231330419477480367198866512458178429380438215406290075938750983874642464081997452
19 -0.181406943099063117938741202687271689518052704088552925818241339255274358812386963088698410630199713018233792314854363020830262848869249455
20 -0.149085490217443649417611547062214167988409958795954728242404844532391461907933164381729310932529340533150165757462658326816166431512849172
21 -0.121404013907005427887271244174549810569576447856030948268199101813996827440557698767485943678961759988167030499224270825035108550467197345
22 -0.0977192128266465103077283129836004560170657022189689465518926584328517492308205024225254500729421255964247214658169698543653598113115139351
23 -0.0774189728104790410583303050712289331647439090453566388806966456843975964858253381929436990828678638160343547381928103191487473118787417937
24 -0.0599631886646929208985059661155281906860282100369051224804103827673915622819910530640190009631984546243112590571547621590545626828876535155
25 -0.0448921521085616069029603899506588978911504652626044102047463091666294010906425905141345040364932272727195245865240336079087910828082974243
26 -0.031821604741641568281699031543023674239255266652038777401124400578751605558842901430320303234466868985485349344589253953441045735768571551
27 -0.0204331583096619268401199721934888637706735659227301384354563233571688809342344644853668207165079398809058856599427352092529510548851781063
28 -0.0104639207616215687058535829082555674257093614634414611258528904807458582414752180311441485013979688783579674331526493802544955880140464967
29 -0.00169689762067973487016025870951740922596994611787756317217779277850810744428439588112504182328078610286658644316137448309507673179659061886
30 0.00604730398422290580517005510647376412270775068236269937904344176592657331204160091513551216056738789988922375162473857591974604972056297772
31 0.0129174019066927838368393202557626613584376785555697906285344440021572875418137620086280543538059895470842391541754052374332380922320663226
32 0.0190371160445489804358339336768332258539117331902829316965135969258899478141528361876896613660399942149886233586197142189051860364684497251
33 0.0245097756826856428268942105305640520953966399246299543237379856044742859103242061726380190573958851811319299892353211580928413036622814062
34 0.0294220409530903407018289197475379139791067687672827063735376401344428845469063726866808678603517001403299169373627344582707189985298709709
35 0.0338469039330127983124570479993410958039238053156136941837991073443949188537617297073257587348560549655639184080259900190510117063026102042
36 0.0378461098168038660356309921639812957405244156790631043654658149491316719185742473697628975406613132789792614489709230098783582603411383865
37 0.0414721135962347926607829436044185462207415856359971204543024544830887820242231735995704250372887635846894817640006257689754528949883056607
38 0.0447696654569963417067988188579203502844732843305079507508487462097816112072691637895490817036495680579894912437555177533090857126160202808
39 0.0477770993994775370323900392556427026731366902876844542049701183124979100878662286325961055847668779319962323507186106716412155580285228101
40 0.0505273843270572911545041322320845419234619630589030349281606980018117685615700811408230836943800823310364994205539235897858672600564530119
41 0.0530489845978662742530183291479607296380828660502801630298874137103635346794157550920090068777545784786854708269476075390379125990175012312
42 0.0553665673072480652026685971794440373117735927035464275960660957421495006458049804662269711492589055676631036068532217723868011741985639397
43 0.0575015858822087329737645551649518604724141429058641668490899997690801966965945996411828482905778198918397850859310297664305260506818146131
44 0.0594727635126412611657531377237442845974328527338979595990618906796335676499564950460918286098248657939419248468415003570574598634290879379
45 0.061296495174630760173336698490347929895259284096167316526059370676250603683301611404609853969710683425027004554662413302727909190748238611
46 0.062987183242615759992339378690231680974882124821848718168979360153833184276787189786692150762205756648306034607553123430145012121896608918
47 0.0645575187205708628018940501197385658714722028796070515633134442996534141420875773201957460007425462779535904231587062622851104785918274238
48 0.066018717775578941766678038452974573265069019731008295151978471825610735791423415963238482932514455273499299360433633902174554639023426113
49 0.0673807213956877919242023515805244141823596284015148291132889028973906628051253154392692070890474495278852045860350684043212931411116117015
50 0.0686523645130046523862427065744660446827456976275103671925535179030043528969822803973087026799391783073818848186481737759178481632742953402
51 0.0698415197510046825214880497803314042735166070443730888955914888714945879709719026031507712973560741127794153388952451671572099092762731565
52 0.0709552200085109364048169078003116966409901918477245698666520981792195584523515596874220986963951650795036702162986952642866765938895555278
53 0.0719997633322444349733783279522888894917794476233257049617342813388608904082203611591268473374399781238127522610784112515843180307591610521
54 0.0729808029165923997538604353065871303456517272345246824883508853463442763090848029194222133954155951787933565909366020633184212253804047754
55 0.0739034245730519225575161995667959731163327013193182863462869349399456802480849641350592546906254185104251040678756325570947409547368298258
56 0.0747722136089411747113968097993521519931506353208305196512404596580348155647030344148483895227033521025897938875532481289412407308532541259
57 0.0755913127267554353804909646980253982984657012073357257481108055385814930528537407853456759308529035959995500363404230016079633237871607343
58 0.0763644722872420562519021635208695485523757428603616189929677630261529798731679772177930864100298512424475379546475621576704333522208538253
59 0.0770950940592089716847315396609371473718780979241978235253728706293549996100775146957959428988036938605718269594241668392402794620593095034
60 0.0777862693979991112653722439981877976530018556033184662779698701589646070798015670555306729971091353461588538091863141436313252293385263448
61 0.0784408126450753288559130576385228291970205571821044696974269144687484179299505485555498766487518281200483986761452175289605711633945479697
62 0.0790612904173662540969324858763669158661084641256255116820040509462526655308965190896710106118429286920144931907559555408628755629146427535
63 0.0796500473521910004900586124360384559768889211153934911027811829068250132893825268338470980634825315699261146474594941094754439586094997289
64 0.0802092287879035042625196540225803973434033097166812267028490523849439450073469042621280813864799829896707953815485690416414277698963823156
65 0.0807408007888036857551726714471849649399756963439339563449909884378733729849830323017942153086918589775765555899642620608030528973507285107
66 0.08124656786286600240894202728172363525789724705806814550880314733330595906762733431886882713213386756923057519868782902451836534924311218
67 0.0817281886704171248494146954560769926152802240907405932259107921793501900027883085191452336861930337689437038662167479033385322157366978294
68 0.0821871899794088278415605548242112700354089389753036231123029465863329212224977432949335929852668824707627123014160818648628739325975673866
69 0.0826249790870362536907425231323784323787994363201721221166522971672746600800215074068363476439828830728229744755607761083881137697948256241
70 0.0830428548970447369872571961173991955200790753522289274391676170467804801677472288172998416214579352587393371306482817185174157217846487728
71 0.0834420178162459339332371185929787613340191943450912896525793043225900456641110061389836702472489161156089429331161057485155253418228835285
72 0.0838235786117808324775585879197285381164896424529491172544617173082958968584056472052356852133813709000098720884865408089707425340718307681
73 0.0841885663519075693990279497123042438858026530324635526811400104418942156198000135950790390869958775256641896823959443307916497556286648552
74 0.084537935537045697727843256730089624325154788251419017239744383240712588103339472658175272356077524892188937174213804599912512643707009862
75 0.0848725725140518646003358764691970150715365965311694405882317782603727653877671395978021894538322026946331500229908631105316345710267358549
76 0.0851933012548818534876328253426272459061874127807696980703483803632635241192366909540039788524277505078029144466921705319851847102951388985
77 0.0855008885706159524234561343858238357774572834890414937709933667917041652629965047362795256874260054644286821754020131288825791388992191907
78 0.0857960488230420022041739363975781109565924440708307032505956539372828534721959984667366082648128346259692851285144373899696651747537277905
79 0.0860794481883963317881433048341408970031703844608711261385730213238536728272412911592694096591708720833249548517236070194721244601567552246
80 0.0863517085212830818446971565915920611638421152302002804039583278960347079687269459531697363713394848401735695321421366518181615929338059222
81 0.0866134108610804647670002545159814971385152030660565786011166766214870747179830611916728657077448185639316745260039336272467464373954106281
82 0.0868650986181743850385155381353030995859768384872956185953892531184118413342764641841649664525749481037488699110225180336168233122219958893
83 0.0871072804730306208893608194456976928585029167024582576144802944187637232215447950748807870746220842096951715887000355805358633413465498084
84 0.0873404330173374145390472066176587223228853273839410963795400475866255090216764657910882704694543358092480269372554244125717324145412560652
85 0.0875650031631451295079885545983639339577661811923782862722773272105363106723690566938830723489350834626955273814364235916596110772671459513
86 0.0877814103430341050005813977654401354264031562735021997753641335941710739364483179390418519703985896695963517543081695467532419330137835023
87 0.0879900485218008970729619616103670874282364865586708327080845612841507424296135874944863759741909378547006693253184483854326632355298905829
88 0.0881912880379196325432567012105253131583081973325148682416514917019148179930018956798139966384171832142718322408367682167781799226177472104
89 0.0883854772910688349467937521774190834003284144911087805000151495426152158338278863842315099377114441913499776714755248441103046243366617439
90 0.0885729442902801378601502817177539983174631767453465500329146562119515192461399744909829365175798786784876082420138133133956054277711947742
91 0.0887539980757339493203045514244061827585311376439595458475676247212221061346590571433249748653463073133043888521339130670765118750448386447
92 0.0889289300258726626926930478625688179606094891156116318471633517926037171116539329094558495506743054863304679322236938278446513257529545036
93 0.0890980150603022277642808568795573083877239657564423537276236736870315004035815434759981168544334172758913740301051659460963384253558071468
94 0.0892615127478886043316411552233290261138900577004225865679177273534137540709784161509514523150814587020627252133141927122043980612011058058
95 0.0894196683285101886790082186356999358615857920438283857532747199531920077681160433808841528864917145977515778115066613407977631668746184239
96 0.0895727136560863000594599997827623244401680457041679923104261240901731408778874973975972458404317924603833265301592020042189051009727889267
97 0.0897208680697526968340160276853878858813902987886365000113906504057671621326422563391720962425993609635665275023685551758130120429461076376
98 0.0898643391993869414426650893189327514070580272521016138788815735590181103233451292549802057275221331469086396263087887870577178949005629573
99 0.0900033237110897299614885995472322720114242992174976702871328079330067680176722995002085457961215146353690305575581112356398431476637839988
100 0.090138007997694732812728362932392982005974979182138030958837977413264169778777636113041560190163422018039976001922354784065703615149053833
