4 0.25
5 0.032483581712087477874143473180232950357518462360917637449499329515040559280931456327503555743672629626971133536362178460879400615214674572
6 -0.1497406302384171343533139371270568956455878017229558804154741589028283226802859302030479446710927553402309125795993253288005538754689728
7 0.51038060493267602187168830588138673517944677254001777077289229160957362456637466011309301814340912926274287933224665934787971535434043318
8 0.74555410738639839116323252556183537361593603545314847694728757462381700839266087696734041742003189985117975262706363483094713146011860837
9 -0.62763162183641507555640873609522357071158914977174212558838706493123308912020142159052300686913136928686778000899912566042604788711245195
10 0.5243735832463955866681799187940963501982864584937987359677508898077870242449099388170029640707484070879888630652425935416292679179704438
11 0.90463516435238705405233785552491420317569933148156940057854213206822535216031243862806765922101312428995995067248301876585321727614902037
12 0.8446855468413561127597478883789160461219838071986319171543774699813443697776952582510735632227289050870875815294183499459095758178619059
13 0.66039275392094909767625775730321730447619400452691803187342228468555224572973452608946908285070316965483911664815701688148956558409639256
14 0.47277391120367400302819236045506968381033378483154303850964683158166269337127696022291860645859528233087031554383997588116844668647907012
15 0.3154320702104513124466966943964430480730576091562366756836013349280162262425619460495748562986302764896734014105211517430689824159854861
16 0.19184526612135350195489178609118614993675773161873825458009205230992316024782309669651518715745537047626493650884974187918586347921146859
17 0.097004003810741715285411100312830460471885610664498560279804411507764044392239042620520529246809066238209437875596646324901322285595407799
18 0.02463180946726107322653081028438194589691474074545032466524722016649382712694170248819805409641185764792289134194231924116063896774022912
19 -0.030732202950466030966266085803676456107592007123597416381757675054914347457088119142908511839052274572983441310407457679863577204245180001
20 -0.07335543630389278818537066801457340589012887347316328340308072458646044842190058351619839379065772139078221009874708696487560401915124756
21 -0.1064381672929794642546219892388831320753454121498904422465250440743230100812678771176401062667937089218614781526795204956237627649097671
22 -0.13234387683677726874749519048837626766726778740897384327206689952759113086732306360850508537741646863778589268873473983777904032852141032
23 -0.15281219003426806924029453903692387546253631330709742795182898508526081035985806417185135388496140084423680151372206103932050333869347388
24 -0.16912696706972150187330089895452723178242800369183295628780033628086282971413114842655742100950137011708259095645666131497617844985632701
25 -0.18224122737655545811245169151134997121753296461590984632811598688095332370252373920464283437083341321415609462783297256249744115543354829
26 -0.19286767314782643586816856353628417054691130009310574715604184675031998331261153519147423937397194895203388385211900943942843381255180692
27 -0.20154366817182801390623203505128783448004513762780934352788798582069795877522364502558771632098966675743475184015801161599119431472672317
28 -0.20867781652326840772277524548932104611093758671244535375317315735047281869130809376706155254551465262870419566805404604196343175075573406
29 -0.21458345232673412277328047372494401877526513548099433815620087114701049598604046326104120295576265699690415017495508901831817288948294549
30 -0.21950285045147841435817876456367921687221295721313070201628704973450943383934359337459077461639768186596696666989357797188424976952998707
31 -0.22362484867971226637876057198664173709259212875964286321885531326300921224522405574087172026296085120560277022210021787634717489841266542
32 -0.22709777107412138001642172869725876059185977490885487083899393786647689330993331715360445118211631804284700982425296995034300597690288912
33 -0.23003897997647452561202572131113274675886030440492394966616316395531633164504865092525113215167779319053521280849405492286398626951638389
34 -0.23254199221052286511311658553503520095726219704003703680199164115381598734587726747248745719361732015523798159652488165963876553649197
35 -0.23468182234037696641083744227332550353260704221486745631967060691224193789358410105125342687991138489515783060120093411441813381112705575
36 -0.23651902559749647307892376579285270528085666422088358368126539989032260819454699771390088346262679951523938676710844910602519808334787528
37 -0.2381027798006347153317345864948950457379209816820477890609232706784290311152437941209703939924594763689692896424526715803745901840409274
38 -0.23947325167079248077821738638973275504434036381201089687256162050347142901929463785480721827453255616031991097489268401065251108406579657
39 -0.2406634263313663912117319508441027867943465576107229036345969271670741418193715906219359949961142950728004797776992295859143762244091243
40 -0.24170053121461894977455366721538345321555535873279160043587104218485954497618582507193935789817738920887203234192194002748825863197843485
41 -0.2426071513839731836215461625204147530439100536713428821805614545449610746505414863998442658484763811910202709493772951397866441432432357
42 -0.24340210850045674215925860015727565071986904941717538485299091474614582724167645495653575742242345264109448987343664760413735004796959367
43 -0.24410115758362824517252997368671878432639708982162134272526214812289192140077454760131712476872394994750042746449404583432293673974389092
44 -0.24471754243691060686658648714083736702856015873572223258416409773841517868174665467825927779997482488421588030220069370912771128555786949
45 -0.24526244078434093269639422438679258471484902145976600866244354827461913114493699568322866494893601744323035350781333155152710038631919085
46 -0.2457453228516574162781447343286769866910631124677723982290233963253554302368826777295398895151412772697717142727862409647539626489511513
47 -0.24617424164329878130780214757964340249078496091515528219690084285906952226210220356148424713614980323250639444358203410630460165177967385
48 -0.24655606903324505989111512946781775495435628295338154710097265414974861578749505351781039241880202325597336669208297237355004793099848323
49 -0.24689668865138524542633184411337830859090573831957922648914337261707769195306240311204388230168706561027246900226609527422032548364061783
50 -0.24720115415363230296013196484721156777261346386752542714093804529802401016540945799843929133674577258049593983594145576941032000545002696
51 -0.24747381962705590199669395051678552319498320946685916693019791329581938334909714156231032716682813476217123412443556283908216190272789593
52 -0.24771844746376631521231218138540125766379616820777573911212596474575082268625576154266227338919696333070208835962208112644821719351778845
53 -0.24793829793763328613795110126879254578399442462674018081787173663174865515156582015278501945899546566697389145695900245681588968164917768
54 -0.24813620386053818500406770743403992822410996547667848102473773294970598708210680611120108140485618299983525183800066509997915995444575352
55 -0.24831463302308634621359289616786575947002693126970557313902851464263048926165266378896068817409755610346145683478049293398180906372383129
56 -0.24847574059587743598804254445873490024018889096615740588785149977230646533963889318688871919180253119056677688476461068545604665718011557
57 -0.24862141324923055057348017134543547786102513048118635166582153207795269091003766830174266712217809174096039502312339276031678925186242923
58 -0.24875330641708948059241827171194161949606049455830918013476784309234048726106574108701011028795902214708420922185736856944205146996646517
59 -0.24887287586587405538312201709124049796708097827842417172243790015458084304529770641652062011539676437692587749537025691926236993643974686
60 -0.24898140451682939198616324318289672694323535497782918069211855313530632052430925894098057384858499006911151656055496684658645479363804445
61 -0.24908002529978305794756211619188740966431027940718498167672440123665247601456101138963780362823940455424403338073365963068125702878093583
62 -0.24916974067848167082786475871907099323607391672696439361435637847772011924402099955056226569694795531068352625973713649934925893601309844
63 -0.24925143937608767177253817228467344635597335836539124936282458098489354381715541664063640418439300744782463214785537713985141867856406048
64 -0.24932591073868686729974316652791987828099612690644058475260771940027221224822055067731230153998051212561549910570523601657357186845839579
65 -0.24939385710063300429264974265166207417525931100582854307362643287846330732333615175225280003951742867055260039232183377179032574568444238
66 -0.24945590445495899392070978775441415775012795361313593103191040683311954958117794714540721803151427551364592738068052431940857499895513101
67 -0.24951261168231897318589554437201460624276892389419813737213025648695348867538210369624588870551223689637526481392987444789199040387833407
68 -0.24956447855092692505986527134314968943019520797335437963064714311827726731062377094250447587385511727333258584883031768503639173525438977
69 -0.24961195266607893767892421591930226898994397146889916325856963611812038676268681230081253115976602991304366090968280450832607725047112981
70 -0.24965543551976843341365665486735966398063974245639006869531012983655254365525441111010186476174108165713038765007890895948071528606454545
71 -0.2496952877675670845881759302602044186143031430308485208570632301252076058927967388069994865581433700042059180778787669037948029260738557
72 -0.24973183384049431622780719068279026930784060283436119472063165404039784107604644909448889101875099963768628127214176027719663789027726741
73 -0.24976536598334431556494863568727336537265105126106435862462082240020136481016095844009296486440616124139044590000131348709479965023020546
74 -0.24979614779732074223652170050074420448880012052983944822387910210173354080563084542886636096103058492752010477582966958487797089035569129
75 -0.24982441735338967462679934032210125860494069426927704717353013663286585412899590919903364936241899276086666045110585835756797934505458864
76 -0.24985038993312840312764060449342482085346009141112219178934540849021925877795091057926743875159439870200839937787345394570241499337123222
77 -0.24987426044571672275686132960343980713096919919199446330295210781900800398174785202104575496672231761298390047687504377273465559233815682
78 -0.24989620556283822536542266996928212146895638567727241673367991233343303057493032584287517890126591307671515115910319369873717504501348484
79 -0.24991638560742584950648520986518430229804033908885760730746150033078551325537952179306394021362834717902802244867562798759410898384883297
80 -0.24993494622722870114527028430358047760755662190371118578955309611797542554583835582115725170633978394267973817944008906567717587664506302
81 -0.24995201987995533137140466589754723824527298500594891969715679030441878201430013531901019462047027387951613065993869501710112633225499439
82 -0.24996772715314564632907720195906083693731699802866008196056381613380854382779384199962506453484769608205401916472677335483694363120160789
83 -0.24998217793884247953740283424389351376710809079819020278921228452309639367814906378651421774935652705596357283473371441165795664131990312
84 -0.24999547248049377525327694605909164829310170239676251009244210274050238064834319378781913684024492620523660746741658816977150631978332988
85 -0.25000770230724981323063643068593219925481774736056817349691512992513804981125627553677020858480354449204144749897811270839677443840534205
86 -0.25001895106887043461875135593448483900654738207874647139322369854014774325156071850615942861818654086569158335784562432540360248868869143
87 -0.25002929528277738313948731377336687330859455210556745130212677035940742177137187781899532088892474014705127624187095625202402885318209722
88 -0.2500388050033367767713576739608629264851991853018180525193055252076413042985882619140639040140171411623792689655798204608900098702742098
89 -0.250047544422202768454090489591974468360958141942697764564331820082776937268667554613511677504667058265221429648635764784885208159498759
90 -0.25005557240746726417268082121155240218552285355602723172635859445089713423508729156123666132479617194232812579107876274347554102165522491
91 -0.25006294298841813493213130084755588153154277040518468658509820840915604019162130026550880405728628862369967095168534182352644471328276792
92 -0.25006970579188933291449349053399231265543082946198226433881247834131614118505177954310995752582570282006164958843971312128025540270778712
93 -0.25007590643547341494282326092846616142666055319960872099023229278442876858657169768561574396921399048961137650878059839722386967425749336
94 -0.25008158688224547856902399493588238373884178854289878578059833138749267628994676957780901740037913028082708594654850064735886112286763327
95 -0.25008678576110488795698885177006169156143769249252388269647947958252500956494397947544468082252395683911447961053446355954910898293043741
96 -0.25009153865636669943371771872229651891220731196231241384881491060898058505735125853616327387172797519982489489406005600274944414457438146
97 -0.25009587836981922899027042008992632187259911446840960792238188561773500180720415183055085604316022565936863916129918206777700114946162134
98 -0.25009983515809988568299213225199624414841991025700861386838659890638266780653895434642248586251932547433620105669763657749260524284640735
99 -0.25010343694792148735948389409300974621230543092501363438074528094818164994335309903207711149844444897713511820886057844526028362916256303
100 -0.25010670953139998504430607953613761837449767489751236969754837409121078588011884258036543686820351464187838935350978377710110975641612156
