4 0.0698149193186135951990672638016093362830462586465586588618229451981431107851540591615080427075851674234917240518111540584256222140730742
5 0.429188253769301285170862486848290096138775692224485230300244785374566362929033893005080422750336933021562286688929126984631002563026982
6 -0.223871865493442202171073884964834072892077137395042629922321542907355714966836331686007628824027818889757094859880347271784679578412423
7 0.321832083715096061357459895954823375011561862206150621015853431154629801768504338414112239463858143806861280640425387087916585428262405
8 -0.738852276445997298783448268497641941850033510279810804495199972726406284783053853229389008409526235388363599139054705870504869041567397
9 -0.71455883288548754547167841265750502561536050942169706715525229708810997329677825495774832527648807676326732578435732445492294824146311
10 1.09622412207178750938982653310849658286582242750101653206220320831475853009702233544588580744880228460703319283753012619125289871733743
11 0.66476132938785364964367332755193707094435786595336460762070841755430827662280219211225390843391257066507276087962046157640043800473721
12 0.114602986845692301751657673252678216690927549105251803728939039821430687034198326438794284131950028591926930552001061210578104698229246
13 -0.175488945575748402837141178662955247921039960994623955320570977585833147679591069691155853338489485921484279843660978055640756259661785
14 -0.270528492753314299335234350335368221367632131282124431939806272810650946750523489793220849350479287701104507886922130485309438741319281
15 -0.261919327266896974001042232471717086615491371338066716423187319796179835732090245566056425738397912397614433141210244051896111146805156
16 -0.206869413627975958717020593698975279192421636963478999920233088913184052445194567553608263033769071429523079617861629695050012114303851
17 -0.135370836265040645136321631076756550723035225383873685190136839682373706309104280461487873009774331156086713023509645206511477814584724
18 -0.0618408437118577806209751105642889971174366911505250350085117823038040856628930773014953232837233879073382441111147185379790925999164424
19 0.00736680154046730094457751340346571253557951847723851149678067567133436263865538078886894317013432856199913570036683870445164994228555684
20 0.0698772052893042285023979528250581277717853592336778452952140199582286579099994753036064834180441953273130185436442435192030209285810757
21 0.125200004628275093887324728597377463352554381440877483475368731231348751166412090691151900209877230929969889707251056918062142879547509
22 0.173683743511379349177405745431320906305559339421064229797279599497765417696514216724943959981365889723704317281980961530435087178824879
23 0.216004089908702546001248727957647025159013396414860951938059968619238957660048726160369132872193352084407208320480435406001753937007524
24 0.252920116135871289779921185900756217539804916101986517378367407196651677639564111841928694369149157257596718899513258226788233672522429
25 0.285164076943756517477916025034426048224484240384633761869365093678210328709139744676875624735023631198721109012659041754734237677566624
26 0.313396917080695552375199686044004032616317174815287779746440614663968416246788036603868074266382728543635173195071538368984238265743324
27 0.338195422978077282341864330829795509542059882157002884933259252438785580597277252798535468862248555793960170761383985880965675459239647
28 0.360053921173085217028813929143728674310640364850140826793246610715251111066902855287035247146966372998753901168761691053226138730907363
29 0.379392021385169087808584526316771312121088159590009482578637029301054439745806072920431204725731421326996442711293681706211469755657689
30 0.39656426174051335293081469166394730613036304895665125819728328840466841100362257032265414884270975501207894099733963107780340670004327
31 0.411869722270192596725508927791425840077736312229330529348563400708146335640455533195746339250043079386481754091219143742140610477367655
32 0.425560782923110945854432884039740811814645940552783326702206767395068105525516328671024165581405762315739561874452159521925397245349278
33 0.437850749570320000130004342984229766009820557690595824328600727896092511269467906564667880693694193597431771224707538212766322567432931
34 0.448920330585444907320661102907150252107962259881478671390019219543514553271152283808813799192592648828525274002472847929728840631729111
35 0.458923059361624180158787159081458976204721811391425936574928849094857820796684921712910925340873171369168379842824848591387807430192997
36 0.467989797974355495990490326803388109020944919027986280170758111340794422062562565494314602966644360313777105091583877025207579362791448
37 0.476232462071225255040870865263109767300978270034296658809801643956805280514753642832488896286683421198927283742904111512578619956435747
38 0.483747096425209906710951956096523845144489538703225410987757182862488237473230798217997121812277454423182661884970408421162705399666038
39 0.490616414225046880208880628047230088968739696171678790010620862348915011683943281226138213308632518060162074470232402414678418503941183
40 0.496911895848409348972497985169366896263557788679182430008559657995529163263237155071310807593936691099877030823320783306781347212739514
41 0.502695526716337123574919444694290277290487356353632017745610876919165901750193426231834191023212503783165946689352325564492644920544607
42 0.50802123967992798324993011021680674919504267607007058247011040250886682567774976335002906511641169690996242654953049209352110017118401
43 0.512936115411753285259980928282932727036866366911808794908073432282101072374272234717646684385755086192800021699817046994287755639831796
44 0.517481384335998867380749516742878839995893272429874284336778613877049975482473081060620940948147005237248998406745738352665004154317537
45 0.521693265486772132342623891680568378607571799815041448060847064527041466392233201035765130806466598143769896580259258580344614080009668
46 0.525603671059281076593314899260472832335208322959797163674476664768747590741862919935558718710225446335790140650931243550783489720765909
47 0.529240800053246808479420654036908885888325159196350011716671944908054846802527739496550357293722055170259067718241879875132446442603437
48 0.53262964007197905510849529973540552064302775155910961110702848012765380932073565598062746847262329232569839012862304125612432382622351
49 0.535792392838948395135237336003210923602486611588679319431051022336920530073496830826866795713765151174498716197127602666719810021589351
50 0.53874883616488755565364596444063388128529973383552474110336418697849595945713363445957089263836024598492921412579283447864784443244898
51 0.541516632810659835326843104919003148291164150183773919803480540721129424721242475442554448988108968702696847987386946354323527493077976
52 0.54411159483784023002642801170287729379729237612911477385686020397813663128028445644593195894907891964282604987627291654413507055378356
53 0.546547910534591572183959259702657808854357972061169444938858509524568962211943211074211051521987724672834197213581451972545350376336225
54 0.548838339780464561122595558871288206652628692266697238390541415018693836890926897873763138448059574697533459743730616792182672560441876
55 0.550994382715437275249961119288382387284656011914510518791752617773341456753910269008536557872734974304068390652056408947045618465153491
56 0.553026425762080669914955373833221331199470018327990040929476824092442241237176720009295087585635201625786068524685702647282319903583561
57 0.554943868380222689602496569077405092258165632929157484287378176337767911670491817245130907725182044995474370463020339276983873109731221
58 0.556755233382910846325272503089500401266209877900759696294180138603665410583736582442123988745716194376580744857769906936748400713195327
59 0.558468263188430362511082942477128182932699706794001527841108044051621984042810060720124375969743565095309929768710099950270670698466825
60 0.56009000400763541337217756670333066766590234824974681601072829083320825991886048497583916378939065318724282064872849338575019896397346
61 0.561626879654428735718573966408131221365451358667262028172783274219816956645354901352615226544213676867533549800597413200903676177797003
62 0.563084756408219389167442666499378440827198771366117531726622399592753312785584903697258706468218156809566674619659815924152786598678079
63 0.564469000141178017477150282709334851023227131167975277591585079248736853655804371925522244163893824896342763046407408921269504640075155
64 0.565784526742461722853048299870699685030839994644334493581164229365914257793843696354797878941440931528714771442160140104969195048610148
65 0.56703584672009880050653412709043514562375760076595451326026949911814380510598515091846133107783676070699120073690206732446847008527689
66 0.568227104733860686992603326380361349228302548476913080828527711134546247450089506579348840937026045000829487202613535937242154283496137
67 0.569362114705084875120953303715106584800001599778018253265958505681304959004122273447922873920859057280118952166817500480506499166048675
68 0.570444391058676232519855269596774280557141990277706025272568043572011160929053488670844586709172625281585956767100818567909096471880718
69 0.571477176575637838596281139190454896628284673353638196777022716374883244034470610615450721840414801200779124799344806425770574178049032
70 0.572463467269189162622934196134261922406813189920500529145610936166033710504081191113582370181556503381271688656369748483109684210600825
71 0.573406034641940769592778522741716560328457908233008199587550594133370263552359626717374544034316147437684772810235063453665278779748893
72 0.574307445634157224288596866362939290641912718917683123625708526404348520914577612766767332285574904641822001313234023191129043683677011
73 0.57517008053256533861928255403224317748776091337883445021876440907037283107854282927156815914212708494956051410514131403123606001937419
74 0.575996149074382640785260646631928095211497768435073970866000498878271182009800457054616977443721648448641943016259185420694348272429959
75 0.576787704951358724119343836815311595735417467327565372304627686584774400478251128662878109513567334243367669834965779872849296373099141
76 0.577546658892894702633359302154037340746914316313750904530630896971778856688191155377289507828622083711960326762815097309782220675807111
77 0.578274790485109376163950737314199320497607317748099197615986085977138557885353044303666140327721292329644784885211750460637905378716191
78 0.578973758863531226815180239595928111709159763714375715669068988104952088525122008330493900149859289538834114818610583406566612672779967
79 0.579645112400472551045814547896956938229690164295767563978429139140967710713464014405641993883309084730658845601416969490877380743810283
80 0.580290297493714537745610091609262945444590116397145460253863708967362534081135968896283099837175425493461291937186401495227331475276855
81 0.580910666550586188631219642255490892937191697007518162148110062573240886281931861071708771743634325649323741169684791230666164843219561
82 0.581507485250589991309528902035651950566707648588762053186220431253569016662444172759136509579652328573079199981637765650729504822448012
83 0.582081939160187789588245157958335219846535010323045173826718120564680530177465207426871627876454037071264531703564929035901250329816074
84 0.582635139765019693461248161481755235524301103176449331727008792227196082409445417775816654416677871109905107366589857847907856469208979
85 0.583168129977523842852447937485945116327289787683273694062964859119486494688936364219545447783259757878729167424682342551880467684845106
86 0.583681889171515986591947777925580709057357809871752632832203352072107842193468393703546055231617713340660040816500132590846872052765117
87 0.584177337789655927503959323924926807418430765258627126093297922915388539637216011940308109140218093950201342636270670003076177192839087
88 0.584655341564770735284295757414564620521843268079819865735617301830825559590612132088103135610590167436600837426374194100362150630621667
89 0.585116715391634511057622820728745895997210666676254279955762229563885343825216928078774236449445866103183630174480631088057062420004555
90 0.585562226881945940445338762103351710899754023584652130329163659177081347492132654879400525339275922581292911350129140181999350046164509
91 0.585992599631832872150923692351153064216737333478187446489272959016544967377853852706864526091389027118394219704512216519775332803727092
92 0.586408516228191578345188233866623564903486085310712354614166405041259653624878422529944612395917937692092229175237871599866866922102533
93 0.586810621017488658633913698292801529696340310199065418068759966900363928891866140096198537926702037873235923308694593445646014696272699
94 0.587199522658273705134441741016502234120155953794547648075733593703798737171523909665367149602428085959544840401240799480730935150881835
95 0.587575796476534383403738422517507268647058830070848069609264704149368881455041546790855585389730838180722262474595796396704766465280985
96 0.587939986641140812716926723866862877141800409184681845997692242656459539316898620511033083702160873426049988690552186771529104936699403
97 0.588292608174945468657026165302856433123788577158825725129774167694276779676934505555560148651205517156372329399304523082513049757512489
98 0.588634148815604239420343555656323065100413954523392432245144194307247953725680050648651385144568384763737163409787648130940346543354512
99 0.588965070738842756124291598290428597518715094834361613551705329218023875691377130200571233480710108597137910146399668959848015245565422
100 0.589285812155691336376695293076377347996324463528999580402002375857641207473271921354419949991412576622694686808434469508846403161493601
