4 0.058252033847276001596125949502547109628018109161277008901263048776966645267122463605785657986205168828770735235419637974797731056526
5 -1.01716734195114206345708984727709329278024385485069686798577390803934894093534461722235532695944482799074262874819637919609214085056
6 0.840458564576319810929757837042398658571208280822668825794381052158233905829270592838803334609478744402146472729287503829554759578141
7 -0.142461573923033287151559775154667903840266251607250584689306134478329173627823732986265777290700428941156468558877935823553194847313
8 -0.486609606731045490310883527742292506318088234387857497615104596233997395255691472588129845365865188333713839065145302344336755092517
9 -0.220089837635004386263680431716090509450044702865133697995449276319698309567766977596744515201563438892898172076854808963516190786426
10 -0.402073708456137471102006329360155601300037144172588531192574866946945359477092348374801282615086464645162202330256791505539349363668
11 1.02382953007473765134256182685383483055994462195399242630698453438377553813560384844559316961005432344165556663533491510674892006001
12 0.594123091336163168847932824691734896366807114425860143780603706450941423567166456204212520830665297628362791297503829465797271842677
13 -0.139112624592980291943922221172329208996452650909404138009435655519817651229449778583323554871937697793292147160115057293419904607363
14 -0.657929723694339018066363259559536908564342083275659178496868571110464536334937856500666926721116061030463011814542413157249528923635
15 -0.939239703960760014073885294227871708913182901313272728100696246169093796466958508195782544173725790579958370421912450755870161302321
16 -1.05889829463057900848412649152062245066700307350276152293211395545700655121137211962834654545855621676635104744898427704698778028364
17 -1.08425903724270313500348738082696834869833485214613384531016567294084651676069376799831986065203927823457772856931272641946738037212
18 -1.05933683858004436177659683350530906123667682322938591763472035145210276508097723974102057905366461050179466393502118637598325020835
19 -1.01005483727563368467387505622821445985161476916953315948262516881966098702640827587584657156070155416415152762086632451061487192542
20 -0.950914058182476178197562787682518749370307587454656168096602061997662444240565084326552056411247772826153194714063765488625126426012
21 -0.889716778026534078316937841050065469640420701594779569655839735502990039027896709194209418651651638719398948570371033238465358257535
22 -0.830465564737454033540910393549941191941360204889980393161905441984794750657513846442352433723307387539961535994598961372591323684039
23 -0.775049847548218023932707028046505973283704720064692060543907726818868648733365507692571114643551176062148562899001223794313854757071
24 -0.724205288105497397168939867842343316150927308693493371319218345138980322677590497812245789352661656782342873873777763396527608773014
25 -0.678053827422780209821676782250271310910527154684894348209569104543575835588909050524946046570460286175149642794457576223927997037033
26 -0.636405589082159306060912077510434314834638869355381055041203245648610439977214120434873137944191822981657463646229808023613295771676
27 -0.598926211739895769641473305375694733138438828715782504901822861574520899494247052219893157051999412466048965204820875439050783493882
28 -0.565228228092453436733378523544774315355458474641612634493309816555367931997924348905081398662833656914944601376390051736933579299796
29 -0.53491961510078800682667190832862952349103951779862213722135722507414016817046089695368098426143120094041499024594263568408644935523
30 -0.507628274170971403244222603678083742573118015971703306082019383683600610913605847772856495356710723380247658316954782809781359120207
31 -0.48301309645875662494237781334332944478573763402904635099633117352905336838451694487337867601411622856302665592863644778492260078019
32 -0.460767678292942132684417308992388033716082122683059543728676090009693043917765129268949829617872564373215273727108991437241623310636
33 -0.440620137868997232892897347785484909835989503561871842014308655885810507553897919146780111747041044762082686442473485360194691852004
34 -0.422330988439123214836501092366889616428548056113483543945452799866708738269717641128845437335877464530101405595233781539293833207437
35 -0.405690163891917236274603523930781773532087868363027203175620718608347392851157858181151007545970437415493476855293525943642676907935
36 -0.3905137982275590333846302064429898569892888702927314204610243569869927650964445845406534265909230489717626066158285784439021904644
37 -0.376641076519139061092623560966285184995888262284761547656215499161248347269265343228710346575511626110088281334806812286095969966402
38 -0.363931312981935390788378758978385043194139688390540249789867297542917062035742977629073232861391671975266768810951974981995105500097
39 -0.352261320645829398388093598357515442972177044893293407564213183256518053293046931706053049553826796161212390945026377951624583533996
40 -0.341523087149984278143358618179500547763488350745002364555592321958996027556706588017573344931367791405466748207837575905926873130776
41 -0.331621745014147069384397993490221935647224461920990399594203587263644830693259707473734750413002375237786501657442229551242099493414
42 -0.322473812227617952387043545355993872928830186446032148778297652857979978305979178634572920287509642409794402163278902937569226463637
43 -0.314005674175477770860704704107195444761306628821140773632234104671837353457370485760770385397150504014900625630152581604659123919178
44 -0.306152277303043654487979704193171126329464436159054898606258183641512395271592896927610250867885861802228992738403047534029085898527
45 -0.298856006473418227575906671454688611362069411429680048170176867546448219688807438864453331472383456482676379063464264138311390583191
46 -0.292065720532023836243920707156248217759502867996589701741034501184571482312716579338776331428182577554007838104869846070543267924921
47 -0.285735923498977996767202056269800220619431151312601894232393510253314751391403578167595290203674151421231658584601613832812455295243
48 -0.279826051708377337387741370566550657071027913742836955261813745967670026396000391756525579190899880995884256744311055857167709460285
49 -0.274299859921850208820326495720726756174685305309021690605892577576697470120712648833543347097664341823827816984883386112563897631102
50 -0.269124891881965806965941110012783193447662331441035982222274731381421269100851545117360600594423168529124945567681884676035631938006
51 -0.26427202291579210189312274266708193376492768451732588405215408012940950274319609035498210245589162643203562426168539438105421521002
52 -0.259715064057084355900728949543152483097519996044316644511964757047659235987395700295154375056232358266313802646762201307995422425426
53 -0.255430418749385834429751492737819994147547707581976085088885000392017682720868959246289728499934125824399644671097717109324376735852
54 -0.251396784550149639522146845498120310420623984092136013298747531118073364299081281170889014317334920018549609835306499239602071384541
55 -0.247594893407628962061690394192661981292744725520009148940341444245688851000528669439011029050201550023288687064611249424912251286161
56 -0.244007285056270293286421934587408874602690233263251084885888593268433677359337447918012360160231312253102224531204086688078000923124
57 -0.240618108898715165499663733436112409389440089295918677559841602419809239337455404260430479549537304476918152947536398821574196587446
58 -0.237412950436322384322681318261702797200052370491287163335852435468904172535024151121912950207062616285367765979820474672224851429022
59 -0.234378678895382494216312244004565891326474567122262177128025217212943124285640623125985387205797939666618456624925544477979612196717
60 -0.231503313190067849109697474834986907533215029104121622488126007734168224319176971185815841143300997022584172888116570935016529874695
61 -0.228775903780221757968894229703379604115305937381159901222692861870134522330085303320846543583923352815159027981837232252887939831433
62 -0.226186428334646167469250852915066913227211444686928826666072999073402019204300752648528572025730684007017503038087083772076664281119
63 -0.223725699408947373000171289731494329492189216566293291611656205863948445456488041923291761227801048176577722004074859320252723751374
64 -0.22138528259992011278603437406877582794131606175424914274778544581092906821644662777024425965356154023671250078089720550266014967738
65 -0.219157423853155087431998009391601252684571557559363176020548404066911748982644276893446301747130496587984888709233678360102338649826
66 -0.217034984783117452512276531207141511937041166568701925026199505759608593668991733857264850592874817918767725071662326993433675294169
67 -0.215011385020442228189195856336922111987458293657206261098475560317124914042347705648932183473861281289095640914612830060866078621525
68 -0.213080550733872973710130696482405872457483783773384497284832114745028711532767233142497710593480206681578115753120620581730382895201
69 -0.211236868587684794235411505141522204586143954860059408029492207739880794652872379623502966262204457074881393843366884376767033261052
70 -0.209475144492556038223186434108000244940004505762077781943467727727099306088981132524959042964061437733709864721217149355620728297724
71 -0.207790566591177726945986619313210854223300444643331875706793472662831220256571498170428938624411915816667210583642756835561807114097
72 -0.206178671991507656665970254447862944975461783800820756540085956999283139309346393356428945976553321962559831425771420922562557191511
73 -0.204635316822244904054507389548939174804390545759661633095542993427663787455338771341401748028308412806117353464714566028690257636917
74 -0.203156649238299181582393194486130903703954227757374740263102389232009384730774010018672599209712261183088682810663081060378385943316
75 -0.201739085050004595535642408429044097993045533894315996642852424534019455713877209187141373189371506168847324421719871087514742437969
76 -0.200379285689630984626805171987480210820408422208978391686203202438967568328224662130253534722009630494251544322061507396258974263048
77 -0.199074138263267705590049055903942986644294027319718563222138906161023133795796959052020657122416161579672639130638989857331054630632
78 -0.197820737466147818813244566172942056490431484753601555629396600699520169853007083047142289035988594403408497965015191422449110518915
79 -0.196616369165584172267935541738188120181313301069652098244952013681523171678925695427048840720439440349553862214989779104300321869908
80 -0.195458495478445928648601882167583997595470197002169880922096893483917735196024273929012222137135867089486950205435472432148840404725
81 -0.19434474118997686928068320180369197448339906500074611105567735613150021114961532445729012193216721786646392707737476439353832590715
82 -0.193272881378139472998406204539414450749251084381633971571023505635674960693392900980010534860851452310959912400904811307440836296414
83 -0.192240830122897944339180213202253943689681604894978133610404184805005016527032055380737298267061730787210961133414033066725372841034
84 -0.191246630193217066410667325672878910180788781422867911604603437626637590570449105271966487595203541447430177486604039780897166555136
85 -0.190288443616298809173139127731745308851039615455362822805334993768998357850397926698017528611077202709838540898778441696563139735039
86 -0.189364543043916922048817552016709418062670087610694937936021050297668733287144883829575049796902466507688342316182468989211018086351
87 -0.188473303839823475488785547730359140780021392064924402049856271781103518128824939104920705465007988496709255922648918436056017512487
88 -0.187613196820247408344151604121733018944199493269215064515667128150125535697644970978465548166885717257250385159888727331726415289207
89 -0.186782781586618954974930801552315674381277140878055047708158863853673092167808609145487136311031667656937680628226023713985377418145
90 -0.185980700395952332048198917524980121756447318919141441952362308138564839906799256509298460166207606775599951549436421971560572692563
91 -0.185205672519903481187861607710269154007898742611265676939248561070511327917812024233231452741180546921671922907274358365762492855912
92 -0.184456489048477723554468101442012515701686108513219007264893302000706660619091531055159089204683387697275239554576167241541856988497
93 -0.183732008098770045526184113490848238567641821851591837188356121339262909433909037782631861594688619732415129580394286430314106753087
94 -0.183031150393044612960711512858468555625164106554174703328438059975314456823065232272870730423426600112087350598739787288344134175635
95 -0.18235289517395765441218248280854726843548681499089779925851452740679408489872100702551801538009361467458227466830580097035171498109
96 -0.181696276427849328574212152652482937518046733423674254274588463394427383705113481816139909994311740423142572264670244842160957848638
97 -0.181060379389819491885911006997190724344433045059782695602027631233676226123942559547803182091194051253435248849262851123130646531884
98 -0.180444337306797791168933104784981847947343272751338390082108838224272474094075253098777163157779484399472962391061393610160680568887
99 -0.179847328437053833293346334315249160552970756844809835269805904001793145790370763568319066484193885528640596261712518468099664923921
100 -0.179268573266597800279471958781253933329572020030560440201747662543906228380368735034910135067339980779654684166621688691595207069767
