4 -0.7590129258722591349883414164457998873358124531558748887819274057854067541058338559593785927572415636826212198808207087920803974769
5 -0.09441611484380164535307750922615779616884635387639862899082834729563562739232003701319123259554298375475430383302236626208108225009
6 -0.1546487699603176501436291578087700945892717066526044799765342419249255207982182003802912067368453567523498787311763901568920976518
7 0.7554456409450175776555664360307615508035828207004551224325240526051859065444252172600178480381799271324031520783645778122549451825
8 -0.3449287241884931354146609766735174896492011921977312496004537503786508128861484318901225133402109008633130481516195976195324954496
9 0.5618968857128817043055210240047726581299225444658910932193996629777700297484859414146902997063673612133575290437309721086977686916
10 -0.2121831114697662539999413270244687547776756497346635126518522904816539866939167977767110991863983555672330667679817189449726405658
11 0.4620961427090491188597871506730302536238830127647484665104232024599226400977115174361703941558565831669310634292247148211555329657
12 -0.7459248568823788964307498883859147121377411013903062209917701252151934568589687728101077040790078445077402356937745846261001650518
13 -1.153598471953363252231681888698693796528880662947530855089664569329074998578606979006621506021288332108279154837696497455509816113
14 -0.9624836737187037020466594497274900149793874745617264175539210076930307433804767341974515889265464018972344224519767860764181662285
15 -0.5837398742732498628715864538360449244007623591689894116920279140595080881573158015287723433495537895360554767734189635188678959857
16 -0.2147086865883072673376845120405314324836979032235625108808357871029018605891566173390912083708411895667347729495420528358899218651
17 0.08306820619140064041770015832496915823613199648966160257704317676714468183076149883559802297526239390855362685871922025059696598028
18 0.3041766136527930894143643733424853761189788632780092795089796434643674060140366748573211538509841407236140817245614937919120330004
19 0.4609299171543139433709033581605730954986943712830908161425392859893207550912503018020609124517141625149229225463169073264755357498
20 0.5684711905225529450206158125391109748557704075878973083147990991131099286725472812012242468698874784991584032535862718918523241242
21 0.6399805038764906702354392961393735168563517258062751863381796578922816685355453301693220612534840100539223556927827477958615980087
22 0.6856947877441381985464965283594176479900235153199193086890174719937556151065745785822229515319618148722151862757858305911304990292
23 0.7131787990630971072926067402171136376847548310024982746992071504492306494354569507559500870689445633657449100315850489181148784254
24 0.7278914360600029731988703511446919740713256064727907948343468137188744829183336565622574440686694249059951729598228345469500583174
25 0.7337275526408406890107086122341865323711540136934540907115672471522062296921171809274257986324266175619331285219635170714280451888
26 0.7334521263138927789988688278462485219745658186469221765697763211865010983659906549903360969133661972462866483059839901946470269719
27 0.7290243440585161265392000175109789092688840547512267522469825329421877115654308031979740864061389481979530641336643539742712036005
28 0.7218316834955770530995155618241681008987289629274139770843169015196768407210845841055768032319981416102174497280362399179189465196
29 0.7128563846844030244792090600291637113850816793956445095048305900554484800478489546012608155930245325805869040158551013789329410208
30 0.70279307735489596268480949848414506742615355407707923603893329968725941201453788924157637746538687726726129157790962214499100038
31 0.6921317742609485035907473404496996856725514917109495597312051035828592515434617012663895070583723382081994228730574683331895399939
32 0.6812165099353099864523051923554845252361369937523692907486418254130997680055577305980590823453862671763934089562671874314884427623
33 0.670286896172594524512948103835298665265725986485274875444632144527369328901960841045229162397872904051121046106693980485155817653
34 0.6595076843696843866408500998391208097998599643108437524715923917499018663645193176342671763079769382942371939949948254137755045515
35 0.6489898842589142862383761976980429563172361313253490752554600084525130290154783994267096394609885921352973656546082819232374703182
36 0.6388059142872515496990375174652068873552008811582847909592493465663892339306868136929025578617491553905660264157228583638926378719
37 0.6290005137913308483609753618561738977840065945610731092672568385493651565417073673780293307965611584602841571272602463984479693678
38 0.6195986308449534973278100112288075574121179793814620836545532589022266573071334095300167495269778477065877401470000846224726915635
39 0.6106111413421328889562582611490754212402500194333435241518506787735963243317959049406036361116541989291992351239482201244709081731
40 0.6020390053720764435248133814983840510135486641341522387393908548374330129454010082780439536535451191161238746359997821741986992546
41 0.5938762924500977485443744848050831239575415709587221208261910098882152007388501879098631924777195811461153882362697687134497042694
42 0.5861123845353039648525779188099824471269599253759515412823952862764256768669901135910482363894523930364434895642087411446861209413
43 0.5787335791257456494509171759560826412592428834258673974732504483971386015763411954608521646836929312863977154772088236451781314076
44 0.5717242531796005292540452573746063062079274336281852632013928365866824974519348003283325212017329711338084188841815221241275517225
45 0.565067704659546091014023302174475173796709391269691114520500129994388811840577116186295055041739593517564592328400292537663645676
46 0.5587467569411728879191042720972536353995126333375559012765393834481944099283285471097010148207506744649743703832710060287014007824
47 0.5527441885517887867282613237414331529530314372922582888828629089504002809595224162454379357810777013666514341324981702523305959946
48 0.5470430341872306414236031036068243169412012258045626641983760792061130881909759497973205721618715800789474776228398994195038772518
49 0.541626790915885591214469869431094750599608754557303751028167734023271043853616793873544838456308761076803599221505652756402135729
50 0.5364795546663340172457308456642867534214863844472964984322526399436816876646716088517216360574951664955011779027290361058540476224
51 0.5315861056163591808685623111232521856280374367269774426066952536000875169438251464011614764353439605509160754295500115281956186153
52 0.5269319563196901861104422081449207136556970129352281778045815814516308779504698863127925912713546060239299744771122372902336948065
53 0.5225033728654533523389107243663749090180249797216670021123033919155519374449130291163093113800549382965335491036220414509750484639
54 0.5182873767338458768806101899409931858744786215321286644977793883381848311136212583022009447277659028385445780558908631571939180641
55 0.5142717330506222610910395429726011296175857272666246965817192283840212345456602259738883879605376671195863441836582107530397704207
56 0.5104449294781403008092533413353544137159558353045013850348529085188703566413397690640129432303517920269666290120436276745557630174
57 0.5067961488842335287347545198292866332786921583447569222099591080998636616067742428680760958470134047432374171484110609253377568909
58 0.5033152381081567095058033767090290687162310415747213131200160984031640565024950015354635675269176087391435272861906969087704282607
59 0.499992674525960884025172223585665417892685668946288209579354989738683902289055399482936481802655446898037047198405104004547151502
60 0.4968195316545079761038979697903609867798901861452468808894103264741235449865169502310857670114298596432011642697755778316989639653
61 0.4937874446857040043756962776581569738705596199768570845351470817244376543774608821099291861923954734384575993931826845089416352505
62 0.490888576581876901175409774938794759974963735665114798186336899574954485184024093797957501579423650796288832526281447834135188602
63 0.4881155851681776124536827312757727600120947103120946663932498480511362316988154122700439554511243384227479455403173242037855763025
64 0.4854615915123879171618719745383091745900885655877995989759882924146040168014464605361719285626334353485383176762711353450498690032
65 0.4829201497744838566240147052148389795562567457954836385824385721778194675845978834769880686168612924164967654286806746088801134734
66 0.4804852186286003520455635401907895203665266138802434408874258986784778884908607184597724667023700342714337102144680126899603887896
67 0.478151134301762472588092322638309613748556969725432882552383007488858802128829186005974991511194912244303796002892990920360973295
68 0.4759125852316549637039105365413071091701294453059308183995923595415839282974902170946895591510572524497671129658595015276247953129
69 0.4737645883158178186863428768508234016552931231250151496256304901401293811766148429867776820252704598634567671876124290191997168874
70 0.4717024667039592167700981336914861947147131468978475858672407250533421558414259060514095765015970298365560633679791979494979542673
71 0.4697218290712684090255209655721006069401526604657806411987155041799958516655781354637039455536450060590547670244394383207977845305
72 0.4678185503019398384435029611046222712258731530160040051918486527847734554824181075822297543327760444116355669423907013146382163986
73 0.4659887535072539119384128188719401341221358809607162793895538978076223457010858860331267387184688876682967410366547888342108244789
74 0.4642287933004863262357971150247332313991867333577706894167324505914816080471543962648827047109857757388336374359172773476456832866
75 0.4625352402508671728821313054562876950649787952431093454948051073919299499059740847425824029650007567153275824908679317774496106844
76 0.4609048664401998877126545214668693395746739255674410490627620096819569927203809847153702545775840105602149134630844925807002908242
77 0.4593346320481375883789308719077532669037686407116511960597870978038611882177182725628355796097203802936388536120932096366356783903
78 0.4578216728951685982772932044796738760103524489711436946557528072033904746648842450401666905722315448346865908892472795789276891919
79 0.4563632888758355575309841728301508375355731629310162654824438771015455777175854298855764985217021997773867144460642657429835905455
80 0.4549569332184188644539520430986319040130353054492326478845295904859980056485251305424848232314908388026330796216336764141872229098
81 0.453600202511119437646128919168487842527596040602921053289824665750203941969126535574682403148456701101718776896277763140006244937
82 0.4522908274385793105724793169841837640636749296585309724417069105952596823829876739314100649158585302481774523169403003000026013624
83 0.4510266641763110562237917168276036988099203988699089183093844835809865452897534964184282233924768419100484796370930697079872215273
84 0.4498056863942196595291351017747088392143823265650172163028582520324842705343363608173730825963057853153633623682687489346263498283
85 0.4486259778238606028006206780836811562355747116991694697087648865715771958166621775783596015493298361256123946926501212944324243232
86 0.4474857253473651780049624035121394347476164973692947607298994273889593114486509234486667470199961800239091150087599268727975421899
87 0.4463832125690670368706433206135987423026030378008221442197602365494408955894614529304526421158885667742309754697655166644993536967
88 0.445316813833778075319904778291540941801959873481247464309699282490162396834775806467977500941756776874777363772362850897571905308
89 0.4442849886583871294254639327330995731589724763404723605191918859641354283376777247030308806523890400812545991825879110277647433431
90 0.4432862765459953172727964947522568362837746609550538668392457391150852735389922323096186133755753078516942596410901570768822922958
91 0.4423192921541632902925511467004780255473682444352042189789483777964788184728750072408320368360491898798728008080675196039700912673
92 0.4413827207910358659419660989902251398164376115332877337200847968730212769295777808413011491747591401427110723331612846982712748264
93 0.4404753142151372156606701525215512754645309128168981263325854750893496047895147917769046933266680922923430186836514824616567104038
94 0.4395958867165042488556280126702501838025782490547355948547079060218410068733468446217340143002892502179201627276570337543533754197
95 0.4387433114585565596006605486712549093843613861764071751568535683416899829579118365482548583236287569357450760237783207030578848234
96 0.4379165170616977626796999883063934087172199081095629372937782533745462532854271494371214641448226989961906210786940002393037132398
97 0.4371144844111145216962954807369998291559731703169768684592602369882508415818065463577447119893818078925108890460504887112971444318
98 0.436336243672595033074044654151113181210945629985586787296301953711384721538373246210627295461963398770663701706950473457819840541
99 0.4355808715014367510883873220006294072433679689058706802912292584240743247367881124863610890057287542833707099341651882297268032209
100 0.4348474884306618520321102557881149880682903926903819157878625415538577130192152201198974723097156688698590693109875633904516966719
