4 0.335646166789454273275486425644984554428178867789777588718043445791650115576656782778198370549053277398524383125859338944882952911
5 0.433788383274874564081881512959592155607476726807430176437521059145714479323746368540416591348414773603971663986667293575747815825
6 -0.60061010566907532815407603231509784647772650486096377426176148894093700594343870467590058479580778267604691836999307481061638821
7 0.407131528472772581987550732608031562588612709555609753898444537934715584599327851364117066068419233552128992602898905365275558617
8 1.1527866592406764086342041772635052812112712606966006676992442549919156401218734431504056291629734961212147785003865282169948565
9 -0.0958431299528200523617939745779576193906489832331012437535901385314488240855596212858229348670345296615601176653206637810846008301
10 0.652926586165416425873542245327328106989986299459235778323070193359321800767403158958312553831759850131755307667440085360614201154
11 -0.235405209085119243615286972475599803788374382224921578335984484974097904229105415186567433176965571508726761957962091125145293426
12 0.780248365708717113397717128377835442927762908623137504452506716556266574896246201731118185903061258228863635454096755588281447631
13 0.640114244566897719235583293628947411616096205436021843441105855527076763087648203192810864180655947167500634957107300595243094416
14 0.0626374345331168373249120669420257441468472291494752410749482925390085219630194793944986901378469816549842949716849689548279481709
15 -0.456902197018253971018073850756806039970983327211588103454948408607196816514831894432779853811921538268729743965408462693563006467
16 -0.798815226229655531171799514250225826600961185013672745166508058520938479882103564332614439331218726441199672753020289065752933672
17 -0.98332981254040333368746582931246459763206061642871820836815267427141304294148121406541899703478408937022381336031870481751484414
18 -1.05815168859984650658583380709515855885160507276372740570274122859953022037493034867628723287202135051218372870722657649014628896
19 -1.06439937307696040875588634079418202396391715519743416979015230724068509336340935999677926998375540830257810183522512588777120189
20 -1.03089990687263394320535482474316496108597972076974813435730894394487954252247161075325738406022681980911750895542759636787739123
21 -0.97621077524962367886087121323610662281702480276617300690938026102942329401308115401572432081371797325433669156508932488906802103
22 -0.911733421435301331065068510190517634912428528680742309256174709095872393156719973200548449326921306116271267840692197529819110211
23 -0.844234689469107499020273892399518056406006405334179265317830693985548781013038853972442673990437657947986299035722858401040507722
24 -0.777586174164607091284814118267801133550269937999456225224147570480259560260086507360747405233658560238375928256969423442320513926
25 -0.713888770199540588597724678251703020479533948908301371185835538542823284986905504853325106903729557756807270677124356846739106226
26 -0.654177951012276521511122376995640729977224822597461300060727570325716094618164824877523604045476658955955912806024737862061571621
27 -0.598859287488707716090413386195318386920939701251370283834725223119038100128913245935605729479500093391380112877037018803738912998
28 -0.54797497529779813908158556808148129139054160329532734640441403285690639737496467620017467567708407517508176979443075008292025482
29 -0.50136580578794601456723074151204077650772770350370092572297159815563993701964805603576918415626269534996019622524992661231508936
30 -0.458768807624058349405593549800957736741123454103252288500410447945383615339184518605743038875080365234695432630226085074579647384
31 -0.419875410869093123063492189090740912408899067852257228522065159288033300733524955735861486386790232541612745953370453055292345128
32 -0.384365429263684751723434993740488139156568591888809280300393179705362291694423374723733865207600231697744044336956275649636745202
33 -0.35192627149002591156704932693182640977235825925275390681413993553467640060205330160711785144409094377945048529397766905550105145
34 -0.322263177447038104283525949619585873796957688040423866435320332301887641341143494213011836884338165661452588562043448652381830851
35 -0.295104053380190916838062816218560401149263188161026245495491437911617613967041859438809637810021509400447871230060784305359819758
36 -0.270201110144943148871460397156432825484588166856198665102730518118556267717480776615137118464887175595707504537048506691292228219
37 -0.247330662152158503336833150287015677939897320024729907179210882261162530173743435574433858308801069282008187913799643904627729248
38 -0.226291919501613040181684962107613815822848567356679828163064093340576250707435030623521379704650123458266301674445849589103494022
39 -0.206905279528836242445291217036808766252346974349423485248359976985072256104892678553233323535192580421809764006819156142220348869
40 -0.189010421056729503940150301126458924245098148919129058016047539412898645750914472115092208380507306059115945840871155380055254692
41 -0.172464378568315099111724872353137593663397485253840686585891498863442571089736080067513651291386345322005816449920988622223352371
42 -0.157139695494956117284134739440014236552238104157244882730439472563657667430285585431141464646607556840442115484088017342577199114
43 -0.142922707905112989109786858741369471084839863103148971227176310330471709255049876340831117465993641903848808152101673229615677421
44 -0.129711980855621876310086841855232293636520669559386749700855785700933478079575760149196673925761039675809896515482657712570279709
45 -0.117416902476337692632549466246361129227575819840989536413381790986547997913965115857182985864333582306087708627329310593376061665
46 -0.105956431052786755086138171780060617518437497266374547738565200013236535991090726877644741363442644946649547480942577540734206875
47 -0.0952579851409290814877292466581670640212716967239795582198540034693594592676129546944625554977763978012177719226085441396686831774
48 -0.0852564643173709189064843687776256987182355060011480435427498867185967750337413135615787320010244224103199342053796726536321896876
49 -0.075893387416160709204762641191324967357171217203783558914959673110765488505217046408708663312967940037401573591859765011939355512
50 -0.0671161353243188127900862134688516098354240262101914461747783479788083263370614479801684532904375023237910847726776261960538114592
51 -0.0588772861618803636548189946994561157504769559828260602578136470218574495450418202816807474163548651727532096020143859106386203139
52 -0.0511340316864139608066676273653229980357748133070888266520994509677519441782792281198948279028654352930597152722982464574820977084
53 -0.0438476648718401428553998679008404896666365509370448927646994424014466694118249696625426534566919699043781025532799985108055982178
54 -0.0369831297199447514346969665102143773280085215720185287935101177839861330857231086790628909509455207753581045490727039248308008876
55 -0.0305086254160352749412383391663539657637925796249532602679696735696166668189979151044908499637586925245728631777241923943312424135
56 -0.0243952579101025314782585668598478387949189123914318155994782294419878291690530092589427510843831252051696219445235950107535881879
57 -0.0186167328802873799111182798720793477900881852898329324115672267293996630825891708722915873821626324051506969001216842052193015803
58 -0.0131490848147718284166052516697440610157294722582951800831132840754078911940872840582452297015259164876072294589220312264663415275
59 -0.00797043763530004558778344720837802808766041064721906420293831038480127030005632456776524504274779870612431141094920698754512984304
60 -0.00306079288717909485337703685845232703551250673712266404676951389490646203629097107349266068203473272824313498207248503415695090662
61 0.00159815795510464531562221510726462641595478448556772322641457633766083683818872022037110513164947410321159449782931524314303610737
62 0.00602320006218704557071793299329386395777779623434628093329240398880551775697575854030164960936627074095595291904131218728467727259
63 0.0102297433050471525580501612383139091240789116324954413584297576973683159899342296730497406536773775086802146446496071854973826801
64 0.0142319540508063520334866559941905922540188414094966214543896069074271209117698346207326904485915765410635084112695635645086715959
65 0.0180428726636967408232653083266593708384289042468471068575754641015153761860788573121377015499155103703731431688126292370954447701
66 0.0216745184208200328011279633887662830505049200435408927886755738812365421587600373803127864841185293324706323903107379411920706746
67 0.0251379833319976058647617366424274323396126076004225574563609325940625361872929129944670408317426051171085535812552210654239901674
68 0.0284435161625745649558469741637121983173002217166859328564315718939019875087553880041950055864097569835335030617796783538236005592
69 0.0316005977933440132616631963589101694722509798511435741997315495095415389461005461194113283298971404547459839390593846391436379513
70 0.0346180089092189428656868424708561952814645907161815424755826650655939182255997877163356624488263138971882269001820506252603106817
71 0.0375038908848087471660902525501378040416722016334588984565849668384460155711260341545819774594030744147818675932331033718795918862
72 0.0402658006279975961669172599815906946896656641321558812286823572740843630527950210435832245963742164692181845662946292083293862526
73 0.0429107600496901387184203247135207456217178619762446937756265664898073320558043534572088160718651843768344007529860624302722808126
74 0.0454453007471276225738923458596188837384358756761642844512156780092935917866790883935944875195364606462892489171811004291859716955
75 0.0478755044179049469149474736108999129150845366433242770126502512503708684638586789761341159495506564894654074318775421720391930846
76 0.0502070394605962618648117759098017313012081493897204790419250805341964744071029755198106298325777231174770192128249773620003888738
77 0.0524451941644885760590832765959042907497498084151075125498563055207604154550349237689372441566726251326464939394043719080232070823
78 0.0545949068442700772962093636881365903418497154763546193257145854850189399643166638422004730665196427818433900310999685962188776637
79 0.05666079323471328521453621285739839354442803743465536270914651694228901190062214334505132834035515520626103338226464395423258145
80 0.0586471714246518144898055088052183050376407742185539926438764702962756059956127343229931477724224106645425795100548900222123085196
81 0.060558084578202153915076898934607488543009778304027086986224111691523892034047404034894884900520213243623608759187966660969558089
82 0.0623973216636509006419280862391287870215214021787683234420900520297324782404444200593269627236951791944795807170106248175444666332
83 0.0641684363862159038002238288328532318519177893696890300369426507248240494022120311770900510659904989964549155360171193693624161525
84 0.0658747644995678986444422499155092712527986314807700583460431856456895323760690420650895191155174340781828890205559790170223550092
85 0.0675194396521972750011078472273282066840808020375127054153538067009037296102984867537871874453581332083040438864040969836112598644
86 0.0691054079081087338938990012417872224002347676286549279942818141066651977956171014223307276981367029547459667322155340068262884264
87 0.0706354410666479810736795248858199735706166539202558710989759706928306923185313034158170186332413810556044904162784648457142226559
88 0.0721121488932695420197791546695330788966313526069509526820357631711174744346811302294169144158775482481495998150076436826280034482
89 0.0735379903615353259428768621661033787761830474616200847789058203192669864342973438689523837875178078027451969613703407594810686375
90 0.0749152839964091459070679473257568452230480264141543698703984658009386295052237578611575235206832178037841168643736959963118723743
91 0.0762462173998260126569498842969829683014246134820477997407627231407573384543046831873403347187314193568962981202037236141698638824
92 0.0775328560314299721975395963760877438272562344145980678088855225375379862259556538303256874976248878137928408359762436075947417182
93 0.0787771513101713999459698224893607103637730589066299224357882765151791920943740429205630974923083192984420422455990734589259611097
94 0.079980948096030001594409835745435431855129278847582025638498473832440314453822337295555984742183873878417328360574884917820681587
95 0.0811459916053924207332127780707656938246309191930173947564359474567130366640919328120587888096502984364246792826317430881503032374
96 0.082273933808483794452876873891836381704821055903026092691922992516743986751361463134334361737001192329834734929723839255023388329
97 0.0833663393526611631061646521753359968483622560828401800027055227048456061845741345860359572102852018894887090421310037060942560843
98 0.0844246910512622190946036626632706201478461667237449369636109792685555624023360835946488915256498753989239638677494726069698913388
99 0.085450394974011802463046806091587646933921303564366672567061384688308888140941669692732777211567992032191069348957666279202517427
100 0.0864447851716736261889895972535327405061940835637982388744797934440150070736116657149405676126026004304708806983198252329350022682
