4 0.06103236488547710501913399329523907969063938500841304725353903788087695915685815536111548832886484052935094328260903628889230338
5 0.7855400628711228162950443547535598661330321346307190413070436523373708155933367679623653511644438165993511988508559955918775268
6 0.2237066628024587753525826030709739773883972028900509912479422809167652046462129043302740721528151747409725861985543930223975266
7 -0.3272219327627813829010622609203775561717263095019331907224170744469774348319950710824429015553580669404247615198457261447840178
8 -0.1435622134148956556411848930165379060379973373153014302952626919215566976914804429054565832579820013169081218127880600359986676
9 0.4355883567886829110552703302413291386280652613897774009549859193275610963129222481040634155545195932938799395383685346948064179
10 1.016252551173991697011493463526782554289793439569151381945640016584200251617747116024022032246387241883100024609569829044963793
11 -0.05368905610305472759755029791531186519426723801323222478510569340457627292556660702145699166471744623777613080367354051113178001
12 1.014420815525903016454606035732966648285953551067130825370356764530845639252404914089197745158726191934549291866776880985546448
13 0.386193638606598846718904059078537727495289406753940474704247219066035154437568852630948827930802735632551742670384573217703231
14 -0.1211624515621819860643721026818224832554152858763319985874844132775258079779511461306995758909826170193453101139384667866205904
15 -0.2093103637614146975946565665710728447980216011489195274719497968390549890632188680304149803794435991995548476724458685313486561
16 -0.05517761466216876503321118818022680099692805959584789050391208745964690430789422277213384603178421986682390482322920009324001557
17 0.1791342971492123205473194130457674077239715973894128540635579361486299051159692628239936694099014871456248710078060955371315615
18 0.4097535546941447372480419907546288753152585626019413056680720482340468879470528661485391593150426218538782514213699608064485149
19 0.6045717952764610654568473797384107943718957857131330694122274927824595666543099249700614890008923492592191602137168004951084957
20 0.7568717669528388985707231796153142407408786850279761033236956025759187270719858830849227231920871994787421132536027599954808397
21 0.8702763426423161208470912699568210007935548522726491441235555905448924124517733989623083388711982858220262630272907490859489412
22 0.9515768384520667951236247593237208517962897376035197273280138993488215564543901983580849955105606069512005862038271902832631681
23 1.007711784581521826136930294749501478427010067667590567083766865348754430051884575157415417509603671790003628582205727059191642
24 1.044690894993017026909336173903738286643783055439676995822040779196803943726580518382463735360868774372392383949603720480470892
25 1.067356426031427142796295189983815498906852375896484769530120650146267582636113913261802786203377391693043580268673454524911655
26 1.079467644698232960840600679152339019244237101726460827329111302556587141463663565898849223640460305531500652628652187320426987
27 1.083883601518160370303146851015696170579246158040498935443148266058185449302534550339664729303716572897958098852346588390377522
28 1.082753072380847927361009835755851632725468348239565965917970333708357305464605915014726002138328716663320553087951272326037758
29 1.077679645719905912842115718969894945553902130503496253523036616469355542812788904967080490771280557647354953414682192725993963
30 1.069854708760658485096720486875500413730581400739482816905384329102943120492280238841803863138999529788867030742636461557208686
31 1.060160539399558197814121210138266834420525779626204585442497419648082626149753225640300544682974347001540050133840392561867495
32 1.049248583615987328590856217746603692408435547393636826898114345910047201870011531551355263750953101876081099781602156836359779
33 1.037598225210124166548326463694463007420545553300147988324383570983585465620947087788616826833393320896575357071415145019881752
34 1.025560654534163547189278062411928644352178282535713653023611424008109500491633147897962341970877738507152570861298646625915678
35 1.013391533138619546582240385780124630314082524381536238372676691103102157130335041472424616336121601547132507769573883527229068
36 1.001275305014647843089757047528093907678170164861191170529468286202729658444898255561171890073359164669597296710871923777136719
37 0.9893433051121820085696105909602970567467980684851778824249045687731983097041979968765083592357584334103846703476493240726313973
38 0.9776872682452135157114610334588348978434503224770206029905793633803814767790930952417297501019008937548354343728952533044029822
39 0.9663694257985467879277073330292883335729321984362279467030095144223217014601624871148622913848592994726222065765199015765610441
40 0.9554300673041714784273803993830134951430366073940242841885086850587072634682725920225425790897638311069089434440764476103980206
41 0.9448932143928750706347350585006489230898589580400335911250410739458322871107715141017651316148223489203773584141647986530376596
42 0.9347708856137046002087708730672423448850078233474804594556856963473948970371560040128022137156606650614308237672511773629621793
43 0.9250663064018397004262147437805700567477487503946341413336727086775906982757124019594901802326389304366693253425906710436854974
44 0.9157763271784385401284380620345256240497420723625997481800044101805975187495121251665599359463574896043492502233865861677762977
45 0.9068932453695060245609723450623203884685282044908127566980617873729517191181293712505953069479112442107459650484510821565921901
46 0.8984061775630365226200578072570774162365484095508001362649725224958551520402346550385074136899858485909627871655888270724508334
47 0.8903020913583601660939426346876247425451611510710519671261416945300415040806177353008338723531510542987999388770033276045113721
48 0.8825665792554568810462168213546556278189749901137739731885692261825721941490517299508937750982859953885078274402574942011107083
49 0.8751844366773234036402771835495360473749051749998858327180867899837563486928532900052428241962640869558505620902928705771192081
50 0.8681400910872457528324082603149295799064261428471051783295727496545838959137821017030877392739449007999949451224280595058824429
51 0.8614179178199068981637793639237815526423793641517460318786409789833926109678857723418853983844559447049413579603697278938343058
52 0.8550024697130299891387225030223851316459513823478758077969866577823144868633781231394254716147651542502762486668767344637688129
53 0.8488786411867543751577156488110665088965408218327940903960157052747944443735781270502954280702695096538600748919421064429348161
54 0.8430317825421599718718246596450573075784201849134262016699983954408204107598855940253669440071792421944494217944113521112379352
55 0.8374477765471721709604091374691505130207641960159235310336017693163382405265226684274977843314723787496648851134478302466174919
56 0.8321130865572847728113146625299714465370908687891563812277893553897904771715484923395447786621480319536081998071432378030949742
57 0.8270147832640225397471778336219715346854577880437750163915433630765008400294777018552536037910588263595050694216757339975784428
58 0.8221405555143171084007058585556736288636661170436315991738687828996245155972817020995865034735509405329670793395044926848194926
59 0.8174787093778526450064047910007337550919010646284654606677796838927271916827831335601137310538284085509131582759387907356990173
60 0.8130181586657749835202804329993325879871223813672019362055226624252142729295431995446124239627935560421719107163004042643270903
61 0.808748409354089726238829477962873719273333770265875186728387253430787092751852557583557563066602939607657506502987535144334192
62 0.8046595397864208022306506674955590589786312952650383304387660031848376496538645572765623729106959185004737390332909697345134893
63 0.8007421780838933758721095392083026266254312244268633994573536961028015342535443387188119536599566329953628061036161456867313243
64 0.7969874778444942346416604470846463236451181896298955448629089647782297538005474936914140200319154393347849502161880770703384369
65 0.793387092947212927840106636756733260303997286877310288098821292052038979446800857508890166829631866471684531494811223583709446
66 0.7899331520698326717232026353772275861775189132866742689841374558617305964129637903061854433296693565145887119278881049199360817
67 0.7866182333697741580629478714809520894826432016310804615711508507696622566206239870484587592506428223460062034467745652943928774
68 0.783435339654375795549303003131256557394965077687211514578027317156544105088008420709715042792783898402718814385259761639375718
69 0.7803778742722887421005101525817459646884988273247378363093351250971444951622183677529774399060913353841942950742570600688199024
70 0.7774396178849759795393652968655024747301898839893474313560488230910251899584605543653365477019697278760546476130814606019407014
71 0.7746147062217434885625831158447957134590885326597136771379978906877922301035851188618933048704127445732553092952284024635504508
72 0.7718976088794976656069099001900421851514758129337758223140921945398757039482325929143160343773594471059876796152917856309384844
73 0.7692831091965565861572813370987140964501024460156533464880303979325742506671778891698096743948305041423786095360129010170935104
74 0.7667662852060351451774514842046779483325221595907114674416978856912676923472952053428457413557485904997136679940988895810778918
75 0.7643424916567730183332758407599566266050620173596837127947524569986030840690325389110364387006526660512583162343821507080419243
76 0.7620073430770710296568531817915591263639632421447667819815223503849396018664034513571477018526345504861535237165173166976155365
77 0.7597566978475440947817412935129522780831814289105961851328497656135087277010189100624807653764557907315655492987630840582886044
78 0.7575866432433253976390128595815639586127661920932161890332013136959288256506413437994273002670397687754795284239223591735020677
79 0.7554934814019923613295399270265376949075930580610676300847137638283533044817955735648815207369031294204248719583086133524097233
80 0.7534737161714027099947967240585186164036291497433854275118113949057286494449009341190340512996405567597366445870373570463879247
81 0.7515240407907161248709602668119328627292053931160190241239209662769854072832800913994369489172277091879690316933894257073079955
82 0.7496413263579117631011515263264113270617639357968253533811353550543228074628634381133896982043060830735525592074759678321385501
83 0.7478226110378433851348769265278863907841844184794093694282159790639709563895794546684919687885713622719207480169271228837748942
84 0.7460650899661070400994254220745355865039578125340164102996761842918188906390439695015008147375347238368947118343514306950538793
85 0.7443661058055801258348057213701132795882456819215895655389379539066703418604433832461594632666769773239528356600930563128242193
86 0.7427231399143086437023900244485695302672742487380830699316710489370511685446228974582612746974323617901639517962390679757262498
87 0.7411338040853822238226836800384789163588425975698371618462324714156459503104190450725200014182547628644782077947343384829455361
88 0.739595832821475938685070042296980093647501541575613822539495340992054635889780065247394252620599568851622120617902269174775538
89 0.7381070761088027107705484697600619456327187177416441895277103571081150979116700783771025591530345390864240502631673041956719919
90 0.7366654926572720093876137376045656801426920063593037207481493347809966323759505180877348358504431443577401205405375866137519475
91 0.7352691435756615143289297995870959435889359046817301920704313179722429876866807833568475196106023331207516863393989186491417705
92 0.7339161864525584635649145140947183456159931245726673415159075763833588481774413304816212733542839049712984414488911854210958293
93 0.7326048698157026511719921947010902111079478625958186625231363629900042618604053805028085301547456606014444973239071261825289603
94 0.7313335279441544306160183947261604454962556601619807109490891061838717778226671482742525703629859985715114568473777940301448176
95 0.7301005760094132046075941663258673292567289453471423215349273716041682868565188087428138027230290341537298717981693539616711081
96 0.7289045055232221339644494880624685632071770397090989490838864138450804073451198798039909083482331961396190850991345099827340792
97 0.727743880071312663820452017723176527826542086698078850333956052626509665241803883238568190950316787737286486819315713139743455
98 0.7266173313137689963028830418835136988825104854096431700150254935973525594558254460692313187065543295603698317009680382157850647
99 0.725523555234030021717501304309811248637795455222701903752674274954254342738110082788791204595646382851085200630011606617378183
100 0.7244613086197974491792967318988317536702852495799842869905843236670923116742005465539287037206477867275617967454565495825362779
