4 0.095411446832693242596744303638215111354186299932021417779957219547200871317404003430427044433834759658996269367102193048509
5 -0.26116329819104229211048178165483232264355067150919550775760554629187147813118412287449680498025440984356018828648139836083
6 -0.67653828629432725522353369570758196867178684301426563295232397182482540568630112752196113692117411455346552649280899722803
7 1.1379711042696083342042861362226722539581929523336803609991695189717438429407840166031812299921807967133413906642749150855
8 0.33080075151406768875853479565126793140365960144792913829231710139452004211698034445809155680837999964226190557079318289716
9 -0.43902873818938827057066711201772198610698773411610027548384817762759318351981796126057748281512885108784053161839584010047
10 -0.19632138163164223768351992254430998100089456751941729045776616460013184357893217043891790609671999001445560908774326502038
11 -0.72622990970754496235657893933509868889058779358050653147465800431353500221567836531058045341646414559440015446751542405044
12 -0.92333483181701202270141122879899236469374286004310545200509970276221078467936076158163823061449504827828254788133435406981
13 0.70088831385615870575890383207995952154060788258922679426313100671409850676947615540275660335671058079892150818374441503063
14 0.022743741090156954609135567692773244973110587171483857390154326572449793700359017507408702056701694111215813010603183309941
15 -0.63195364058638054700117647924504265513301310071824132036295721722328562364697422634142535236545454900282880482902512948012
16 -0.8317288529825194868951976604640162513310851183267637782628554962875493718169106267436735289327842794167337042232345173861
17 -0.77125777568525458842197938531717658193984792279287870474594335742050272607453707503945861736668499481131073963668237902141
18 -0.63298782328800044615248468250134112981831241508833926380579109959515419782526893189099830445714845106533192110024718002704
19 -0.50446329968209488361753582418343395790734760419089018638645242592003928532437165243247636703253394383800468720956249313469
20 -0.41348844283894916859762939969618550515923146736686473660066986511936214393743142120896019121427680664244260766655545446413
21 -0.36136067950880228523936971439273856981912262035100744265721123114980373624297324034754248695002317975709767978652748302164
22 -0.34051988590369554051882107348141314685060350615001448435394474804246299394520039696882414269023156431023304183946364643771
23 -0.3420802694187641730106969636255461749556240658912051309497075070386447986991747447318512826437897415058991416447222164295
24 -0.35844726326465798934281036015100980594889530158620078878625275849975733179991227623115830001297430151988262091256760155698
25 -0.38387831238338006288778908847674705232288628058478623183960065693024237905401051755394618508711074007818305990125638828185
26 -0.41430702387872574034687663025940071561938583536907193222699846720593255692300305295568249827349005627383443548150715069238
27 -0.44697731860653070181546747877237939123625601879937310765222438560199178573658118365352517492188821239382012594776568070627
28 -0.48008837929151900177132198386919462360949844590101591203233216046329423613998374286706321507619299709854928774455856195872
29 -0.51250847378228163375357631900634518557486892002647463722682563426440350705335226050756344256058870901297877915471173437046
30 -0.54356220019558997685005029363420119908664335767147846198687235394917445385278967786857883916596435079577199008101580599446
31 -0.57287895507109247998094751266314188799614649774341520767402449953478346828889728473194073677595088296654878764677396654997
32 -0.60028772728244817255564208193775082129753329880653130346585420668438193424187167581509874082910040888811539850373943453221
33 -0.62574527503034770295235429995197997744578052812022267756562632503888515159377119846743713053907269818432647103086791485478
34 -0.64928770721405680707915061820636124030125467207269148808342877093661564325226263784461926662024560987473099609296728579504
35 -0.67099820295340368233116655932374834685693927434179957486784182657461894093390008395591793152143148124163678785358942957636
36 -0.69098573999018854532314277755180266837303309930495091474057160788319050000797653172917565748963737488135892599604790354141
37 -0.70937127576837993492630894696983206112396040079525250119806717478373044118630719088834153981753693964130599286753347894996
38 -0.72627894216567537790385011796729934503302745124739371475941132391005735884572360386865731418105528138492246463210399748613
39 -0.74183059228383952979468219666409617762915916072741390386745669960436043802752810058941461125816969054103851241182691999178
40 -0.7561425723471196964525472701981772975319643437981912934635542974317647257933308732220889782038939825729186904777769024123
41 -0.76932395689792623946663457676045197254687291557664880112036312189335093490660704043724036935958192267953800759391661168881
42 -0.78147573386557881355130518956700280435549724835436141247989787891949170637719557865419527652490480305124520977471414186818
43 -0.79269059466699648824672264242522908770213499126569723861938457091855065479270480776686225862860078709981323574223886778634
44 -0.80305309876200533118905930298515144632374992932154066633238851382541978377983553260053519758717320502795580444843608159106
45 -0.81264005945191977527837170597706571937655118473721856641429189556547831256565087212014465338494275814934227783889485223242
46 -0.82152105003076781694695508389757842213054793079408760977943691792806409979778080830993096833679776349944032651142960726115
47 -0.82975896471958944901529513576305255501474195681383181414549743239195394803528217946290250435007443677760529632482120022158
48 -0.83741059259356919206261155409392930905461584059690277773382286385046596953690041646243734144213174035408895128306805327298
49 -0.8445271786531787655310665091960204291928569467361733899605345905512664564916778075382299789126143778376369208899001401744
50 -0.85115495680976190687582198314667783882481699046526578001640977621361838477882546895012003979183284031777206770569760696502
51 -0.85733564656387888586438022588450561075282615307277586778791807010341393986355160397386585189865551794309391665239195107816
52 -0.86310690971599831503259764909006980733985342345598835755086650248001119912955882968382067796018452621689410664308819628186
53 -0.86850276635755102899276011177998070231783512730902570179754333861033754453770447033718621119730230692124035407358088222415
54 -0.87355397118721232772633960915412139393601802476002378803557711082394392972632158662555162060372744956609729612382951099847
55 -0.87828835225164244016562213988633029634561686056574824443870771003036156552132518043561513034692307463142380472784788070039
56 -0.88273111477327253778898569281696843852848386648461946325009867745345500792343578998557941201822152414512939241255367379096
57 -0.88690511297111256854910149079871224315803199145395475548963401673303015619068622167381495015323089618449253165688721552963
58 -0.8908310928199334982769399061727658948086112894252055371778815044757775604599546333456166494126924515198090299803341071794
59 -0.89452790860676247640934784182544138007507775353228360053757928049375475564408557550032710806654278368061681667556215019425
60 -0.89801271598380319874965865928051030853450004368929211813472257702106481464176687489423401909256143421654615445497156880361
61 -0.90130114401835211401337215480949858937994784639609478265426862944558309091354503491687894534008549623456486519404918272145
62 -0.90440744852565071789827826288076394726742106323952152532764880225196109325691329559413219515721646973940786766234377248943
63 -0.90734464875431192169003192217115869811456874545650503753183326921984709375500123207509053259280875936688241184389542501175
64 -0.91012464928484818062913401624227293193546114121177417680562975821449062648637080306984882307447982246610339734776189897647
65 -0.91275834880504850718474962615235256352910771963838333005352359628844006547381857299794251654040107466322638441958022295927
66 -0.91525573724416719370269249676964891738003045706211526537615015930001524582069139178976697109518639480441675414043135178821
67 -0.9176259825821536948227221431345667039515597764994714185717635153234614838097696648555688788083321869048585663348480888875
68 -0.91987750850049969567809840530332614215720267866749226997933453476714712663181323157021470777812909583381555223086089198406
69 -0.92201806390710671259379679603113588035438129169982517457143973695013442742507267888472162001421820219965893606352366856275
70 -0.92405478524792528877381583645323102530228639580470537851536457808104861554371948502747999061499572657897860541136853935925
71 -0.92599425241184073674138700310422751534217243605153686808273083439060414215912137125102443328077628954887916846901424915722
72 -0.92784253894116793079927701596364131328290197044229977986269022597419975958857257709075879913508396813996104173832478150826
73 -0.9296052571769614659982022452463177852820198396361168433835345851858628849473037168436483237032546055713014458414470878639
74 -0.93128759889499003657210205799956262757472104721628303395875345441037674791230301526504019541742230864644744362331476864661
75 -0.93289437192358294576753307155399045792304843698081609308948260776256507028035477214121312423071903244019660561384711164999
76 -0.93443003317763805546524718925034763044523588609072832616704118119644702128494925181405209436663916981155065281377190085385
77 -0.9358987184929823901678630547404670449350519495489594995476176432445588405459425786161737587616070633179126792307091360525
78 -0.93730426960118861633656502652816497843748876292485089081284608544135945053339577761028357454469302957019838723120383263632
79 -0.938650258546149593114055633300212750330542895044199729122406781966542348578480134586521702680390271507945698522532704682
80 -0.93994000980955733808582294257887005762831731607909938665226105836659519928437282228137472273901390900258336687511387652113
81 -0.94117662038235479610904104133118143403167408819668907326210799950372965905640410659096727674144603452693512950395678838146
82 -0.94236297799272890121098152978260912887688013941364291517812731267581652560827277099717494067820814545808507957721606116863
83 -0.94350177767785220807491634620269958253329916188073465045755315789082221533322508266340023041514398751373920392366981646079
84 -0.94459553686597230624990369189258310417678735620209040998302390134222481738902724773863755401796870368280481129920094498564
85 -0.94564660911725546430744090745495865460628727661242375448182139205307808281481351120280059052847074810665209209781742948635
86 -0.94665719665571768569389357098022085817855950867731522970848381446994971941672213179541465867605019217719098113469874053544
87 -0.94762936181036377185251399301258067452041346939179697123200796906981373860270520674088577133796747809968633170814496317201
88 -0.94856503747107669103019727630014294648091449436903700667672997087900159812931930701523989439902359155222708800316667141323
89 -0.94946603665365754492039467893921499413130643841910552977520626714253661118678495097825648074530845008686215026471636419714
90 -0.95033406125853753419179729593721084062565066518212378266347162784211617280031034590119152663966329762556858789049750760753
91 -0.95117071009891605232038728362243098242609919520571770387366145141191100236328114420434179443233043732031696322308853131426
92 -0.95197748626629081203605566654780882997322863692958459229842573431596972408152250771418235246556865842287613943738277941037
93 -0.95275580389442066645330087153757697505255915419739002248450558149751863327077244322358922339276968828605441192681804109153
94 -0.953506994376597864676700530944442772649599252694313158070444997979359211338217390811094939390224365152356466602233590534
95 -0.95423231208561477772282376747618780012901156076765098203286604592177939707959637823002285644561676572459104710557479421237
96 -0.95493293964091250151215912336051265873491826584923589213539513885089531942514495574234045885106970327959509694168662134561
97 -0.95560999276302660808487336822051991079123369578633159973710719630442952773340549745853827082440265567585992682568823884851
98 -0.95626452475153843961911542367012702771464877575759290107727942773059196072971134325591055841048121061143550139969356423674
99 -0.95689753061924577726311004313478187378383423182561180142302597769811679851521073822269189090483444477673041213693372249868
100 -0.95750995091213789253164541425431133417437063873358338430583512953584204721139938125052478601815128061212486401026681836576
