4 0.0703859729005190288684254062020197054805879330660827947128100179386008934170405936656993850246185595705588480793507736697
5 1.20641853274803222027697351238168022905403427380976459045183561267587965655329270218208160759742130859821465984310320978
6 0.396038217158997685915407809901381507416746222089182508715251541217622297911179746610834441730144212283305380241556899718
7 -0.823878914925473009107273239222970648243302737334268569573644055672837062254451787855203906728539638019231483546943506631
8 1.15690930340303206810879457595919745971831316334420496080970324892725918569596824848209561270285785637276111267120027964
9 0.239187950614227143163977840114724094839562894766617591590601530157709768481271998425111092174115049303982224293203252429
10 0.542849435763189202904524688678067652194022085742082730618495220400152827236276731083910663193628364183639703520249565376
11 0.315571569543330967423017128534821956241463669142088439218710410518434978551173087740675120553505513306247702642560889982
12 0.193449411293158705441780097817787744651347480999567463526753323361359879243780047826678699979404532581622430531558597198
13 0.859547220513352025095726291663995368748984231422564402451859976618955044871332417799515409494754224459003954366638077238
14 -0.776723189733596506511653296701477238964437594375171008618955183560571036013502463663130203615508687391139566032757132323
15 -1.20254739693722602772719057157536038274488490001728543143191115060193260735526629911417330354355438858362471719298430916
16 -0.900378709157868092218957452505148959835024535982055763835428994173460580661818517270328968749554706724238850972806870576
17 -0.497489889514931824482904092575292927785664185015569147029881473606725319118189754794490789489921555665277530953568858568
18 -0.215671650218299831726358006275827430650274414524039631060429412898748791240445354673142291961814115316689805038053937372
19 -0.0727742744473585034454716225939554487465142463809966849776170387998758163663120234642959107359537940349747730488868406116
20 -0.0296037097502458484519300459237434851514061543396167856672344332855346027503663695687627828048996010521372554717801524028
21 -0.0452393989112350265066805974530825368952926544865311605498280341968652790528433337017183981305375128962461471081510663739
22 -0.0903610222544068215532808176248703287203638777466225023730334026059591331303231300113879405607790914161684265723143679352
23 -0.14689155947067154008888513599724909648078827934209944908866240973207656496756393645865901027345783552048380324236767233
24 -0.204725491139395743304713166122270013449519046084842305522452898745336429261281554283304565623510384733992390767932889402
25 -0.258749227212195454939699457771205735550476222750375154444092712184354610183987299765069392094891952607899949857248743096
26 -0.30675711032857464627720802500424807728421473261833021902259208024534596661882273613554909538896476922578868805942263078
27 -0.348140713449333905363238154110902579878789880315838487612849343802719785580037445608701589657032675833923767702517006613
28 -0.383111232903466697030181449515901396110020974593850873553997498063408102514587649987374524075219076738484626103303274598
29 -0.412256878421802706643123518132553112037947967054721934917309145153021759308982079540744399432388533753616300599013948322
30 -0.436300645122577700643447172406173406837987962937624505444856856797895926491493304286353647650856476018737244254679843051
31 -0.455974166179682050248679214295782195111592598937496765248986499872547795336033541376015464223202000395474618782131524594
32 -0.471957064243129468519123533053080501358452023850274574031646756666005372377348410781734846856716302319807297797094800239
33 -0.484852235521536822427511095461718009356244027470133620823835498487682869187124505444206473583938401372774798331302841942
34 -0.495180113786736577852127468283396573149139818112298770628053274826925464935147726595644984211053332143625547654086112386
35 -0.503382366384488259544371741917970623960893701227303470431997455134014459223097605397723386413857958244217734384787222984
36 -0.509829757291209742731625916598002200713416742649874450219664694674814442935579136187819369780363156862422718827176355835
37 -0.514831359435097727041596452415385542028608597008994252933670207593092123309743723729455291934572136708353796090635476304
38 -0.518643678974665993021797730912270361116663894430910675176879109427783882059267976309181735910779451362467840071942058355
39 -0.521479020257225793474355605224228490000149566889589836232599063159334407344299345897190741144703950904038898577797619193
40 -0.523512835115019926195109025801867271497983566642780566098445547326791110088624237913642063105455286093432393851316631655
41 -0.524890016370094287520562599808007238821220388732084095495571628087235158078141000383013383875768834081275874418394474932
42 -0.525730200622491037441601277615572293927624340320907032893468453279563756433178624516194809224154358177858463875901402341
43 -0.526132189807217350427017279278912806372284809885200313984643008799048747389019719144978550481561770871922504349654381877
44 -0.5261776131676041196770962969094889729539175888164810162282691787940673916666437908422442989032010105563822636333853146
45 -0.525933947258142577078109583099216729383746044617829577337929928669783693978118244904377449935472656726409456550427973112
46 -0.525457000237248268275197885212822348697526315854639506767527565303771300331645378062959665118413976385610958179968483484
47 -0.524792952821869827033016023039271570632383244089853774050603305641603247418412509242585014963646745927651440707565726015
48 -0.523980034315026862407411308376760422294401259419151198074071882355310292226978327139955071235055729736336284145634797545
49 -0.523049899253679954270477941207966629865187844075430002601876574729320633939778238710251247211261549806030415495118531627
50 -0.522028758920930476498523772350052248435144551221964377192423396404405918884775092811347774721457986559609809912661094991
51 -0.520938312314997506409400233571647238977278535547234877336229722199998068141446501757441625154206408385748759151724878751
52 -0.519796513076167493100684232532536496456983210211462769717784254715475301894442142979038699188116397641948310424179753313
53 -0.518618202171300063119266483890404385763410314775691644019745380160860195405301803923990043636606297256703563663865583432
54 -0.517415630629427091784151452142447698178978742692108721304255797337658230850471309764394305313541513806633236281696014934
55 -0.516198892122292847648668153050481542604668804843211445112458270108228461179879253920508709379393825945403829789142714489
56 -0.514976281518991769962332345923969142349450573532981078805598642098185531207911031049198646280397154123575645450508365919
57 -0.513754592565335554340769510344515710222663701628179873471535942814987137052441719834360469764355537668921238988238620529
58 -0.512539365420272792478102770952051841303376189564439604397541501832074948365402999934058625163973794343062334264667815085
59 -0.511335092818801330865145287036971699135953323183385317582697890769914906885599631045140337304070646939748915795530482063
60 -0.510145392037158349632182297653506572247436345003339953474094141931534284961371136751108296279711865697111375881146765137
61 -0.508973148541290588917419314264623083320433721897449693819218674441197100193722371984891285279288661588457392942159788001
62 -0.507820636146572468902271949606297110021380970467695141494762188607800988891195553490477450902486626207056120283640861877
63 -0.506689617659230916776786239350369607040817930249336902201448188648269977882968545183639780736098300449521016179473576845
64 -0.505581429270632670767094386392932082195619639128153049995718777132532909959141778770618987445603294493601839634768419032
65 -0.504497051404396385711269940956375095389069703469364640403413213701471766357496029729366816096804227604459531593357549748
66 -0.503437168248948316114605383299703119910587827999374855203793962880795855632204365918296519080979417513808313334725065708
67 -0.502402217825089862447696318372979916748214534614940253571004522764132162220411735266383214471503203690772089007322217178
68 -0.501392434123613962287018317892250021465429515651096926654807969654868435617297926452919752787720783111025276693999869381
69 -0.50040788258926168297069348319695379213984502063607369358127495735310165409536588608779437227896679637545398387311335022
70 -0.499448490014059865422714432767294271657418210649378836186420877122008861246216271469080145208100814049150943334498146616
71 -0.49851406972699810467673123509489812566619311555379994029573118052642604058154565095927040854335722060658225939355574548
72 -0.497604342821340492219071992568541009193159102077319557950951643180925476075834735528239333510174846073025269311644596973
73 -0.496718956040147065508576402151409626569891768847816757308655011290309650656129192638256004278969885197791123224021246677
74 -0.495857496840348634847778600368855403713387959653827961041087590521838647166224598589168451525427391712941111259789720444
75 -0.495019506072349788251523613271899586373858699960840945856666029394207031387162828172720555934297291613342721663418144677
76 -0.49420448864266937975662063569446902366452047743806636800858361512023503393440563677093400286345160426851086904242685431
77 -0.493411922469147097718993329084581542623377780433790565537665404368415120219853936048433911629639811028804712703149881993
78 -0.492641265989768314304336595831890896429541476042537271822719258750748859535329630238467725369029777861140564737150503255
79 -0.491891964445562630805591213168734015932415950000712866450250532975442512249401166955427743688543492259885279788089447221
80 -0.491163455123979055095508387371214311453317569635330393798279747998278000178143122004291430624404216644678146541773383098
81 -0.490455171720533116238124462901927654402201023657134164402772654594097851081495898019606991841311881225749584735130212965
82 -0.489766547952451510639216662342593653641907461505070156212280670303810787520223586144727595305564645725620682001842612219
83 -0.489097020537758624394958174541190509306223171983031512485262053392786695898231945012840284072916573063168455916076613757
84 -0.48844603163613604759110971554330180219700552800850150911739692985009615031093139941939957756533903203298953889586768132
85 -0.487813030833426451254441908307061958304819349543860949185457375362379633632722492045864709453219942119649876888250783167
86 -0.487197476739419484709947176576464448298628467885150311833179859528403929371560060642408929321112009867077964818555992882
87 -0.486598838258193957694822847028296764551227539131137276054442490505295125538600090040773679230929408164999147652363503958
88 -0.486016595581500987392547353764793164766460797825499107101888659594685567120879276186977674686724317611209027215280486567
89 -0.485450240948209447099791951675567297142958845566231310492424973194093143196167831550490971855443940487419197082145840688
90 -0.484899279206490911803105232321127988139633156687742874853230391984720761783231394562345146588732955280161291702488782903
91 -0.484363228210022938615386488080153730983362514664647073037357189024764332343906803518955142879114290075520824114898164068
92 -0.483841619074891465396864184020849787222199550323899408570455451606677495135646714886364111770010850094503160449437849593
93 -0.483333996319953129178593296700434173906063846139729084542913600587361659465503326818592389154151790521366769515939719317
94 -0.48283991791007355127870896826118661893508265898403411091878416851591202932593148093196982834892088512404696765476382408
95 -0.482358955218801447549152834593019840795936657630968788673910245436363796392055077290136832426344480909161228072416444221
96 -0.481890692924597674915208902071183861378386402573151099489487442499739247412164384278585534842108170031545804567124369739
97 -0.481434728852651231289071843503917199540764819127213749238539533897475118309721656513652382611778298884276202715418835141
98 -0.480990673772528507061142559883108726939710007806124468477883081746387773323552189892088124099345269401416114168177620189
99 -0.480558151160373453789538505294774459992444747743275988513095631430151698144014112383791154818536462684415789654452979008
100 -0.480136796933067221587024166257667854415918860325958374540831035677304877334404041940199198256778310824207774794965999869
