4 1.1984773059417727501689682065256064113851471710970265282846046373352553388110095482960728673516206443191624512739204644
5 0.6534202015485219733563763590599274239205720772945406536598405019288215327062593994226590902808565666347460230673205006
6 0.2230008770312952694974564248015857869586117096349217913977382096886012668487728422448746365143788221621008471468660407
7 -0.37528866415021865618529977400322988367583833290294597778999709468378607266132564901940886381770418079776013437746550197
8 -0.34257175574364226862369211969248130895098071159445091292762959534355340258736014987901425066745815556889525654802601946
9 1.1920130652373745260057779710849419510452592683311846156789363953917800520444721908023518503141363463783214379252784841
10 0.91385619889201119844791162050608103597238597898369219390562405189581908646401389215210760668159369006947010492842877154
11 0.66106108074592573900501592512997540291832155105071570488568803041299649298819982403634111228322186994354465627484930114
12 0.56504678383270168907959519260987840198064410967149535597413982276464153065516660762054024137841543819976269105887847468
13 -0.080242409850611467390071603717732569205036424202375959513238976546664316149605462583470530206992074466675767056940646499
14 1.3164348757144498307488933829911307773986333719343237559447919234166191139348850439951989869515502471385876751781155697
15 1.0485038618778097779595157871615930934676037814041587430183676108919686321396168740049971801715513869543774985644877811
16 0.26417771836094841270064199201443833144640201657638024741843565406193593023057732854259967934786617013712409463966677826
17 -0.32813969913006719077093994650316604348818299044931705888338289618233753622241835782553555840141425055564287669640150696
18 -0.62493336572000755287580933697017402708965342482419656877727169585089722134500434156566930648509062829978822037901371265
19 -0.71250677075371790554316126267510303231600776373326708930932186154394021547686396773854955965340797262497337818640842761
20 -0.68666512614308136790080890320839947185273741003587965250306118849777580167018810566826395309167940343944424355166127874
21 -0.61187763292079263257976674823047732542364488769475830939921877780513656842891436576932423340359451061873902775977422682
22 -0.52403031499062624158244502840456358435692822278119244932895963596384495981247357658851405007893209100411190183143932575
23 -0.44054532245696549707531046294270318235909277169433966005460832772385948736987317875747487315672747729715683555929527364
24 -0.36848993849296786347127771659896089934601109765245657747581990793213053797719602384011921618217550586775437460934883725
25 -0.30964421082513488850482265952666787986245290758497965944819807970921296703852220939960720518850539838480118645533471116
26 -0.26334253765928334963948864776505504515390280364173922299956337565020498182081781588088829256875369403316957886611834456
27 -0.22796116163055879995387376866808877552839049419777925528691161439477360389571046274720011116623442088333937555596528421
28 -0.20164893562959643343128418963033113603822371819041325775544343976101527005306187455189656491239937120643364366124540459
29 -0.18265675352539906226597927917604254209525565917785552317140930007942428166085464738580017096850216410339546156434720071
30 -0.16946332770829625817460410376075556491070561037114594397031920388665932636586987889337956317361419615237433448624504235
31 -0.16080288187118960553432211904321863779495558625351263532514803087107772593598610028857044169836576548399200994498455944
32 -0.15564935196880770397743268611433746924160280285300805306961150523348584250794348734306615872406937314512244870460799539
33 -0.15318437148282266117215808825871025079952965582207944924232842706240105384515266485631109424249044280755181966263860854
34 -0.15276202611463381570418547340783434551674529822720347832310733949243017123027421017263392507466257721693940434541304448
35 -0.15387606228578522897170922174585624519055858049608645176330856697241669079738752257097411097752968790218369041482998866
36 -0.15613161668547904594581176120813436794109299287663401067342388160564645394960874992142100291313589688877873939273471868
37 -0.15922182570339630983235422629576290618185861712338692206982909517846289861498354545634651271450872463230537701204975242
38 -0.16290893438934270158169334973661203407194297410762837098864473743732679994801796691849749334763808675199710919139979463
39 -0.16700926316743760487254370964041037871303496325538183721233440437244629312511670272642306736048763874835054765961997091
40 -0.17138135334991896362629744774441728523595152634578422471888863474989445450838792961984610040990771391678715817428386179
41 -0.17591667119311793954306299814976798566092129783065491202872418356024208935735404562156204037109277884534104834853853498
42 -0.18053234176249914031200111483974100648145441986274043888991224575639937739064078740000065862224338301752730320528835206
43 -0.18516547880662618210181655170575213998799777297602131119094632559422316829414793861167120283130352214041827156170005248
44 -0.18976876276184401316639097882890792919521391915279240825332558022976036692966213337432579369721444351590958153446136297
45 -0.19430699182757792579322260785041953654963482890576391533389231129583408664346091495954563325193030234211359121824531171
46 -0.19875439053530858404176500154364417051747293850519721753456158852353230329288747296496346699171535943330475947521252943
47 -0.20309250775869188049156138031274737684795222035380912272978638549247529380157936083789339974211161021299873616718551053
48 -0.2073085735602101451954891465570517457781077845441158054106909729876966006880744943871052522540794513782310786856058649
49 -0.21139421352207984873826511758264213460570177275288952322730287319334892131876525809559384313873174203103007573585817145
50 -0.21534444193763183278322820971613468276107768013582730827247383581206424186385262715203464549881162213817968470055544021
51 -0.21915687284464873939251438503286004216267959112004043455415051191123725462111517710405587132552105948671047793608941572
52 -0.22283110149852834123093370154153778416475581497650244578867185620355317845632665053177967455756247714995665489205602447
53 -0.22636821941035256381370002550216635558336651358773043778345406929569925135526622640749526474222124629469421872550065752
54 -0.22977043421720226584200573084661463541855496158315740633788524920372099537122083420240177145145759702682447408327046884
55 -0.23304077195592297312411473796980206508791651551333634498759513148791303098836832203255268230868580124022816741549009028
56 -0.23618284419895416499962919349419286017662239767844226684442575604824384156858177818989889958421649731518354250874183718
57 -0.23920066630649134134880577371247975799542966618078735530043395357393744966744495043739695947568959875926293897415464152
58 -0.24209851600263227501766255055817538595961224841440393495755619108046402886842043285808466795243207788940413709455974628
59 -0.24488082378584199274011020595151744348915173395286116598106598368693830580825638196836575015714949702510752604320797503
60 -0.24755208848320924565377978608739358625607125497334357594754095488462561575259950711111918929372804946790058321931632514
61 -0.25011681266669235268193068177171718461663318643787461708440404924662221138865968175559999460097760148332797293302600913
62 -0.25257945375495412330049071362306982763491276710818608616170728113664995612100821410895861300497974857507771375343427849
63 -0.25494438749361631072321591319883674759662015687339290717097561911229394189043709543477545434458589077093877589212000496
64 -0.25721588119169975948932462812827508249508043845891935892012033557901128315247533302474964345620534197164389856649420699
65 -0.25939807463281403984333363490138215023549559697864079026657064295488409502717771633705528034783832082711711325850415426
66 -0.26149496700747243507582100612695606722470242419536922851252068734060367951583330949284446400216827576131015506595762491
67 -0.26351040855195603907368459331880936872314095328034455000665322350024822019288921640927076193388933725925783707849736424
68 -0.2654480958483098662221247937398313508921849002456053777314849383364357195940018710969488405201136696618163848903833547
69 -0.26731156995406765543153028107031364946871587544138685868493161124921105709397791574462628979378523627866933946463095829
70 -0.26910421670071294119739185245159063417688787570215312929226461327347064874106346533253100624129819539511480781734335002
71 -0.27082926863574919974267364522430748900182634155534986104557597432275696534736882487994678260335759266327199229096178172
72 -0.27248980819169462847787976401394988240013322608538816647619440494720853147958644360118718064715725575796403550280850063
73 -0.27408877175195192470720625511984589202939674688023735711808928776091636374638946017479964719201304595481673166679129195
74 -0.27562895435276532017420921415997502102666661401146241533476405877552412815407437931297931749879364464995392541244623151
75 -0.27711301481587679293921696421996299843125727509752070147016803886195030321468052818752035916965783608531231578266544429
76 -0.2785434811508154942534969521538720153617386517987677461491322932134561098721470656745984717811230795975285147735931251
77 -0.27992275610121214540158067780396989891235565409065585234099852364818987517052322931414844829549473007591832069122089404
78 -0.28125312273788572246563048946239078420507239859408162877483945569081971765631405510658773909264459666302920132038771944
79 -0.28253675002410889258696038945101916664968225756073148430262380023030762438886022757379728642430502590391283254388790555
80 -0.28377569829654466662313623481869469337078755760155402996966884915921680699105811396334682468810747191193690164085629261
81 -0.28497192461975860844985537607177927685674208896359767998019386876582555845307971391082083138559852145276823074769629457
82 -0.28612728798366931633441778820499948437123890262933417317943045073309183653975388686516631080283431092589027747944160522
83 -0.28724355432238321271667769684968380184457187179221534159747017067376049731087261123668339988564976928007159220079830768
84 -0.28832240134003286541955412356735381608850919859723169095077758383347936288114638969829700874115814696927965689696437798
85 -0.28936542313487523003295573638458954341292113653898510754704701810039929194715002603700134850200022868288244051856780956
86 -0.29037413461730870971952112445139628467665248314034197556418993383830610559725212630716185309254429582322275435719038578
87 -0.29134997572087875016378735061186472057451887149381410521324031431360483547188660736883853054555386487024361071104857438
88 -0.29229431540795687553060123853214089516514903463987333765707280861521236529845073244066119143568158035446143311996223873
89 -0.2932084554737559121321065652740352464320724100225292903770171038620474141562080513466216073152635061459720226591053635
90 -0.29409363415381249069624844941265355235812038721927563390763694846810337711824582487148159130877806409335406921739954243
91 -0.29495102954113005853060455754651196339935387341543580755336877529866052445315763054744680821252704037046583737639793095
92 -0.2957817628199150248360822837742401202228943355145473586894393077046671270946250115708417476028720310337389840241663383
93 -0.29658690132332272067707097047690390985949395806389095560965014233520535662618227767945373229796372326094696639890358343
94 -0.29736746142291301237403195115900313391576454381614713303988423201627440840977966039258599776908484999344318619318169319
95 -0.29812441125764158140198980726881395839565335963382247930098477587209564207777738266426602308248148216306683040167118098
96 -0.29885867331021747166617920290331019508840196321270698502376468642468482764064610315933595247458243225879032467957964366
97 -0.29957112683856899294368652829878215156180412223306687139949368531766916272117368727788782964615760484964270687724365787
98 -0.30026261017000133937186088632229656805901321150143811902551420092569418347286672317504025563153409006716807418637029045
99 -0.30093392286541866944865558354312770756372708231326451815108019881508459087346958149133573901550818671686682178537389301
100 -0.30158582776073554598669197008998750710227113692216959903418604447801880160197872272191611461280868111484046744973836427
