4 0.05336547675189108168186565464990705706972389151412428703014583467698603260770375992854126140273729630390485708476488853
5 0.06949754515984948262479431029271842590595395394062870739702694493113547889679203035698145590223422823593815930435009745
6 -0.4741251354453354894694927831077033914481274339288827166684157405674864698054913788435937402108689322947531365416211087
7 -0.5696630151110874807554852053160890878856480078849051823680248218838172844970285386833215357114882170672463071923069524
8 -0.6986763487437530743002199828440367053557537501627132923510952881959942525662038784153125755055487936243057504782491851
9 -0.04895325260036245838894061816608842958912787786683894272187655099489582964278438597768616577401508165021086761098547568
10 0.3674435668531166362028108655154621056231039546482553950018811541666308736728679815339745247229434366446573889693546046
11 0.8923594172742125679958670323118721585161854798007635728442294273264766990833609338261450592432184680901594611316034659
12 0.7643343189184908798614340405158790834052946156153797315604951227425641812861781421146036591448406156928902481929167132
13 1.103480769592345851697346212792548352512888857638136610017412453760077974543177869415130343577256504180093196251640199
14 -0.2787491446501239773236865144181423488296015311856094203310364317405460947203889195957268886841042197295533638439715886
15 0.3180851327780931018376923335986270789062518161690209713368848812987834426528615813209280382531532153524443451947461135
16 1.084171277061804962329915240493936055697521495667869775525983611143702721900902486145037447056435653806516495688062977
17 1.394280413945191819934993650943582221065422130223343881208382648886230844449402822262448225716630512194664119406532918
18 1.339362878982058006725263516454664746355424722679541192647640854281901264505487670561976602470939713773876461647825187
19 1.112212480294419936243953675061544053811338652105935364238617506947691565366279504163120610518721344896051054157175852
20 0.8413612192963207867439485718633008728832069768239562862233750773663181393305203647196827791310975776294319494337271942
21 0.5891563554378340429871736566078069125408447430530000701064917641187969493857198083242866009427909990888426286637777859
22 0.3781031253700261107077845637409024856815408270787884468536997880947562071544401355383658711625498397954727907863963579
23 0.2112816657514258891249589898322000956520608216970459088454975459921755635607698899987190480324668019604833078472991685
24 0.08387465798978279193694455457167515307722025400305666860308845643051469502248469418872746074858224810565781258103326264
25 -0.0112161415423457931461277804822723652541572572039306511605250122151837973896225403950943724567739063638823370354335823
26 -0.08095106522124194594613340667929131935631774122135988338122789869075720234307631760571598393940322026765370383789510528
27 -0.131288474369149628537636009125754499944563195716398105564315703281748168837091648905668372994837179774219886764472407
28 -0.1670127473303274528987633688684539454877147499085250309444552752931103835760665069346297075536004411569457070352964708
29 -0.1918357280979417694109456518024187683121249267892753456337765524281564536335530973048278670885486535972725875582556202
30 -0.2085813734355625123497134904101905466184280716888463977983643447845235335538952910991401404815263854129138035510326147
31 -0.2193739211623679050899115605540099964075091118606652988648171446401501704479723010930883482260765823073695137755930531
32 -0.2258008900828423868579901400931222052115688588360128487317019268456777116142302996822464268152514571941410317407590823
33 -0.2290443843766002842351341175565158778107011434399791776071818251074178352519797884871956078459658117567230314246432673
34 -0.2299829095299453820768505574187564561934340692434525333815887141331594954611518756863589318652454320002927028419204953
35 -0.2292686532405988305886415552915989241414822860891818925444078981589768669813106212956962040159650959636845106254036129
36 -0.2273854359439479571912115006668400969819806704112610257681931857276003356398758483419439294406873009672258386193345068
37 -0.224691878279226535087300637604231740850359929086548790981794357843270680414776472474519314055183076385177786856201732
38 -0.2214534532751849999002646286414766457013592593407068491455764297996726661479392769338849315289904210535683635767451103
39 -0.2178662609776569022069384387345557455950865800104597470820022970678250123948820334630375085211200358413163329811494206
40 -0.2140746701477289288905493607500858596443675547262342466145462913080088530667980881045995290307242352898796579241125711
41 -0.2101844260841046737680526112822915569478596838506534610417968980489747019778639497604941829764774686026505860985076852
42 -0.2062724078049003771595569764496673691856623114063233614091618957263076745917989547232518292024782159347750911992851949
43 -0.2023939067452167383785897856285123901315168421717935935330335834958325622827128499171688597758845388337943606735148882
44 -0.1985880689042901182033373374309733858401297192153060847174497762867862235999284023193970852488151152734593543594165107
45 -0.194881973011777147310778693048540251969105459562039650250437504682176555605723250622719468990041664731291361116684817
46 -0.1912936930492359536849091303083565671516628185118446246923126839318084560772950179541377579123583545165507454911736882
47 -0.1878346024094570007469309729201654267555441098063911632589538858048308937160998021410722882134474344622277252579946685
48 -0.1845111102026875413262867641594468940717993623445657029609262349544035139668902421809151151225756521975948064545784302
49 -0.1813259711750022156649606479949604743497656902045515825149796004702471816968168944146977489788562790786800796348216732
50 -0.1782792746028546865288175011534103698848798067919404749812992423798854800374080113871446003794988883964368819979895533
51 -0.1753691908829735589973672628754011312629962961100153444087880675257915420852997906561040254953596517016937648129395163
52 -0.1725925348130910137380542236883561427672234324349887216517882680771983245071990457525272759487891591475457623697291114
53 -0.169945189912834059902728622913432720568596667783509248304840356472301905105562975015079584702622748656095985497888202
54 -0.1674224272231263445229223386810072850209988266065135073477863706934845276560267847945337324814765657033919595533456351
55 -0.1650191438674713008267958837283325637813517497636279647234607321799082197176825636442450692619290222384744086325914609
56 -0.1627300405435291746758561171055754295939597862170005052808349474238741650876619970927535000795374914410567016531184715
57 -0.1605497525134604436892453577730540180613667317914018631589983336806019997789213892005427973335719952316658417046703396
58 -0.1584729451904549974432178657609808454564517582911388765347260695161221136407284299794440193637665486203314071424276286
59 -0.1564943827917938049448488399862507451878401699552177871526221733753282165386337166581633158782454663379487476353638702
60 -0.1546089765347839513065751669420277972571907865993794600277910321476188549610253202989205257473236695991001192207769113
61 -0.1528118173343065095614919009897407952126893517619429502726513314839732616909412154843717666753088260569019908121743384
62 -0.1510981968027617187998288463302477816520455445995664998517452021008781945336988859712438168428253824936888204103242959
63 -0.1494636194675776820600558441199134941128784448561026563881831590394800082808522610893973281734356987540450483422265491
64 -0.1479038084426624636849609187048917596035983307269724332403814321900798366548968571416883664654306907310377839321235681
65 -0.1464147062689199299964281127363193351253456418257492618975365061716172049560017775616468027506463534443282664567056246
66 -0.144992472237987597324003009122332470787690729054352330019128628718590538756167486747062717600870453400607123754741805
67 -0.1436334772044924104131914757260050279234215249505996606402983408183172710975029132345763280848065187454886769671291657
68 -0.1423342966539370466018682641338181242518599203969964186136426025221685644925550366261263409067095716751549242038305802
69 -0.1410917026095058428067295796707295532563890763343785948028470675610683814129412892533516099848365788098298709690914829
70 -0.1399026548191489527258559222295796741234240375624297259152824604016263651912263405391969230228589498324500037514549836
71 -0.138764291554716995272361673350801904687066439599812928152523544783568904602670225194501369240573567993536235082051371
72 -0.137673920270344134531097146901935245946282205418266389794244587681159562180279843914490775825147140626956384123278737
73 -0.1366290083020719975195698955405569353000657122696742553937494529177204015381157228660366535861180349928425218056610615
74 -0.1356271737405171200801718634611089057515255152423221063907290901075565529851729612841923396658847666785143185820692334
75 -0.1346661765698461080199550785588432123990707200823880216224700590304118315367508254886773628074882309615504794243504863
76 -0.1337439101368298327664707841567255446913029045330569620547031489564419855376112984627979342866205800563859062844369463
77 -0.1328583929912794948940711308179740845130783608723904308778534754674269996317712310743226723296305872675850445468546112
78 -0.1320077611221529022185250118686944926129877502568872362596741526817492788667432766803219462925947792881094461315365417
79 -0.1311902606008370961761868663005611024169524401151043050373954194225755359225183165538043906725543300757172791582742257
80 -0.1304042406336119648860093681685441365101604014946527563771369362737767673277652165123392489042783241199641731622816317
81 -0.1296481470183368999865868447490171563496004178554982510830586625015903158582741476340576182438064985557304555934457895
82 -0.1289205159954002187313170004212520393238364208948253030863114749724313523127119624609077138032909523065838881677731402
83 -0.1282199684794773998498337697134989688139933435025432679086714455286085873434123128663169307440537625754528287142249665
84 -0.1275452046563067353122208312634167686512524029396411149470170618412752035768735123358697281356680315227445605357796247
85 -0.1268949989272347956912861852385795724595189049669246311563286249198080760831050328473318829816812845873374826585528391
86 -0.1262681951834947307303701406295696791592094346734217378151271151075405373109224121251006326438458005233175170313416803
87 -0.1256637023918908792729265758572431976728208437083159490439234646495246744281997170803560726933677768147452392484471805
88 -0.1250804904736435855603609260527314714206079503316068744130665737652568667667434921823746448926755381987742385544712816
89 -0.1245175864584977625396693448362280747264039457156367977260229818776167442331652630208284555680489669045426864001464391
90 -0.1239740708967396766723233718664044382869138142269433449170761107345057010817235099701674973185813342569069524271903731
91 -0.1234490745124386097211451937742101613400451009668123005973916975015418630707408891047325732125334532015909199812336669
92 -0.122941775081987454842374444338761710133288892557780480400001839166042259427569855512179272802451948511871417672063217
93 -0.1224513945228238766306113984220647595923742077412352895379279029001606680500781838452105867653516592548285322685035172
94 -0.1219771961780449421595598744168308778804856215548139324876323627545746090432726532390677603247111068270708435762107659
95 -0.1215184822834633512884382615402587232518823255697598041588879647748680452305911386197097161243532933569932329113603878
96 -0.1210745916044780223217942844702728626970918414202509889863429929259066674360966698341131818787436920887936143217652171
97 -0.1206448972309353453168712884461483121568963552527680541114283406865078931713106065649469683912477957695292141586602129
98 -0.1202288045189325639910400864795811392412114565098204122345656015874552068104888472654019855941545230453814061941028308
99 -0.1198257491692565734686890362381288971745603404983913242001982061520007440409016554234885411061763157077170624606792394
100 -0.1194351954328568644649033454514310764637967766913739554388558424362312574771056160935199398921260841576496341365523232
