4 -0.63097128837465754989901842407159038909822113715690820115352587995047406192160848887500980473432162804471904871973685
5 0.2424586168988078298697920821039777230034044584021016523321717837632950067407209001349026285543753996310235018850841
6 0.51700027459974708834586147527866772278308790285820373128734308474563897667736050595442427924402030860229055457165669
7 -0.27505512137208501795160486405961803930381405361443804465756463180833700179561503455117333583234333838425347141397902
8 -0.073751050488422461799362741439660681281506477469641793542898745324721423274569126787654004404230288253511871178935008
9 -0.28605744680142334371260288165727565487508150187754166307138797875987765882861189219803974826285415922686332740468926
10 -1.5069572621479611968856138793721477740716044618836570300251645831170017674924632820331820888063023379096506404375171
11 -0.068403786997792004334450935911775230137073845891323452842076103392247387933608801720705873812033649879558457859788686
12 -0.1381079685236431842544340466663942029114489089277494810355976278834810463923048024629997325337012380434006670203567
13 0.43037753482478079696547137336238694190658968184865289734723197199741218925434490269251423895183415084855607497088334
14 -0.33615313473574106351646682820344498248885892338004016823063742867970572879350589308842451176606280776363593182924786
15 0.93924381741014413111809706793340415504798640073456022713144190111337577267326285340288820130117736154996630653707872
16 1.4314708305499247121852439984759776047260137027968011933843754738941592629199403927736914251039514562791524436650234
17 1.1784609248738774369176115789701475199873049867578999779702137017233727690609825971513264583299539911193393119965464
18 0.71772225040479656524647225412702172698291760893032266650614223606706752158869319250937490501042537773104817077410806
19 0.33217685583554125902654197427439276236998480972484521195247139663836137951206405654038519095607913789983151813900294
20 0.094469806325112217536394290680540524917591601060734474315609627837040127366316016249098601719258147105525632038656494
21 -0.011650981418785306871907836381811826450591488638200217078576595902432162560810878050041198823122444559164714748748288
22 -0.024677036259596520718197975906663559338476250946104152186626082597347530231251034378872357834549991500826513395617447
23 0.019949697024662914875488779781517753337283732715651135418211518369128518170801041677431919443123371462915937354357502
24 0.096120793328569700923758457593804621122921003990108485595861666830052854828732487933548057091596010801127567977149357
25 0.18655567709929221351194276888909426515641612874248509771313720537152400460860653865507445501400957466824008594383579
26 0.28060651535746017046201647139216237681986864829351857488320531143047249419983474254339095813104649295435095225934434
27 0.37213224130422654974154790760353786102477954395466885819238634659008207554251240808528673857212927795062459369364412
28 0.45788154540225039925882217554676374796205447347896547401207009930762219868767245537969417841854697727590580065992653
29 0.53637966508956416377998085198321533740587582207062188910898285826885953415153038477275212574301533957802344222269425
30 0.60720173084640802262597694377592334780642290841649406587352869207080198866474047354937126123631151802890587244851892
31 0.67051422526417196775815889998140876820469938482651347144219598408284198977288147032476323712985177825173741289163248
32 0.72679304909916479087975043527871758095268888631681179475205476285441075916098738704574779194071112930635129697932305
33 0.77665443134043620293406187092202523886870096607759865952977179239800920742643434223923716625457461281255244116576565
34 0.82075647705319347809889759142121225891371431117511206930478831536877795203359217472519969315721685590386179026852635
35 0.85974421425757532402531750601673896451064999140988039225730302201270765325491557837800928583348868193224159198292983
36 0.89422100115427394794153311202092413470090236737643124206515382550784891860146652081716314124971859719825042708954328
37 0.92473560536823415699705824987147209234488055078057523994093508070657855055149498289283269038981700378548828731564381
38 0.95177835807479584891210394306310382891297025792788401344685229100325673632590423792999226419101043897733648042679488
39 0.97578235319364031341767887139788563002224149660562391457812912619327077406575434380768557678626588362928805116899838
40 0.99712726079494026334856233601343160248112134956797688564748626774701152165250900689334598080727611394773015690578841
41 1.0161443134216063111162997932920651531601122204633444980021344849915679951666956142357101983405398508626404623778726
42 1.0331216324134164979227247581230952848983700615047182706462838190539863059183178445364830952464741184843243242859385
43 1.0483094322811638474346741932810265141895491691051066308272031632128276937623744768538385087499032859433402131836566
44 1.0619248647962448560100730129136397068787385840915563445143329047433995428470087417570901307941106711634938133387833
45 1.074156396998036131886778542180420351426247126745329820527023128530275212020132176785955674582542901326593104143445
46 1.0851676938539979200762059681673164419312229270354735696975800324270644872577660143555559242489150477502867177683265
47 1.0951010186651501775366087963891720178774438903221285808444182860035046654287712334795082265221151450892882415830938
48 1.1040801860491378107921191171248294108530479795144384110285141140621064968655197256368830688959618157338958522790335
49 1.1122131118469937448776366620015050071993266475507818189802074306224709853141512784150600576717266526158016389131431
50 1.1195940067576520727589248594445254360983298177163688782278808284030348740874673786938432645163353481002651775122326
51 1.1263052590664141976131316862644040309728536997046400381519778439633590557068060114835155070173553102852339134257856
52 1.1324190484090531164101212079967298093403576921347774997698176697590308930769574951315216586111807639261473038144938
53 1.1379987282347446543986563309650102755606327584480205169769076625843359355121624656952235141930227271192965900757601
54 1.1431000101518032269439332159831233857606703697162939559828811362193012938221748470999263889673950325584382387421963
55 1.1477719790198854176154801346258572815728169471079397271771722981247308938482897639135439860771799725745183825665504
56 1.1520579636728737090577019716410003330477106837404046993141396714908553335872557841301172741260268974382839502951467
57 1.1559962845945901566650929006400229923860844529015585946280524080480589124749940411930999130681730544866102176818565
58 1.1596208967405944471991365275758635944143306525235991200101156284208446331255336806513273488263044323727876858355042
59 1.1629619429860543480372759773659389691905698560842815895491239403417124265546067356208415522255064520797057068326067
60 1.1660462313477966435640931929768646034580860399158949574324419951026660930027257251694071039444806768307473027529632
61 1.1688976471370684467078662525215274773856509391275665534043304289104394415434897130880437976855360456073070442443382
62 1.1715375095060076615650586829348216522285272056973016029409603959139477508189462972628370426745341498448384262936472
63 1.1739848804150104327789496220003750121159308303913223992092351331941328330789967256062009306628300789751367273361725
64 1.1762568328332297457127371682642821428022949502300849770944096849664377865767415450044854286738521576024776852365336
65 1.1783686839575539503481854940208300331580571876878085087178975323380922034975913815114891804011934187252961690093216
66 1.1803341983679598688578902138408405205744656584675165311848937798848942430716258150897718822330924385150608679033641
67 1.182165765304416492443428352200713565255783917383122332795958185685671161737638377621551436446640404763370635346937
68 1.1838745536314251257849455575938367003654511297869338854050526740768798968785249329702414480767731492392877498737325
69 1.185470647532895681130958901284705060116995513315906651061551844941112851487858729387262148955789609700493014119906
70 1.1869631655372240665369442390360411144658440401717353886244582981810602280479173633037788950824241036496199255683629
71 1.1883603650973840113295409373272086712460153126842709160632051949514772351277397575772217724579471573056328542001061
72 1.1896697346328427423051506706847422329861471584693681745304866643295055117689393737157293858698344891599831567166238
73 1.1908980746701401051957789245242264707825626336926248713281920304500799115885243820291593506344848506262068775106931
74 1.1920515694894733474204201481611807315012671942410577156905959190614121880832910922805925345060362336008121632198606
75 1.1931358504892633488681805329650602247731710442992134370756074251585163882811030765631960947925784738700579902928957
76 1.1941560523141242150135668393438899978190817849559669309178404281628237777584344210599324017051827441992066129770199
77 1.1951168626494549849093289043391207543296500619140033799369236499241361683212897678098590838505342550370529411976819
78 1.1960225664642743562955092471561237253379415720739100980174617078302984961274603507163458804944615389070274971455318
79 1.1968770853797803860927602042304797164728166151103619425435898287914874069271766895771660111094723781341162624717708
80 1.1976840127517914421746508427021101858133410334351786447309610542798635810970046585836475288720101741722544093139827
81 1.1984466449784853497111343568028960709094805092815549219271702170217874440299482903946405945973334915234750347490266
82 1.1991680094788240882418065875854065793239726766825355227883658307795768777178290304754417335726974428783273432294982
83 1.1998508897301482093479854460734865529907013520760324875292571382804171833037838953384536371989799255270072343666886
84 1.2004978477043107202292949783614291909106058556132973028128640318437214716053263151784646573115235885296704837989159
85 1.201111243999262936288098921010339730009222915954691295215132117220113006788169878739158626990568805462691300882881
86 1.2016932559262461612654036140221521405330555902381566765779668532160087214895733104864927650489246200564374348157647
87 1.2022458937808698237493771146845915413811868645700063138784085207770199202231975153154113037072189073026729742601945
88 1.2027710154986780599610449789112842093126326057771162745385614715039921637345777042568570781164801564368843037481885
89 1.2032703398717349588250763796384610661564615765907637706408128785030624470231885254517942269105448301614682839567109
90 1.2037454584817930342461645350527665838301336936458802690327358763884938847228153368054922705194974772783196578335343
91 1.2041978464873227055238987705166095325306293971862387727509582762515893231634305129639117704774686903333181694195076
92 1.2046288723857075631525112101731333742614058049704416344970850358421305525304756168148357164865522488314639574122753
93 1.2050398068579385545334862599836416365996051152533311219589212329065308986910313809319267073820202070355177154331381
94 1.2054318307909022038206729950019219640121763817282973786461783595728111778235213966661635050318701056514197712558048
95 1.2058060425616238023875050815578651699818142631914051938908194506534389543556678267059404676201138856904168335385371
96 1.2061634646583986850632283779187135558601025225643325915636373488485794743740105259658148991419625572218040230671261
97 1.2065050497054532690860665865746194168906093502180888047981946998216904154686040982390277498547381923597372965069699
98 1.2068316859504759775509355378105045632683683649033133969214735736711177581007482443923677878163138226928817658443558
99 1.2071442022679200515894271525234588073006045206689790529465762916836277727419430990134672002637513593344453914161294
100 1.2074433727252962883769125871596476461262524325393864929703251770803417010267725668772117555108971023759366876572816
