4 0.0819411172956227225896013029672093426817587145883493876903553910634517011739100152057892326416904552584908255126998
5 -0.783670506112849852892414585267695914486528628918144830493997864384782265148063006462041072816933473996916405301263
6 0.19230807423974968274301222916522687943782023737545337199945612162261953792069894269219638556208358087550430961698
7 0.271955141802876095292287672592548917099531030372385155920058422837311844999852106112651269642093952988988873661652
8 0.159007176796294290395808578059652076028173455824728224279542819799641865735503503658054534820959649127274455619006
9 -0.269593057186120195744800365789913478076877958877680480183836526698445352521475654623644714319047821407347598936059
10 -0.47235481167868058233810613087383931004656026842235297286428269329441005878003691896810300596311046704660630138376
11 0.197408647686512543153844163251671664598787751860715050258783373829112220210245859751898212269179726968010507391149
12 -0.868210696667649877782005469014437425198987009655686941239794661087484132240268969405894301689866424994155303780719
13 -0.519661738749802236282896722392733877673978618724084462224931592972011435136702292725032139483804264027058316880792
14 -1.19189877317606689151974282311706067114284225456341207163703548833324820072255972667256559385378869878677775997073
15 0.0821579590456671725783875363601972537974489270919064987131390920764188792505215869702306383084037375975174881725425
16 -0.0971263881799811637595332373603433876618850206153017220457229473523566675086620707442597405520074046441007291416256
17 -0.709596200449042619257238227467291162549702143672420609383314567047428661642923528282028884424690528797073945109244
18 -1.06339966578393847259389621022197616300213790951835075562061118958296278427849953798904868416660766717362294499318
19 -1.08420233619066203036761989361836344129015144950849781859387357084099860420589915940815122099466927114776400974323
20 -0.895872496238342846142416181317984029612597265431590883062502764758854427906317762772047184347483513923759111008194
21 -0.620853042349005794793931306605973850737430984848357672677215601232178293586793273784614733609778871545935210345969
22 -0.335846322145602035492028787012870606166580980558900259710829363810548751507565089760346207613670426560033169928462
23 -0.0786825417049557059590133164789418691422633042471036088356699607364391198459558677737655790913962069743117929066969
24 0.136765087728187413591929069588931735900884933201183918679959880100505167357746890028149742319823904681023143160031
25 0.309135376773808379362927688503126777458717122558714516829231535140914561627501996365174319975314691979593740091788
26 0.442654428237777047758856849077476961934353589314569358396240291935159105668959878389552833976968132041566098385869
27 0.543432283856298183188613379894766789227589390456183519589156536971602880932136387114986784525247910101337241552707
28 0.617674807924027937476925429812834209901752094874157550320966662242955748555717838993525691243089719803825113556927
29 0.670930408031271247868625753621827245789907012922422987984365590751686191716043175905229436967966953777047449319327
30 0.707856352997107668786350973169605511042453815877276126558766245491230810434114924067995185454455184764589230364979
31 0.732225188617427359055330426555391127375281849742332540383748073391302419219325325328330730011667973172459217444269
32 0.747027807012000831087310819583807077489375841754939182651373063699136510412041560993092885343561617276668290044313
33 0.754603586601412603492646808325936732368732685283827414038855116032795762566008446043017828983706052772321977552691
34 0.756766422039458265746993799741286487856949681221611188232781421622489312257423983490680212833498176712504285840136
35 0.75491463389310692510992322334800151275533260059783411001851928231240504036914243759623637323425323155892177073625
36 0.750121839767268826660864820937706510347410973753909416502706484453404552783390513638186465049786534517471201711645
37 0.743209837225031905648938664397401640212383594818419130017295264876170608621400842526549249907548028738827434762266
38 0.734806003718501797047700664303298379592437674829233497619775726759150705032835143593657272029570529679488378619957
39 0.725388002239869629916187883970790287303212280850160387268475130992403992397204676606749583961387357400106339935865
40 0.715318366790287130366916138336369521088554096634409488427130461283074031957688372414070727497720108461985453270313
41 0.704871155271806653277895559996369138371239477336847891055055302673341959720396370482724778024223901153677180993513
42 0.694252448616752614038207315608822856888388715093295241312994971187311035862101421056659805612685260491341646197812
43 0.683616105677314864768346185712438241571693547565967420270047188895512251789558773551975499862667452215414363727099
44 0.673075873319763866282391225513254438067815823745141546874558385512314222010577888243112002777474399826824801227629
45 0.662714701037302208926525797343454171145562056608789040922276824161125295138192400783134363188181675013747331379265
46 0.652591912368090872613313567657692619557148584451072044580062146319764503495655297880478991117967817278853162386417
47 0.642748732464041567524132404619310056453438810475317820187470884082925779546581569535566506436200602688717077866606
48 0.633212553508695300393593762374228073538563726263972291839311092539542453960208501582120695459272445556945221330964
49 0.624000229677301670236650116978624152108232708112530405539099518125132647787326244297101541912162766255943126383115
50 0.615120624683214417560581235371751979816883777349354269189205633049797062360971040975654692247233652159369464337144
51 0.606576582665842021601846691817120795045586676810568951145481601598913752241504750561124516747025918686067887183375
52 0.598366453355042818506747994917729120915237213257971175160874475098117137887394219659481866525816366538829480148105
53 0.590485272101959505910592593588650871127605544599514416170479955658985195488589837839444568633494597610229797122708
54 0.582925672213106568642200253833614120352228142023280466864977191596718299273823429809637078013354957743474788973376
55 0.575678589328967047356681977682474663766625493052566841985250869340414618744915027352336552852144286760629871744167
56 0.568733804037254233360472565791841313816938516933617439071969785970901418116004947874380113785018256339888867535856
57 0.562080358511122216462909632478852453431672838750439497956277913842833087968158238388054864811835794804904972921087
58 0.555706874962817044177903413418518561892120994267855448808525242766863792111915011206366382318780950665600729637026
59 0.549601797535092855048634571207060837430549606804993715450409098600785376087881872543137792339586095826684468795077
60 0.54375357448544310852745401305527330484997915274597359357952256181714823585059162740445478321396199685670177946989
61 0.538150793824895397595751541328389280172885629546754097721981245624843684338820336876321992841425526537393062577545
62 0.532782282705169584643416816288186394268818635722751698432519448249077021569338287598403109275356482648802723983747
63 0.527637178615914842106169694554449475913031940178816346666747270911369606101390667491117382109078826133914885244188
64 0.522704978712761275463667836008811089687752585711486483585183934183974368711358602626497910930024547210282232165957
65 0.517975572236184466811845589336190041684219229389523296855982115564917251155764761476578344534509828566002545613527
66 0.513439259915571692846387230314526582023685348902144053709230809695771804470165088353716033870572987403048599271217
67 0.509086763416882827813812591465805761167592758751093126806969931450366825033304384505000770843689218935098080880201
68 0.50490922723536150218308093552231093929769606096423009264069618792544695420020370616159371549871936917222284382288
69 0.500898214917761517227412625773234068375028224136931824931268447094834903626091907780114048455091678976946167266138
70 0.497045701091176188692221380806751483586144338671484954218848287782756761086012389145376928025902800933236614035802
71 0.493344060454210603710130913289296522628314762902377296864660496850584111084777475366871782313076782809046932390671
72 0.489786054632539123995675308494028528490895557622768611514754688503241075278249518805135733049345459030440699204722
73 0.486364817600485571765152803529298155742907861021045724613159955315653895316430343387223692339846062128146258901179
74 0.483073840211910896488603036663426085163214020606284680215607253270888731100255854292875559691707650519447477527328
75 0.479906954258573340874412708342975492694585267775547863691524943554122605177343555568215888699674221592973993737636
76 0.476858316375305054783127235745863894907144449644636218047153470826747387936181780591397407599148950885033136021249
77 0.473922392033364072420055451357410574279691552723902308293342070151345485334288738575188283422791263264174884680495
78 0.471093939801860055811946284323746048421274841434674094234570879196267221717605225743152991348054340877699021482312
79 0.468367996008807279405739204971727418798171454950012655425909315442922214605417795164822497940876467435228239339681
80 0.465739859895429251684852599552867441699036601067691787963716266974182328315833223410250404596554255119470296194806
81 0.463205079327684817098244986369201256039541078883780427404277394208047966481648474758162946490389815031288634219964
82 0.460759437105904790355766172151146516811618399686575635655043946065843084306779233378560453127779332442895831314983
83 0.4583989378955686180232305378825563147121367898659569724915946339763317219483358923128097831974129260977618009745
84 0.456119795788535473147174217294190866018894907564104458504550599726466481867387348645912936409837644718370193933646
85 0.453918422493615542950991169243036638827364190736740333131008831120134361033082196866338554117993315247340325448319
86 0.451791416147540834420830818112847406435129369885730699593511380959298432906901772134070615796678164371679422967155
87 0.449735550731624649918061031457108140309790009627376385782177463374828429641567321739865064154915411038035320857958
88 0.447747766075249212481657441576408748105713535528933618272160122752303897319397051420744446656429363521549881205404
89 0.445825158424443893102431460422474058924056461775253028564334150726500175903761570268517441792726858770875515006951
90 0.443964971551934468249549134223934810367095485502055966256097994456061952040361935067166782900295446112993199665125
91 0.442164588383935311108872759618031709227504533991772719091751791994171238885178510242535868610730359863348678573599
92 0.440421523118444812433816496951663113200177365813908075889921886024042584720443128406380211503727015778679042044559
93 0.438733413809749027897665391646363779935983366198699402254451756863779008476315224253117906777559587185847188244357
94 0.437098015394127772233463753818580445612553747320060648573497726759515684963662136311128148895710748430839981852244
95 0.435513193132302441823879889418119910068941286183384409913221245188218014642992293157805569884163644694416367698648
96 0.433976916444895581713251055632678602980924862519949295790132171161740822219139008999941492300630332453416639411335
97 0.432487253118033300358042515069966208596851456592668101333378976096772955842451873433757562422131869798766399869407
98 0.431042363857169652192352989067186780262923141923355790610012667452403845382880299156041991741831276094365683705914
99 0.429640497168213158312527989687848770232667542596771049572720615668051267851911303806822819355031140221303432079067
100 0.428279984546063447176633946970630813706559990873841588073358381421167460578743413540966478975718507317311657752661
