4 0.30748999696088003190301916407790963607816728711630603048632824034540304226261220164757339759705649614260794267622
5 0.16669726286326608171417525007710756499654665637885939544095119411779261151549997182193255277560533263360288887899
6 0.33882021042136564041896041804361238800918466654780688222863361644331749883918195474433693818134293985317544324518
7 0.36638439048837409522618073602821635910109895050209038891638056813961100271466710548382149922934944329768875260145
8 -0.40048530256618352657155855420761498825995667470814774461848221409569579110755213693003574463965828369919022722096
9 -0.02596430747605601718123780347823718652646050525926176411320003030587148085502213269821634533028776322615351121108
10 -0.10953413797576266416395195964113863580756856004235135707338083257580874290963401405602352947484289554052805904223
11 -0.15644460098470704180220487107278022239738358636670256426071363372310760064954639594475793348764168051110749207367
12 0.40211955922339729329848375255804682059654712459299207998571153993510965842450337151616275775700147072400713798643
13 -0.42314506724747060714330996372872643427542509289031344321962508010593028474693493586690991948641592163893710214521
14 0.014012324077964059916722754632448332583345324546203617694542572926818608272092912238469056860981167059134729047718
15 -1.259362130364362996663684999678831345823832007675762030991845903341884783138085981561564210424225992171676807244
16 -0.78251204712018706454113878395152941308497578044660060720659992393938572371739897457105540659609695060323325360683
17 -0.12759068705440838492245016718383860567187637529931913177069072381213235401679342614558989005796836067452603119125
18 0.078711297844472116323503719874591389240317028754367653070265082884140860647304966972812714757921033046533734536687
19 -0.068295519446653749240402532930521458803861296861917181921209845834205621381943611354137258134654469580955458114012
20 -0.35887970884244089272162523856476699957569862464411752173036926385505344570278508998101731327931142404336607714655
21 -0.65536300991405856582992807452413533335259149733823958308770387183673317091702310241226228556772678141667966896351
22 -0.89660849067236115808489788949847667496702868875023101309939394817091069035072893880355963262010915262510372261966
23 -1.067124788584145609104545036414356838850536330481921237990975070173949440011657144012110945573669867737887139328
24 -1.172420391442190752029162561156633717452341000195722614192832139360353928326153455980538589039870059297287564281
25 -1.2251574528899484001321859745335829431313818667832986353058600192124566901276202817285273317350216036727705236534
26 -1.238676335005461086595591367652542050392684565446682370986584943113399045677096985416049355038843656176904320296
27 -1.2244985390894735307045677701383202367433258843082277039120851730065951924443062415149403723284677400900270692855
28 -1.1917060399591737890337945852959664946024556676085941024844244679333710341750101627209833221912596388003951853873
29 -1.1470939093577230614789138629759300241079941813144070114682354273560384372571204317992183170655244805165436632331
30 -1.0955734369805149703212442938703548948583053841572043373041608614276402675024282930337709222829905535886378381589
31 -1.0406013829548741305522577229473414073033894966081870024783846066460015409073450887802817647005564915414625614523
32 -0.98455285136038638112864983338357732384997026987485660381091851822466005534020150321467849866287162487258205686085
33 -0.92901781526671505365395900524575494173211852100482734402612779293249651841274623017394847071197410583965233585421
34 -0.87502608468683785297928632887403516360876948560095859440498993175928161510917504071309494110649883345053564704425
35 -0.82321329476180430827168482541233829198956846657744838895669344666260605209429016315570486288806108956936973077071
36 -0.77394122786089421078559227871930193898447276884821953048144758400231227750171790437910988293454687556662688037449
37 -0.72738399242224276376696537331889585858566168801618289663734112200465422615765417852887344337557431409504491161384
38 -0.68358920462867160286241808580352951114308928354007437957827608438515634725797196069805701996440211748986881944945
39 -0.64252110920598679140730642908524391903949819960718697758046862616103468989768238620527012812303545269359405434172
40 -0.60409076284721962588004051285883582919372568336550939760294925874769862219728312884879473209599165769668862347664
41 -0.56817700462886251490299610277657760789284079781613329182793797146456594517266597205154123726150035158113411224496
42 -0.53464089392506332988377612133080057614564883512522308666459997216133328050427736988538607854018091187601316728664
43 -0.50333553305005640737048152685318542579669895641074128265662746183329715396854120095830014786465118272569022738822
44 -0.47411264056022872765573148068912852483056720539303280785879082595295888778672351541870756871252654195076510283178
45 -0.44682684593155394596862866409113085188288933060503852734785362421281795299632582921625771933934695749659723982942
46 -0.4213383942721703407340179084699843598722942721226972170099370156852221070660685321043965129710325575607931527505
47 -0.39751474894348356049046327088724363148677181580261042166310097319383614509640466488702854390755564615432981997951
48 -0.3752314372157590990391912376242694621997342659024570550537544942754936811601353359730775572811607668321792228224
49 -0.354372382655135014275682471161190098449836915419293493296430998458207426639217153581480176189688651468247521717
50 -0.33482989588025488060386718967927124301036022335815016429725197776689543562322667541683700290681929841585974165283
51 -0.3165044441360222407652127484128942284643540014606284437295532327812668649065382002550483084839711230100753099494
52 -0.29930428377188812476355292874889074285416879485449236619729818003226235180837670985093314833330121608959457243428
53 -0.28314501389862474814133767841430167203792896212327746044773553653881898837319393780856223079815112951009959617907
54 -0.26794909119034972232429994177595700035319796721225676311956638406844077408186839397316194852275071083252906893942
55 -0.25364533283815720469229137944987288771854628303230160711330320210497276861991025424519904393049035628392136442508
56 -0.24016842551244773125327976809976356069775709888860938105027622855566713027445196503165782453939352049669859455561
57 -0.22745845175940783366815267724614416746910809640765629824774195988888075572543704835776543583209377852747031006986
58 -0.2154604407632598177077844504725341993287013675993786164493960779828445335576282649580558581888109789534241499668
59 -0.20412394729300366196027913987587119106679089123618691191487333360615493948134340450252884911530546399287688377593
60 -0.19340266052223993152587040965125885578910258355160176407730509232583980824526521236568876284140343423195280546574
61 -0.18325404297832489982361213319799119374560035457052535913734441811155226921332331814756958732221009595830580819695
62 -0.17363899893848125962722001156741423822736330615469278768215217944777315796189697535039208932008444970450391688036
63 -0.16452157099938217835218947406055035382596080232110466963071906607075445923164046684109816485336243003682912928773
64 -0.15586866319846573427828753730835354577759127537657029095670659927598939934199566385725166104767806582417269038074
65 -0.14764978888494638694944250746753073062669827555592691129741144212734832667716645526931546559511563643131601350555
66 -0.13983684147271616254110183952924583730309295184042105007919382036437328724192147033362174234292672619831182168689
67 -0.13240388621802426583103465292448329875898354215738857127025775341601570538909515278820513219458134023892413940951
68 -0.12532697122502923338346352146589105347919340005389883216944441678169527946290447171150869141741102334398566323039
69 -0.11858395597304638511896556244089098806010800035397589786729488956026970238930884889845696287772489979226004691708
70 -0.11215435576731054857126529664187753233998051417084825224136239699808819899646659256488452581708969087296645833196
71 -0.10601920063119772440273709665834318967479875098704002457376344842510696001441436910975007477593415049239845987958
72 -0.10016090727590066409203601815697190429369791077454689072720576594804607001287122627705934454288210280037320487199
73 -0.094563162899431678621322658510737625261292487126599279525332036006551120501283985579654939550770183877592134269339
74 -0.089210819677918706930269259477565698669301359295160708059327664612120338376498345484632025064282625552124268214415
75 -0.084089798916902244749246452809208630423098957465952788503240100961987277492680269738015550550535888556346923477025
76 -0.079187003927895147323406900419510270671694850392524038439160776782578522345352120007254308343352875281647170897886
77 -0.074490240785499518229144278873023889325502239843497444870595420039903538300739160039959250056876977763061019520328
78 -0.069988146202886980912731453295530282948473993152653615597965055692663046320385311013630579185334091820809556228173
79 -0.065670121838662979990563930212573400079259031020915256702680126944788813720568073798385362052106424381845991636556
80 -0.061526274416412187262297958929815827117492069112669720125876483107250733346929921219006901446787318490360184518941
81 -0.057547361099999622858470202450998200345414731597363372525793835104017586121293379194233773331865153232997976405032
82 -0.053724739623458582565182981382685046092487410680064322873526811467044222370058360969917535976594215161510345002457
83 -0.050050322724520947388843003167876958432377366998187377726582053678727021055857432734245093811675285516821599307132
84 -0.046516536476019837348514343989734157450349093376350919602806355537240144573374660779824900484009747469147550255506
85 -0.043116282149981772049463767802313002691795828448654575217121110798000241874341651668530125003666922150130830793997
86 -0.03984290128566227408765795987206801997137484322108721180833477385045638149520203740522649157230781890411987496365
87 -0.036690143665471884177453462012641332592498390611415796032874458817876880210834528098655033983946848646413856173449
88 -0.033652137932063796681363927719342835179944685121603994762849116088524079023802012196152432759010074277234233688635
89 -0.030723364606152836293019564343825918718170214183301254708450766952153339015630006287166669788623149106154083024097
90 -0.027898631288220323255316695277098899398150230307397409606933781076251159607217496837441049869774864256924363466855
91 -0.025173049848413025465001225977894623846110385853906088365674344459615471086240031500417253380758700424050664988577
92 -0.022542015427921708142115248535041467929103111547261002706556689235697919138145860657627961724502314852311547609624
93 -0.020001187092154975575510125788274220138426627447212754646508745486289817433148761708099449230780469977924797957341
94 -0.017546469991312844500455140726143872037097662541440347591166894276020903408817844995505470169859339393595772050946
95 -0.015173998897696046938065782260953854859666894514653218390951944258011698634249423862362886841196689741982631370868
96 -0.012880123001426250682898245672415708173655195296715718567593366898211155241375748101151048538018939656726331387637
97 -0.010661391857346486624531619956350422235322784195676830148070005940132907223517998420479139865113549816372698107144
98 -0.0085145423858515846373537026843125755326260395679523085722239068631548626237044258337848819030023803371231084917972
99 -0.0064364868393826912823372436911496099141088653929084598249951833180845148581166369954458671814656984116703871917782
100 -0.0044243016544126514064467541931805785524753521392780365907428522672005388583596543864024385195316946798796644919171
