4 1.103805025843166283918073752165051500714465009951743036778879249771517480742936475489515389217379638160410716425
5 -0.6471554553771646164189803646674360841174645741973081385573041093670243605062093404946305146650444379997707195115
6 1.003087522129236895720844456605099978025063203665553305748158413681059939278099434601178833741590846151114268578
7 -0.4277753809761302608263653825435003719277378635801075075024194758363338341365466105850631279227528822789001524594
8 0.5978434637976954138681863568111348915713504871706770291374168246486389672145860167060219685412747281580539621174
9 -0.01901756648123959524256938984616224435148033924467078480274748970114053475311151169045525540622087666102848567264
10 -0.2231959306189789680279682968482752409331857219479744603904637479419686764875134181849933950162865240262670275908
11 -0.6819429675801239784115585375830809389515362878612794204673377008110179449065788356684041084726119079816648417228
12 -0.519688728932836491227531129856272698642898892630327683851766423852468752927017995581861249341401551643904997716
13 0.3382394353364181513460238200541718073424147022865940098720157888988352095873984426444117456260346575089992471017
14 -0.3074719218901479419695019948732732705187295728673671658828156856896534583849446181745391490769536426998682953625
15 0.6780994658267464996445825145823710905040737607733232818588351469835023079166137147161461498619341774975753595457
16 -0.1886222958408818135910106986534217621632030147087058131654871476038640056223189837768351537417456298262107489851
17 -0.8533694046286752997956475432714108745243873655927899548172043688474685512126883601928310533805345874988451808251
18 -0.8951513026321933633696533574749574968159436942795877774065605799840028045297314898657859132112925135029219528299
19 -0.6132440531990531538444765979292720757321118456170402215585535905289105711912022066594346566003477741158384195602
20 -0.2815058630220476968352157999179400762822066723841243386713169530954544784032032562579908125633013985872259738537
21 -0.02558223341133168242095188424156903433392307212852453213273643668289556087437008271699327508787405303440859253697
22 0.1255193231861742916247576733420115626283456266699621769773218001099561197483693897379737756174715935810916618619
23 0.1847243243466092150801709053145135565960872329196888376809964747510950298828426198993495683544042610131029970435
24 0.1765711801790900025492187880031190863035016627505572837164530365978624190503536971052521253525219626306008311078
25 0.1244251448271053271119295585762253921087868418612455631782950610605454143467240219764423415894730321067613622549
26 0.04655924840489497368065049289506760045490086071039231375229025794918941156113615923869847006577611127256864275594
27 -0.04408149492162775158502556354523708708684767434883709173556006833374836382690561096233158450014077037676809117452
28 -0.1389110448049791749932215641847560763732717737516916945117034321540560235843225187271303309276040076593854783695
29 -0.232550240135902889078324240126171084540664365178716308155687761560572983085481728100386547076906976885104022286
30 -0.3218415467202849823059670742050449717078767513852883000769327267113497705469581156688640422368871971775029883879
31 -0.4051043934185493072956571869791499287830654810316119560693408065467003621279201057410198761058355090347336867781
32 -0.4816069673133236741547374136802452159628863424659584192981289545188226647336809964569940215097939442933400210592
33 -0.5512057120032490837790286395886254088746065514523989788946883343283463205723446799305136001144552086222584161006
34 -0.6141058229952566095613906577974849250680074622270868982121067622924046178665160196652856278975942650427877315651
35 -0.6707055966540348189119685102509214580970782005215749709028238183922663686263887607170943998603201065442295397783
36 -0.7214974285562281249194666249167702509773783883457296048892592280841252327954189904178396412515023947999173916017
37 -0.7670063996300492836297758591570564721918790615707666930098906628388569110891673664457276379884616937360313560332
38 -0.8077534427015846956201338067926160802743763464451715363672487565387605675953475464441316246282495428537123270152
39 -0.844234364314349310612132077197805605616862576479275143139334889040424319957032365975605116403638256324721350107
40 -0.8769089396815122414896265286513061876021716242898400711842470081599794876864529851451052749443260617580276177033
41 -0.9061962856535903420146445799663604641622922079334304781708765750802134374499799075323534426206646597789184322569
42 -0.9324740427278685740534893817196741910474092446741319983974838255920216045783825897605256441307206553648954377936
43 -0.9560797750646376371190439626385225630595383471798408712168492472649512423033888399975945534812917408518838668945
44 -0.9773135750571223616330713317733056398298348173851648061171456430291923807340373580570625630600307557821891620067
45 -0.996441236852712594173394740769542807085805186858294395265931552368341671675032436721731406025534278119720419522
46 -1.013697608951734965242873740954742704448344672697562314374649581043762153792200358251276979866387215523184614601
47 -1.029289894680581313531284428245786513323330855374875947954917949904261949448507859546274933457778290138213275018
48 -1.043400770836009598114256983218376276350741165074986743430145555139370228427496814937051539454343970474001949335
49 -1.056191258885740434260990634724885908164392067946484656620425098536923655595212506328315203946007851449759120613
50 -1.067803322821252001812846459152327775308385493212312036734839507243222093547835257561863637772373872866814196143
51 -1.078362191674742560487251894449667783990493901976384193667459340366938241259403198439030812712559040136023101975
52 -1.08797841847482359375863168797731994581613259193999160135844502858061016382855989575517768617098592881737634859
53 -1.096749694723801574449996820340072332640800354977197491809781469196834691762711260186499999022509859536167701212
54 -1.104762442751181757822859896377670341731511623769031124043749503581421469567361351784247659108971893558596862041
55 -1.112093209106128887312654781079923842653815000953999934841317140177009457021922820356447140838600830131785780959
56 -1.118809881512303946482884732061793057476959402319146950180745045066756490840185392671451296847966315036937761316
57 -1.124972750471973264869862393315481476958721525435917135341320432062795898786871259388939043588026175884091193458
58 -1.130635434782663508549103527388130131102832159251846517124739438438401749562632669766627636378877664975718504214
59 -1.135845688272161902162438978749776655669715475287679201836683202312866891992722875597320905152472287325483832296
60 -1.140646103117720400497043671919751822638610602176810274919086173104484929413797420739697736341872482434578097979
61 -1.145074723278725323175254958651538696823409529455859150467698962016957299406633629335629810248537293680031656729
62 -1.149165579882967433043120346639636924237214148467135767827218782314705011595507585649630125315572602494122356361
63 -1.152949158883111545554626595514883033327236675254093193969468707226688785365528060140747052734728023077016404189
64 -1.156452809944361578189848842643451126497145695669139898840871816157250455575018358999866610455848924413858726756
65 -1.159701104329834053037595050961761230360307813422781755773582950346490725546643783435866551700252996962471679846
66 -1.162716148505063719478930512509101211222866727041184742834749960468006707069752676194142553809276009800702472936
67 -1.165517859273398288166689138603707444394208118261010033979409774153111478394815111809497553848308136073257516277
68 -1.168124205465221012396866491996844469925758531126624879004421205466217541322141547505860536799324222587781226859
69 -1.170551420521763048245859161159738858477242484074975745265638780954595982586944734873691409023380988976911184164
70 -1.172814189725431309295141734369180349361092478751316132180505367956202411651770450162729655096207598674090678731
71 -1.174925815320951788505376871660123410067234255798830278721717958795954246886274492337953386615464816101774805533
72 -1.176898362334347920868799326735352201896126430086133360161471531916153935204143694788475328788267951258765034163
73 -1.178742787520230140012364919600049658739081097182424526606538251136306700071245626431398395662369490377796336735
74 -1.180469053543648068772023807935052980836407750779042391284474921096524132711937428429311560921798158839763802936
75 -1.182086230223525662534543914858984723077371183739524115483073782586192036667297750037494139109468542990642323919
76 -1.183602584424120604841327916493006390881454612853523538954087950407206350082933075635539728428106176632572624833
77 -1.185025659973553134853299435784144300615349733927568059981820128904054083786164654386700388038524864395841650646
78 -1.186362348809532494181001307628947101291176222013621807008448449028808625583255992091694785199480795357785193226
79 -1.187618954397933993367636549002127271060403977860119078831204171409553778624365660813463330603912833576903618089
80 -1.188801248336385893290179714894347065722440881067124913219405619043106176278953556682071176230233198628536767929
81 -1.189914520939549663885867238275732892203172914516176455672687498835870689234308189745790825756993342341280375994
82 -1.190963626502783652123154516827721475463805161438026369956236536176355783956650830630698986839564890677235022968
83 -1.191953023854198755565516268567091882268292338570562827087239615399744235436449362256105663885441402169744534051
84 -1.192886812729888523337425124637563331029346704898903744481034907337962186385913453727450502018882580707587478285
85 -1.193768766441755961302212349605807202600990687602353348176930712892309723633187364812016026315836297049701287952
86 -1.19460236125050445419293971000589903427841518548552048473769871299627100031907762591183874672089473614468147779
87 -1.195390802806844881353638672128391278866146986425785982272940789307355578106821746179054659511679155752046999676
88 -1.196137049980795830904777349529913784274047317321025765977147120777637761912228755610935153118741440856268942047
89 -1.196843836361261434479879629836524709680842971891083857621701534308738631219122921389719319997175768676676155297
90 -1.197513689675125573356769737728123245427233043527404823206498700102861369862932570427408853947357206445822249478
91 -1.198148949346269361730542270280573999810593550857847657202021414565376455332969609253996517791760119195946285842
92 -1.198751782389656631185366356909830367904430416554322347695733567213694945021087719104417186647938675314599059121
93 -1.199324197813470954467440712457762849459469460141538735883358006907636970435374205095333953985431413597804315299
94 -1.199868059682823565370518917773500891668901815860817987027371822142857410957127254582524307117913529127137985906
95 -1.200385098981435743732205104804831550110963514789589510921772074617484397376664800230085795451938636291816306252
96 -1.200876924392630689922742413451642567539496114292994429534634448548355779540652677922378113704798861292698587759
97 -1.201345032107688173375809050139464888030632174116273138847445209006933826010240937845533556760648639789000855276
98 -1.201790814757894822534391657530003528901948559810797791411796183546765764729572628946647229239597825457810344137
99 -1.202215569556268391333968265755400082729906393030820744609830803938523774457484071493654737805650410232593050546
100 -1.202620505725776101529570163852133150388876654157557514761800611253396651335189293115412654597877933066068691868
