4 -0.0411904081513171518127110138145134059447559096914591080613307135153272047323350468566571687136847037892949494317
5 0.964494907551197014916181511143173658964941104396044215305523296587261494347390813797650400417458146434196886811
6 -0.56446508016492412754211368199747045193167536184221495971495519143076771116403585958827565667846764900088738945
7 0.170930765860337947176323527695270691029140447238194872710868943020681733597158654299689621691164938100129722015
8 0.121495687872391610343661191014012633449845406821998886483228634436628289551865034818796147592032515844885927102
9 0.20234242086674368829509119199216960088779159378092208274513659050155448860543729519311780413591252158244709219
10 0.265893474511797522628206875039658500799318468072830846058558458081492802012045895719009994059426457888156010931
11 0.513774868437234678497462613165911349546996486441595408764970824091844799589701658802947082272720965426457118485
12 -0.42974615017411339219286208065039624229407375035446741616501444396966930405971773879337271403753552274778388787
13 -0.925633564338884902653013111878743329434224847261714837122803570487066398352100859990835316519373347763349750151
14 0.00252130863864949206518800563880789634947527851158767892104356262752356524194228473590560216870509084316417054687
15 -0.822867388145633659756575493886931206872824894654893944283865313331175053896811773312811102829458337094851427237
16 0.193056927178583812375032212088497156395945116933699521608410092010710584388362240987752844732999130072023090178
17 0.620249043477994420825255002342879753131324614097315297908918976306799114001671913945754325012651037290417861687
18 0.358858367085089986169637411713780492840531780582758455726278271217465328443521791624908268461726450625725253453
19 -0.101206799241881110654438448673995985921325688767199273019719557475291971817767638297457798659201453344284642089
20 -0.473781869811966432553632768493239836738138876745071009715666711487795327941542974813648363601893061225412479533
21 -0.683433115380333306411316593905156715950052434515597283240526079971569826371509981388865753221931976872445369296
22 -0.750842127757761845215581606174908800918832159840779020961177119582059698636522326745586266661459888730659216344
23 -0.721380146040024595364660690701411820330204608152543111053495395460020302016901204059274515166299832958991193065
24 -0.636295221171287554732272905838810679333123112915638709830735604040827673762382472733483333196234456673719015865
25 -0.525347181003814149302091013724180860359891732746070532465616127134273929016983176133211123040806820485343448207
26 -0.407515724898140923044083058735051759330240263382714189169638851453667335725874227267199263845290124784184194592
27 -0.293779430756348782257710820943281325572526995333929203909649321124465433445649505808840397104974434898202738561
28 -0.189798630798806709477710592812149141929410360292879786394890368858542954862019385656599140195012008083741131465
29 -0.0979421900794397942848912361694811606395661164851819035844856145545272726444516135050584566044841627575039350846
30 -0.0186635621090769517916886315631202901249161668303894383784361577134260443233635671353398498271675391757415680202
31 0.0486210923753473537239025748208873536056537902420346275351744140791616057385835595644243251564199048960496461876
32 0.104997151581126585215260755185955721622139000913450631616127352707187342874896139389858194481117832228264988741
33 0.151737867510687076383080103756899718686062183192745434173871356879398956919212367655807525639664232158391997904
34 0.190129398714901281521167050062018110053450133083207515267742132917660812492635835273096111724065793938983583493
35 0.221379920323503558136996772403763492516326185542750143363483227288552850344151079596316199030402161052531237034
36 0.246578257398058962840039353546498293918797240161683125170950571183939881665086576809904852185338142774946764105
37 0.26668071158672285599062416369220108821079285475484588030714464772152854085327877623935538096193508270263830862
38 0.282513180411943361562182889445439226940328211389892257496598342697548712852406126399700920220246845918995443025
39 0.294780925476442375533808592212237742105138820755892254738008808115129467290573664972154912767811695025024117588
40 0.304081571289443825711976350445228710641424875243786695223190884523135314883075365563444950934183016970567569683
41 0.310918867262206785407015975741131674763970073990424330211842097408557445332008106279853797268501189371151078522
42 0.315715907828265582442250382342047819499133084565040651669564794762155796832784156834682877538707829277135337185
43 0.318827185675893298962261938876260865068613666672876277287155186797545601438810238415431929466823829223790478892
44 0.320549240965211800439464499409214742406721018782575711118245841614978498046486064193797378301360246659678305933
45 0.321129882288400036548788553260531645239191203580474292742741249046925795153003301030713595371563927175025407267
46 0.320776064626407277384002812920855415653132209493810016950479193673867810236984199032074911267188408550415767502
47 0.319660559117686601849603785215634023646788324247212123266083354022239357049153910314494811204460189858600451464
48 0.317927565244594364100017443982651994385628640938827564577627122691454919980267701382448070814413027005064309987
49 0.315697413645873520698356392745435197649807415245071877921717919711747869151045510836487344686353093659684574362
50 0.313070496329323269824846109326568066521191313479075642358683676755432809468801262603481576129782834611063313928
51 0.310130545846451263623113288152103683500548132434639053814421687426418027461897678114915013708943353484170678575
52 0.306947368925124223364341369806766971237464963042394794731012295635311190588762748241364366129316777875882972245
53 0.303579124676401972848830442949262983722326932282153343368644980987745546404124154183534971784720906482538772165
54 0.300074223528846343194653761314098032330567174006951835637750709948414887876134331602544834984336360069923903068
55 0.296472910768312504294485076299001596250969244823521210080224126603709803076539887449680297220506924734803147519
56 0.292808587992257328392858239877468643469764377791304639510703080253685696973855956739929617258375991857921041009
57 0.289108916814784022047354910049989487327486053167574362453190272507547309693782829061035851868054603028567321887
58 0.285396741614361000849103031324379070159666164811742629917850416144452200448525091764711558584946328720415830701
59 0.281690861815506399646821479438166007476748177079636140016630044969215023308104167846578030858284895123376138089
60 0.278006678958117108402922571044546110460532461546226613028552183617802236851407827848025119929468575190312066035
61 0.274356739467863914497742546129885866887495393860786191115838507932580760545856392218508219447638455588365286086
62 0.270751190451738502927857568699624994949965465588413011321025008265707288764280968333635786838834712838361666333
63 0.267198162878060227218361132765146480319998896389802147840009904669404364759171850954921050187341791749801608578
64 0.263704094052730961551021611053152622886254868024975403870904530033409945879409329972178933160647700360884677299
65 0.260273999283165770776774626943520280511042113577233073227576394478249915723978783181662578503749497069729613435
66 0.256911700953062228524564901136280229659120131559734412550561166877273033556067730633017056951752846360626986798
67 0.253620021852811283861468245506304714608315601279096363616228439614377181169186393575435963698288167274276892205
68 0.25040094847057154066546391858399972879786808446080012360275800272587011724342727829959030130368166761064256427
69 0.247255769005579061484889525945209030474452987056305652564376577747394466196054706546072686539370825985084861725
70 0.244185190083431004212582928404144968157812362317728696087275197849418926389771875882788780450622904244641555959
71 0.241189435504366162523791576795351729668058581948947883766208233305552438155951364636195503554945484379506250747
72 0.238268329816586222677744784860321425828053962947534500968073977722317537359883469769352838768721390742552073855
73 0.235421369058232843194280114600497773162574888948398633153421372663820629317430604158691798888078481717410832271
74 0.232647780638010821872829593804058718102906166188788731918324856795975788475107162934773667585394472243887423985
75 0.229946574012694729674724846345547614439646784792730733675637658389112845255127083449771570334846726853695164673
76 0.227316583559246667564925560894864910642396680974687299453346300914157643423272275565772072817713279795703349668
77 0.224756504821261899215757951915648832633511613558414391811730919622894479596117462412937612384578095421576419217
78 0.222264925126745084308391755413300276332725975263487700710668147874164399971479679695399646842568232816511117163
79 0.219840349420863894380338051232297277103102732694318084306834116367343870674665122724993045344655063440403824393
80 0.217481222028425424279763858067494369534045717677256510545826433865967640773697439746152561259630003660079871805
81 0.215185944952319818272694274402523896676664507795636888268871721776960274636440177775154724217985484036163414416
82 0.212952893222718212607036462353122804558932925430405414381790719406771563262995771798183201057363423651844969284
83 0.210780427734615258556277948394935366163649653885320727070180177784246001143406794077198103228210367941277759771
84 0.20866690594605907434511645658358045537800906388883704978042474801101347507733328576904634970785171669645939538
85 0.206610690754191632720339041104198293891777043813614794165883866216443053829711301159384961610735137252922775238
86 0.204610157819429761302450599867535109217436542262010313089983725348253830246008784922636634779006439184135063076
87 0.202663701568416144755722350425399014704795375983422007781453009133605378191964527621495028477704029022882481708
88 0.200769740072645868204214918584541502168300925184538178265292683554371368890314174051167052943713604252021111876
89 0.19892671897099430771729590601092860539366656677391287834800208821750605289569309604478502828152227504459421293
90 0.197133114579955074865978546086951343714059119483254898962936694447022157780220168790143482082090147852485099656
91 0.195387436314586615754897677108675876714822677787983752981303796989360525259156835904514113987249770714770427527
92 0.193688228525412095807010379130690841206569473734985923336848778727981637767244372687646736915721490216201862819
93 0.192034071841355901860160089054088449565107768576802245068280629899561037815011845263548339970967921704136736246
94 0.190423584095840976561076168570394615357249577774905165061855481598082379357393846357637658517057522035055439657
95 0.188855420902084820215304366988413485316271170662904735761007572106982354327839649479362109071170537009048431004
96 0.187328275934140031158542534964484394664545025173716233907396260208048985346486421156366338343704348088653883527
97 0.185840880962092268510568291758789669755410787995140005492972560736000784354304147786932089486520988605646057022
98 0.184392005682855090568765475579316397125490967124432172220623247463253552302535145152549157558873929727076824369
99 0.18298045738201812322566927255986277697312262188059625475479335168373613087481899077106015547041478709727235868
100 0.181605080457068837208504048993331381166899110045080545796474430245404239370971169983480921509404216195511846082
