4 -0.43979640608978221174964934109108852453613489807796456623655120500442930762277851989691410869603003167877495303
5 -0.09353556747209172252100842553767855898721610368965479860693431151389619736364265998150216108548408702025504243
6 -1.5754330088349749218620514159726289536314152616642788205851311514765692151373767889546673740731817356681122838
7 0.81640432092060826828615987481616232039268939395925878923175019279124772016320994481650871290763676638573635072
8 -0.5281978421535428015970280705181641308019342436751365017570258090999433859299647877721589388992850131886336284
9 0.29160214310629819329102251755825384906843016059797832953396551000597696326697345687726153089019226996285645761
10 0.071923345803611140009252423483126874837458310019137116464603081672664579374169120577502039498891850310575851279
11 -0.27531444655504013181787330172611785291572655862055607760000545301068334296903281100453022371225168454867605246
12 0.65822310940851848332971774017211096519029764883960000452050675150090556446338137949779565197067909770820122451
13 0.30271179332058195841953450478177135621538638296363384889199763734959273986960125328064205784294183957448355384
14 -0.81665251373987916118764734037122669791862232461372949903526768201274756884378458233923585705947103780976970836
15 0.043126549297518033510949908900795749539304349423106741303185153196629047558472960026914865350986134481119165313
16 -0.9409220549149717525646931860879530733576730436341211865328390225270542927365467514892681494318042379275789852
17 -1.0301693394217680674290325529229422444994456126074295796843380490542710554001895651658311413297137544409718144
18 -0.50242560757689070515744469948421536717086591031481706456358500789300984151932624077188584641953731050561409349
19 0.024600384779729918347687710522978638415019502591085082991823257075148933878432520727937638328420156775216697825
20 0.32072216932957764064857898707082900141627708119475330026146830537914481192242006828881160546447345121118390955
21 0.39463866146844078992166446282261894047596472966889085661651025212388113054609048877304108551047126008335574483
22 0.32384855341226903824063303787880439081232254089219355208803306797695295225229455523631414878593323370608721333
23 0.18077153262805624562090525002456092442993430234702006035717427090249429895330313482541805896467815266529201889
24 0.014574993024412346372084297261056044727178742903990877944182737739235035084988922880876780891203931761491979132
25 -0.14666594318268312868312295044589619217947346296540854653793601944053730367680649587373682269812780871232170286
26 -0.28937811232414518219594646788404789468758981448342749193954468825229678408575911115620858667154686181944900819
27 -0.40868960624120824299236321377627971766133688315191512187544677525813396083421124669044812329543192652669450633
28 -0.50443615741359903192333029537569507379841584971840831094409495314681771406175911798955820370151055107528166076
29 -0.57871149857250352074687795480840841079839850464099719222762321739841164166549705319689557845866528684160200162
30 -0.63447658550510847255311713607050968577135542607189259948126306208430052036674049371797601702502750439183382412
31 -0.67482491969773500029450304508221596562757643217657466883860654447603033227948589498496870504906685043240490111
32 -0.70262954305032096735962744665401961184113083167736606365597036767511960602771488530992933312446363987509216649
33 -0.72040096951249114549579497125450967397587730098135544868154953442554851432058899134650720504718138020001536452
34 -0.73025542041796903745932003294440814341304066188386726763088578425614083254333836390496258111321350823610808732
35 -0.73393637476217851985772039767282052890999853738339394174068836009849650298601132870654231854702366060733239368
36 -0.73285835377439567731013049992811780035310348482808375167621176854813286040012648544056027502779709381249369586
37 -0.72815673889655393952211047380286584828395528002995759392258702877675270031935568452732246715830806926843973423
38 -0.72073573179616289094539575602305432258164597081884767165773402556212973588340903594572470726291028149713265822
39 -0.71131106948570960831156741655988837764837054757784360584218141134674525611090185699100438849723827680418911008
40 -0.70044645674263612473665848353091202312985926656686850722482546029117478944329037884286677058403195968254553016
41 -0.6885838319288059135104121503284542170031145585413235637144044480682174289040268080098748378493828262980990276
42 -0.67606808963377484098697929976876920162122247484399495145158452308397145201749388426257905759898487133290126386
43 -0.66316705284184980468104090466936457175068368880894608594792953307889901853997808019881358587625132724177471899
44 -0.65008748912259522027815825255424043864026327831570065755035580850443370714387595897997165395673580836848958247
45 -0.63698789196931680221069052477140374156284489589923747805355561850248855122262670268836440666845189866522042777
46 -0.62398864829339353085771095116033046056452028634274684323104871597165656000073062170528616074899726669137675514
47 -0.61118011042106621216780693800683436170649000713230527119369102377849482719883178641981224705157976844533962466
48 -0.59862899679385778621533523621271269857260405001462835220544588460995048674033675421583642617548460272125869138
49 -0.58638346408230029375259701222550434478446970318009996499491633918955187270737247665695721689755934832638928567
50 -0.57447712523667188793611100940620068221968704724494265527549988756903457756543781916090642065748807215808035781
51 -0.56293223214996105585852809853243762465428144486082127945996223530238463279940428894532020444855362970721837631
52 -0.55176219649780236358800736416785479239214479558990353213007794377722614020147073772901339914209337933453391819
53 -0.5409735862183721619971643109594806130245583697039482306429030998982368757212796972062652961376769412359606578
54 -0.5305677063794977921059282792228544438124785370267061298632994828847880181082106421914860670613401210508069216
55 -0.52054185042982759074811316700939116749998748955215457733252586081093750672369992433825982463232609878227685538
56 -0.51089028985043339039741607968159149765834252866582123413420236811963095722315881251889238999788147085283556056
57 -0.50160505603141943548562145149948798648342867332817822350299532292765833853916367490565252604438325541273241059
58 -0.49267655700242280045905180111852630439708738677722690979354966609499488238695209672218658705019152689628344106
59 -0.48409406281301684662468618467801879092606707159811869851183084369474615018647648987466679175124465572853914592
60 -0.47584608638660662678391743104569680207393204558537695934678226293849434270942087166652235897712526590110162491
61 -0.46792068116285089579424357581188685232531720045370480748996113590695113681065911747175412531287785716973711453
62 -0.46030567248685574716228091196685309190892012867708189804820893802621992251626790982107899308595137047246231821
63 -0.45298883625319393126411410342218259609998960942427258248737242892427144549905885520101237378708967533511917185
64 -0.44595803557680484501610911304997471433336670978943484194624844838183872959981825937469790401842057279502500707
65 -0.43920132409005601418463383369098754655473530711359043161331263045634586035554103448525572934434866817106280731
66 -0.43270702273720981040288047629597278999267872232491301628056419941232162267668170213696504621961301317853840331
67 -0.42646377556117793722279849992798350297470427254374015730793964313093580292650640972698518287515235816880842698
68 -0.42046058887959663208578246149996557688577643526838673362954182957987471558889794339407876474664328010308566176
69 -0.41468685737032535080084587113018285868804101611232340630536199038847524375074017465476510954028572984782608405
70 -0.40913237988506283399755031110436639720217418214338853251716850592159486273283096485675664424251297482398975391
71 -0.40378736724804632310250287362324665580044177176889359048238138477787994073084560530468768070735354063977347883
72 -0.39864244384641133557301111365526410193737686533980610946959490870136401237628087989347269084382016755335418041
73 -0.39368864445729259200173925649583519746220846169609304071469617278202036790580224025674651159938511435922210788
74 -0.38891740746633021106352798499056378160501904156397692431814142709123497125343563907797713492115851516386741503
75 -0.384320565398752700431253372697622942299289119024259776673919409627817127998070837810834524426396913932483266
76 -0.37989033349636849449923150085347333444007718539383911760536729374248952014667658750688580680057754237942725179
77 -0.37561929692262164614628425884748695819783827918870766519100647759197692391324807081825705590295779025656312386
78 -0.37150039705617341782482361008707277571149849027424731443836143876198659495582943460521943006094588956088276096
79 -0.36752691723551337247604783146805433126037140759846848456009216970089526773502511628617115522279210358532560393
80 -0.36369246823827532580503713858402635410316830242488320980375008442500219196414232315551002444123432527326000101
81 -0.35999097371553796010025483577859569338319335355491215234795513618798545000461556563767461940662070359471815289
82 -0.35641665575045472161085787478475731796070346331820327479391593012239654979402230971076663670868138278126122466
83 -0.35296402066968993706358476913001037967220450691371279374744964923156071707609033526562172856750263054098079322
84 -0.34962784520340886933035380856056373737914748099804813991971497083368079397005059970939197694532833560199422774
85 -0.34640316306342165441695831720773284720543821119166850221281141325534031266772957422533579007049358908165856946
86 -0.34328525198825647163892295266172604402858109046715100940456561819126216504804908806690051066038849675281044887
87 -0.34026962128741800222248169911500773834563169747834752613322215526786914153673061847550542094699023740718993796
88 -0.33735199990404897834243014574998648817119704257145006609504117335602578809957694056317520285626521262134850748
89 -0.33452832500498739706915640257493812920884630522162347316363426922006104066237065249297330306881687632091404076
90 -0.33179473109925797523877412683901787366481914992694675741734271958641593841189301458337564576713476793567607026
91 -0.32914753967991396182822176916198743006584615628703938443986300051575975722026917215929153580411600415548848861
92 -0.326583249379497513576940354377106285840417323273755323220864676245169085822278252117633006048465040388921742
93 -0.32409852662592354431793831600603102859609198337186196881883072208527419886411712901418478966612305950627835787
94 -0.32169019678307777669978261814489171049884160895609641818490692767905556305697081252353356337394731913652829008
95 -0.31935523575866337901611372836383538218859156204100271238585026534662350870807884486731741907537382607348719242
96 -0.31709076206067674467298683857171681595816024317281838382618015589442320348691293049457879016772291738212917565
97 -0.31489402928321561884095686726528758531136267683926696359279246795836550973535988688107042722670014516693621643
98 -0.31276241900201967994773042814484759149331964408858840113094230969550241462463347266816308150266707321743695269
99 -0.31069343406013204434954622869302837686960129482534297697549867748184513332282066689019038992059093949259808173
100 -0.30868469222428300903691555251541859160421068548008619393301017269610418172501484022530153436245978781022637955
