4 -0.03707058478757317790727539777834977165190573412723727845374969516605096769429142498279645550540888776917055088
5 0.8951447838225164120701399885125955174346590860755141317441873319546470599868873076090143679296811715052726608
6 0.3765448056496200208935302750952568301255752561265774924037277200097871109838402786924039837329036353688273613
7 0.7768258800417281592069437636335012519407121829888050164457940848792705067631379968187127950766451064160851564
8 0.2785567929230360975375025906514649523552995171656508530100901741777768827781023992478910128876302955550541588
9 -0.1336945997110672186717123694318141518985795418139231195469740475275462363372619188096667590231320612278411815
10 0.3416475078856760499036123841977818916146528448273106231859537439601963683986333532858591275934413902145483092
11 0.6780767786102653821787111922371937439664807866743159447856795701445172478957118937021378121600493711314918584
12 -0.2360512334403939420839447166415445495070490146511899764589947346417819607295289695968176682653103349194223941
13 0.452360023100627273955999923529129121825217150543384924144445128277343993155487956468796327168938222524382395
14 1.060318472498044271419528153722266876342009961286077349366612032887518629944626770658610235781071131152265442
15 -0.2295532167913953368064812125081930341769634738694391056715914900374541858322092777588502759471725253078277275
16 0.5378884727019268799036260026798998727611924773810011094777328679873745621595715929822994209604990402702740183
17 0.2560822142370303179142102625094131556167243231096394666626283434762393785663079820353734841135088500868359326
18 -0.438244948051811927396765469962663836312141454309609114632406684530863087837044779040678542227729436996521154
19 -0.8996938537229187776681613826752556385826947183690224592338597098589391040285604687404608570813110532325895262
20 -1.020898414321318957749526764713340032850795942368093440183367799169906879233085246722325403684013734637694653
21 -0.9122156238553917116439947785881928286494629006465304526324141811145770331889318203289814703663294161034505269
22 -0.6995270913954560270161516831675136400702279740900547934397948401787394524656297539173835941362257157469578688
23 -0.4669318948840243703952591360839976100881470404406915529960723498902577847462365091025003284567209238538594885
24 -0.2578715418027124411597181210446873181139325463277984872960373836680477852458599277079498703081103235228437001
25 -0.08915171445070859192803744208511330308405759689516122322437389398586606759510432472640206766593646343720855929
26 0.03687853159454223263557391786063547227502763721619783888354214986866913849731548527084687938196600173990586188
27 0.1245135935808669533840214810750805224265247895503656044809843142109605044066206908429127421160179018115872722
28 0.1803602849705720345096002987214010765884475675643695312093084506702623190232526413249994890965135052486520004
29 0.2111963182458742704671792968821847914716967136143183125135106274734561972964869267468625534021483013873145585
30 0.2230532947352177453460749796805806438091645431887018891504724969067909606563905521812746218414460891215568989
31 0.2209284393556673245558962524026296796829488635793683306114715923495138654978371628639071596065836057064071408
32 0.2087909317368747653729943473028021484051575501713584041643696224092979908860345058920961358485526368298375552
33 0.1897075580285552673440087271647723333060427932317144844867914733285840267892581254789242524952829691029403474
34 0.1660014953156011643879946431242104116012339866395391534392712619194117437084258466039483375227904598313491321
35 0.1394053662447947826527503484449244134972577397392958111619873511344796748338989806057294204112379747444359808
36 0.1111936537015705944119081898624229697896445088367319024263766040925005002454534998375447107518862619659949945
37 0.0822910058860989364086109277788394586590843167691805760853345823806956592829908642409094619078791107961841046
38 0.05335795307778598793073542317042802964945235617920729680062459537839790218585521514763657144843564922955091989
39 0.0248573585860857491748206250307884161026658602378244331068045670590862884402235249351112067322300227100329828
40 -0.002894761253998787717588764242316374987165738665170370791216766395833118560409605150600067794450843090619838902
41 -0.02969072925637737552332697693071427564090931126124702640465499483610960876117588738135669265485862968816871446
42 -0.05540221917341610277731072941624334690521631784388089534294879771782516592818305961270105317875222250184852655
43 -0.07995853977498745532416366970269830920507558403749398127061698854403222636120085439338944602215934479022390654
44 -0.1033304303287900302015794107339605520061974337384692561699430482451385846462068236929385081960061096230590488
45 -0.1255180107552870038688497879406388286848936096063979773039870505525837939707917040076461328874386256346087391
46 -0.1465418524209126563292870834605948723411421217504015400520704124750402836411738840245744643780205027113429878
47 -0.1664363870210234499087042676121451968489274343590745758814508699979768212813857982918064877357353471178803212
48 -0.1852450640212508899523743947010070278364072519476526636005365775759449501408155088853516897372400093340068624
49 -0.2030168138099925246456725883552706421945166793848808074494642623884045448807780725719832009520700756042534369
50 -0.2198034844804129497446366187448842409818350588384932892494463288085057747474474628131187863366980896647230196
51 -0.2356580034681730064082717905191665044010567642996393146061891323977294070884865609089700723688303177830434266
52 -0.2506330777778646358183297874159133128380279954428881205317444628497628612428099810741732463365629021056216412
53 -0.264780293370747284641048159825670070215159344306265954618907423727147789617160609095556368085418313391660039
54 -0.2781495093679512240983302790140153095343557018260474969068371041279629878186060827496764905696059013863578821
55 -0.2907884689986732797416458713423240842228279473031776712500689324470280877168333028444873923768096033238261422
56 -0.3027425689092388045882347700312874367042459116839703472987857394330559530086821813601232890603148373892164803
57 -0.3140547432062329210766517687287374392079800346100268165410305486071757962142049786227553297374959256681484175
58 -0.3247654296758038701589614084416935079603668208065176047063405090151169588953728884266520955906153540707440022
59 -0.3349125939281582749228348244406037157798584781949124186211400565345124050718394538637822586261859002552883989
60 -0.3445317934530426934026988153939953486620866808713077081014644659185785462930899420955918086208243072874342189
61 -0.3536562682555500169489741222432054437016018555310628740501488106988373092095947860129102904643959862177847482
62 -0.3623170482584623670595535555828474816950553186899539945559541596496628152381649095544789660847432564958189853
63 -0.3705430702969561344620210900429215363560388936815222922019992484012001374052174280716689331838229296575186755
64 -0.3783612995108146684230310726304019816288968082791796748546132991403472600922856669599846636619240686055749285
65 -0.385796851421202721048703656345662667722089200885810957828666169949360687152222222364454803880117412753643184
66 -0.3928731120860121444328428864132470251135682249838533169574353681943822463031883598553616436198503239014480965
67 -0.3996118545519876156232661643126966387868684127935766915816500538620549961984226532467596838004128329686523873
68 -0.4060333504327926965718178515509905344927521145792922637019652257954482905572964983755362972257393120652284633
69 -0.4121564758923492190010468949470126330575191482934801007925863055494251746954378132697824781075455239109415712
70 -0.417998811641827431621164969333684772309779844438049081523341627516308650324206145964050531253592611111749748
71 -0.4235767367965723939343597883172587276562672364395622343441144045009076991418134439391890754252019076657511199
72 -0.4289055166087258598212255896074725838615225707260220053912144609043073054121171176057074417563685808364596291
73 -0.433999384209534365765142199560752259762231581330431427775180836085577960177116971220641306644118090881543623
74 -0.4388716165753445844034305435294297548767957025685316697591034815565073724823516507460122548775579294124306786
75 -0.4435346049829362648548294230098456098410902570315113080333250894312716758422045550170568620348893103206062896
76 -0.4479999202505927795752824460206513250711121270946620849495046177472104140945777974099161230804904749187512129
77 -0.4522783730767993822240676830092375625591801387025836932447143870701550790318078574736766252549074726261796188
78 -0.4563800697929453164325804793302160749396438186299202795995187728628577301069933002379835371869024905853185411
79 -0.4603144638430908669339990031411235649679421429725376486924653514556268194809144680551585337947595749974842799
80 -0.4640904032951468207779036516940106587506036849836822983780341475845287873988352729964549836250555557113357204
81 -0.4677161746754955114108687001506529215776237913177890502875535244739802484328695146340446720430793101985651337
82 -0.4711995434044910866018313519779755809723142609385242739460657399774493226909445598878576445669396419050976618
83 -0.4745477910943922464016737369343585268723995389463733541928017390974403419872940051198803594924682092310589487
84 -0.4777677499548177451083888448318016421395546391221110696150507558319108579420415083752503876318015858013644499
85 -0.4808658345342865454748379140091033091172263932396517271721803147749084720817021636397532599223785425013266157
86 -0.4838480710101720706956984972550284460781001093203260982694615824982350704740010055163422075960688135483247545
87 -0.4867201242237110386020808392316772498474755170187813180332989512114737824887001747686740232738674848611398654
88 -0.4894873226417243294085433612088672588071325617909659943643966416953145348281734680432525181389133859656599647
89 -0.492154681412529575397172430931945458545260210407270848900417556303911035842197850755585291113408773877731691
90 -0.4947269236702056232174589441028421235310840499074433074533399038763559219982681921180581775663461763147888391
91 -0.497208500228926971331526083683805557261231153300009387035232494202022547293372394577153528188898230830192605
92 -0.4996036077975169159393621451819135442625116135633779048202127575745434295009875598533316116151550114892337692
93 -0.5019162058336498198305240661446399937665440533641855909750998559512869522796566859027637408189432439368483568
94 -0.5041500321472326543155168853126358764915840304893486445028268937275856924163801620040147843932124280432020477
95 -0.5063086173533734616746949401747237613957133745465429126155403824256524507543418533755476049681189333928872209
96 -0.5083952982669550688178367007218408385102231307028731346469521549336647449638053741312646574595051863884683384
97 -0.5104132303231296041731137318332999213849741459311302843663477593152791795100785475619391855527003900618109639
98 -0.5123653991009860075028947293374057371267214985955109305352831692489662888886499906406750140169554945044619212
99 -0.5142546310211723154809177352045804600955852253049257790523953364820911879781775882094203697738368335663043906
100 -0.5160836032823320388428017430064575154850001254902802883274269749180442370498038742365732277490090919699113915
