4 0.0858695573164183160619318098610006262105921441779016537993431830724092598159379262665696815767936801591073318
5 -0.380469872449312311929572125798543409148542024280166665175554486528066773571292978600254784708064408959765404
6 0.108566238367314916992808828970823225774410866395680545284153069094920702742590674687529144972608557669092115
7 -0.607724704931322216902606703739238958324222721318451412903666702174694616737149801786266490203440851300968313
8 0.795824532863659186476233260589547756681218590812846433849313953759517213821752902656900621665876131774174618
9 -0.576611686153161253238990289004145760399505407525399278489333233374377402210503033306530365374421762912997167
10 -0.289710848880669918462098221818962470531840613985607599751550098763673406987397090177322982383647646371380654
11 -0.333800468380042187480047548970340573122019414935159664869621659411876402287199665595159499072755957274458366
12 0.544341281929818517342693898387369957456676158402731197254234643838151683296233625335248017285868368722635296
13 -0.193403270705531872448336065387397586757847057217902536527555621407015016304484215812947586788273895496498238
14 -0.248159090000880052460827661974558399427151023812867083102150580483965088782922825491921453439398233295234298
15 1.12285302849345304072041141032440695536030762673026654288971230978098959242611053861528233160100187706797765
16 0.163914883278287860865201616285887889291430386666587008570206937338424340181363888615527936893616461069977549
17 0.433990957225837495060734421441260571152675927570250287058862779173311170577834579166591932199646093232419245
18 0.93524992238364339742766567466398684737161013332926208636232463572472492576614271977068550051732120495242919
19 1.06187758836818445625920087541976965852599458385714766718175917191701269590230521282264036748187424317644145
20 0.850488617774228749066716822554510441254402006785989815963984377524511160696831983486203532395987028704769134
21 0.491517170368571615700924738746007149384653405894891726679714966990824997359916545445639801517566427141353334
22 0.126019036342046606406742411299371470491986922200374106023216404129265222430948867103800267897321677852995783
23 -0.178108871719899723688694450025799155049347560766046035779335028780534242681477284065202005789950884671040194
24 -0.401610261061315220905336009955718400869264106059600228129209280943507815595175653418379242446658422683782927
25 -0.549372454904074127378098918311970323137103828692712010585085461129328310925623137638630471966108374129148872
26 -0.635247872240331439727100317839693749571721432946634996993837858852298516708268143543248638138050513614480943
27 -0.674439463158368675528501825387490316844882490782197141245496752028266900039437966981121931356373157002943746
28 -0.680346160547265017309834224895035161997898044195515632419458291584013187885082084707485972753821949341233288
29 -0.663652620688067598872822394400906963116170709715123835860920869071419568075880495067291062851096451061525908
30 -0.632403425961899488443893844325976057468119291327964352472721722210994084940055485436458549286293898640029669
31 -0.592427829928677504327386639379680180827287712682562272524991471479743810894073138876253097131862822880039587
32 -0.54782737015027026204416340896490611434164092769546696386385914073431511752488267045869081192799176438290637
33 -0.501412670231240600014357488281619555727267334296263336248641866178234395950125808305107587484551197382552008
34 -0.455056457945828155602028435578214481623164426875835082395943525700947403254758565724442786680447228173352129
35 -0.409963733361900019229937852679005100979834761608092498781283497362432771373832801726331647835935183655762234
36 -0.366871895401615198807757727715240590048860934450931388659442075685065578988116763036625113774310088546150378
37 -0.326195878005032565076028066560563782055699502114903807254413346903537593092076505831183406264069412351960586
38 -0.288131858376184472226002240827065435797248892798067596911476249738530345566082248884406533672320422417550136
39 -0.252730530950189262760238526181788711418782858588374392681232517725112936577089491740234526023051528884473646
40 -0.219948384923216686097191339942205736586570712577883664575329529174951785136231737060703037693629365730462253
41 -0.189683259490793439831008195819356214768666982154955396768713322620591913122921868713150078978039398533595988
42 -0.161798751333488788289469911423471928359331287892452688161099637934749625262522287198850196929468217384142082
43 -0.136140767675738433464307459117621121520087869342271118669993589545257541137609088900196637612734242205913299
44 -0.112548575933765402980182332176427721055820376753905752830407698122150381324339589272259036039066783077007895
45 -0.0908620185329285354893860426755422305499895096528290252185730992028210355601783174589967808861741827752752228
46 -0.0709260721172200520543161678453945751984715208732889704565632192844803557349047877212893032208398040270314224
47 -0.0525935817192691402444695916571032797569552748085401829716918805627858776556478352919190199039098894689508615
48 -0.0357267530978674282040543743509762589281143705094571875345449245115830756056944792655381648459471416276315326
49 -0.0201978114467184936070280695045905038317512832728581831087808200442767535894001947803314823831035122791555627
50 -0.0058891111110995442130469353838745836333022148132957341567882832523206895256785566511893077399283062687541391
51 0.00730710616384851108882204376834162644197861979227944818491547938549790101840212981377593650716883634462845597
52 0.0194891682525886117401441238335943685428883610087495935014384502725939652634646704655301638407453062479553859
53 0.030746551831809811642022069689117442366007013539943856251825888419883470240710105270411280966609421943914956
54 0.0411605208427503403867646101863069945961917147361449868016644438175052440480788005918758294753307338232248078
55 0.0508047824800739765863993274079567582135081288038546843256959202996508532543947334485968812514764460719450246
56 0.0597461336681178219189836427747397806824962694733283846299940352267568704191171802381761419937544801546054998
57 0.0680450811735138467457647130087834870861508338340009875270110205681657575298969101483050788174334951054075372
58 0.0757564255024682530990034884147057527956245641863723889150519754856922908539961029236769956393525777953434319
59 0.0829298034870982952646046948105020759663955001212560013667673689492265004423371300303413632244041687641749182
60 0.0896101876474187367303679969178432692533051036051966509278541028671033524780617806713137353435932449166281309
61 0.0958383424974636241315539348141876264637638315692852293021068363996451146965167672897133860126018552342753485
62 0.101651239280714425820166561407215304432101514280544871274415072963688744372191468131222795056509366811702448
63 0.107082431408375622269748039275479417208776617641224400258335893249334868146904208686767006576753361746379196
64 0.11216239330132281735355854366104274961559585827389382301104175104697519187351924701133262890510444684333434
65 0.116918825520525721018298346032361122867805524318879661952127369004061729471240679139394701080066514227247342
66 0.121376929094087070945068467475136884883617425817202953787687358669705597301507359392775163157422022717007425
67 0.125559651869480124725400387908578222846109610753361028610886727977405829141129008395487582573193541936409544
68 0.129487909577168729086389239444889437788972952665576621044300343034790232658189600042665405937586331777449229
69 0.133180784114082650691167759847563311602208055509050835886137819065125084407509902942049701370773861389992119
70 0.136655701361066605200405681295510585346916792896390647114283598693277555511941072198801776861953953343959647
71 0.139928590649852445181820694878694332621626393342575210248502773920351298670840082737203307272023886834349331
72 0.143014027800370703239550589643007351457097045647556548459371237669048377747462586944885818345405820715339171
73 0.145925363463319791378741702795546313007116691700926870444518083595493739276853541695390488572658394404453759
74 0.148674838328741030534447563967280831303217141489945896669703090601631894178700186058308681271444108145800785
75 0.151273686600359923600107851313646268763954956697960499241603904391137429721081569286125988770587849708034577
76 0.153732228988138993879887516233182734931750809540863625323328489037305373680468399972677221762207091280923404
77 0.156059956337704521478816020801923894014979086696212994740059586324144877318117667394686343805316118061175386
78 0.158265604894520537972011599662365584364701118081272803914629600268806364914989452412521654962135672553906204
79 0.160357224092114835035475580962284062580472841365365961699111272967972561914261719942320604497159287434521285
80 0.162342237656415407707573163457816782007642534878298243072995694948138059571300067261358707964062737926342762
81 0.164227498731384174097405888295140130217817971189283037394341641012784827876543161185027100828787604455268607
82 0.166019339653690589944551527074704175438343658290020753706613596405569634162671391925884973359473222081090313
83 0.167723616935235227842079432454330293517521318710962074191479145153214198017699657075884377978279780136855659
84 0.169345751951047670849064382940815863576208604414244093715180641517911244909711427257933915686147485076382456
85 0.170890767775640665044661125081156880407603280612345526444394304770100424603419850965602850198808516975845883
86 0.172363322562565848486445867653001659521063109196476353946075134686594296185712886252905209373645176009088587
87 0.173767739819014713301146084418514938810398899414952607024948600419555945927437369384194137320094889411155595
88 0.175108035889235910684055288972412121817209670667887899913086007856613306628301120380391182639077417377647493
89 0.176387944926752368846149361901900462217183048390693916990461955808139042293954143260918680871320700069825265
90 0.177610941605372210605633273375732104485641709864706239151076584722862517308210622458537300887833245888827276
91 0.178780261792362225911524110496518798187796399926010473805427690064234222696568932409065995529161919840449852
92 0.179898921383505895475442622356084487722474397749049748162778434936177528474293430920687823527861412440779734
93 0.180969733478757386530699981100157212577202413270674103534603788024724038717290937731418047097866440941069007
94 0.181995324058525332989991430251109342854149431766016423307696551477181691417928510597074237389200072537895849
95 0.182978146304007288509113325615355629734499184615747734259120547005026450341183068381642780389144743330397652
96 0.183920493690210344877761524065368635010944584513309825508869785979656084012222141432857952122305607568976956
97 0.184824511967126029867347134314409412024392177932478741637293989692010881727725080525076938415063306574635442
98 0.185692210132793231005407032038747656617516106785925467560237726734859236414398785127365706515297383822142462
99 0.186525470491518204140316497392932564659402283415096662730475186209502258878477849622806552382476145116043687
100 0.187326057881181537147318045504586796304026842191922269950942798468694918337126197791021080672701080148349714
