4 -0.7008577098923598001117838832878020833848507181091930092036007396470665421435122554532029257099976740769302
5 -0.8193895551840654162021278555962695049453242892743446493828010514651069847066913876941001115618122866710702
6 -0.9561079997801860681829528158214385002759294009103558737225058007245764796887836416548488518705912477926031
7 -0.5640749870501775121205689288778096628356836915584620195007619103702783147447505626755444058079225908306657
8 -0.6873222921229461686523733005657667242960425944233662190480463988719350228154926761287931176350428499070538
9 0.5888335743749471998843748715861183680569228498443682223522068828380359804175324340368817705164113358375133
10 0.6291131417387541675934190674904874592930532435720450702706031474001323268522396240501309190002910787704586
11 -0.4982594366180162936325113152732757362543797349369677357290340064480383006467994974705950538955590305794426
12 -0.205467825818187970576316408496037751363346946921566001560032358141427366388983666530557354810429177887979
13 -0.5650636108255561787286915193402635140435454204858900048235479978581722174057830649575967453062683229450222
14 0.02278860480795313556738628600900853224932169605813287531369519450844935072305540309172891975727519028666003
15 0.7927621631339171128025036982804664038455048861819501617663745094367760552670238707137478788909555447937657
16 -0.6942114060960954776953290740222041906765309344819882523294678639674523975322570202306342094380832002204299
17 -0.2485818337127150149105538218436925109940721256747930770672888392015539727779355520391071752238612459929741
18 0.1434590543272852676047592305247644516706429057807641928320552114504266675031974334008845823405536061725203
19 0.04407308548935093091466540154684320293135187790636343666459662609034392427964775896105734055148834648889932
20 -0.2498688142240082543760623574617275610891125764914086545629107741300497587858187237716112899832298340556377
21 -0.4907807077350933191165669807537156963844662478889822830472427518900452228063028937060148141752723704626193
22 -0.5942941593354558575012389063462380147063642441084328815148537471101325383383306858140978953526448970486462
23 -0.5695521478213523212646131235877302351925664392959803163791491085406657277482516202323891760500094148628909
24 -0.4562686214739065151461649588810800350645640914918540394244064404751025733032569210087268306715011698456919
25 -0.2942067688926674308902342674182238235165949343359614853214874962201840261035716350505135202210231852338813
26 -0.1133172889539946404137422731374893714098941953507765517055836426082910141726248702541354826559231304300661
27 0.06697611881434293341603074370382395614687829337778199874861675299089849415400361987367071077100212124829278
28 0.235537209498905849474089755820778149006513061351196696173495533918382989904887186068457281842265943898402
29 0.3869202597890464428952732624811587234254336619278977853865411000263818994831459836975156777681218447921885
30 0.5192582115273843183226762144349662094289983366170649161743868944228049273085883969198674552821291522978795
31 0.6327675887571716597488687991336215647497985773335179837792562824792143759180993866296685542200953378722654
32 0.728769625799162651648668950606351948040282689512484480107217801955511715956634212182166313901493236794192
33 0.8090844519235702361203102266543963406235124393566342689772390634122628404143439499168180261286485943166361
34 0.8756750899884349784187162099369410339220715851817162759930715867273573075106085247462576129974206379202495
35 0.9304507473966568100884978782692237321758202494448879472570705396716897671111283655764701242443330507954668
36 0.9751678823397557758774235251199544074661822053398627353266738888274450031427704473110293800653279646195673
37 1.011389137140568205553847868391954160350850914256998121397606353929307919246834315127368505022248760247521
38 1.040475075885724946058821218940672609728368508391586369336193980755991840407575047993120166153791455669646
39 1.063593402125127987890827935570749447277388951174769398404713060299226843147606518614123436271157916096187
40 1.081736531589463165705028684871815722005684357162348264545902218365266822043557110507034877582826852462655
41 1.095742253850959959360060293948746122223959238866305108874251314599516761129562781877040359711102047856679
42 1.106314573199612281293006410701103045860757575968393809118815805910611423468342565359063399857909808930585
43 1.114043229853079953964921608985583557946108227270919534655451974953265315242132134358199552893961633371559
44 1.119421227813718035208452887759858606151424244019898109668288062775377819082863829637945674374887257676583
45 1.122860163211775038133381543752921404832986610922360566912552632658956930103921017700474741865565466533719
46 1.124703399269974341440793771698673310921549582327087579963853211561037452227729960751107843349654811245269
47 1.125237259091882125329059099811158751868658575706097263118452713465887717876752389955153372227004584715635
48 1.12470045911663040722390806249201490887407581340950979423808594204079251572970467197373027846058021250901
49 1.123292016821256079843016397134164270124468787856435800530398831015321370923289523547525384177846769952448
50 1.121177855484034862003569469905575089589140697551263634624891797954221689981403476662876944091989354220185
51 1.118496307901754360024458858975885230263278267731467379146813372460601650172777570382436022976862698423261
52 1.115362696353052014930659996126511502845680077681934308776384539269386537449572231415616115145294035526737
53 1.111873141358470745733824977601551594133172438309572771103592721094561104680981984755848581615134687610821
54 1.108107728709123920428922080934594609905283431180039040861673654262501782711815800614855063498657243243719
55 1.104133143615866056538822167040750255853228936028888271160899473781099544546473226116069542295667510167889
56 1.100004862899070124829053139309324954335621296018672873913803845691520398399121451396646250844081955541114
57 1.095768980821725820632594271214112355133347272135575378004756253706327230647255023345065622357738017480836
58 1.091463731243511543490534462941039164248353161010395376978074678256129809150423191481387130267241102626396
59 1.087120757959384458752472344595665067241949277924908135668357074219411442714760261424527429256411051925225
60 1.082766176091711883108329365467414334304776756141312484545557824148588071744559558408267530383346256909916
61 1.078421459954343815853181205976158851294331060796764518340524903671306865311471170187456790871267441613083
62 1.074104186652163775405397144285975775618348257904835568068739003405590618687779426580024102769027983984023
63 1.069828659604009773004586786948864951179886376390261524235697553277587840140379107789736072881467415194406
64 1.06560643199526316263274916159242300089864139669170803323377385427306593076509717449019846755797749938635
65 1.061446746722715079129831146588688537364442226587639290802074430854798785145809312501764503797268083105515
66 1.057356906558143257558536602165567065948066336565440939969411479289279393308636068797191025706250828210984
67 1.053342585920223102664507075900645983158196656086225241882996482614990703430563539898150940979938717894865
68 1.049408093717702891976961704120263024620417753356488632572494436513780434687722619435411918303196870730569
69 1.045556595136780383919374017297835458896349229374912829984910969816425099551146579899635401494692253434036
70 1.041790298932079414142692862912608359173534079541142412298111648195909112874058111264176561755086937682625
71 1.03811061569416893124692628255604863351503637026180903704022475855477271825862182090802046897496841343429
72 1.034518291666766741763136493933699780788622998969916304184220766417032941093453925866559985040345224358679
73 1.031013521940533132917383594591396191458906206682646159576307793740937364973430742110389092017645543877507
74 1.027596046230593013627660147287556932908530257035952560264152493092759960024658070198013223193740148591999
75 1.024265229929439735855553368674820807880457063946911593364523292990979538780749160533906707220857483777557
76 1.021020132697483246308849533364483760731003003663461283156273052560261970952287055192054296442112708872658
77 1.017859566495291726864379971563167784679995410426055039861344244263468815225078169343002658092977423151191
78 1.014782144662289693682131522011276737431586035993355466026607726357836562439468197772096937765958334684161
79 1.011786323396246287087255306457363926100876440167290034004726890641418341037909422994232297891974095366087
80 1.008870436778026089987128188195611862261557733915938996230729428832378674254305883917293902832651337668726
81 1.006032726309949248311585843613617423995241956545204583226248324296669629527390406080375195948085920191566
82 1.003271365788079045848028258888801364347016480979872760637140791031197827728404134656404524819742471449537
83 1.000584482204162600808987245138854741187748636481260295494208055827945124289808477115611378601549562924639
84 0.9979701732679359683154163995237379604087973055867467554018593950207273447581074885912577719064546761843428
85 0.995426522051870360975969295416304759841931547979595006509157323315206504292877744560877777030623918172644
86 0.9929516091855260828299923866387467602170727516686713371924340998889702725288601271578639428823613688080039
87 0.9905435229632871892207832252257142831191600160800994661541132204610216493857359436289842103459023682761265
88 0.9882003676755341804881207161394491670302203502669008681731874107645530924207501948124086336566261248390328
89 0.9859202704277407522922422540097906264333252800809202262217005042276264974463562690477176372220760860810014
90 0.9837013866732729217104393174265321262113328283628000558391905321110913392953370662828906100152667953629828
91 0.9815419046527533002095008954184344083014256943085075010612378624587684163070625720935537673748429830422669
92 0.9794400489048323209995293231046099199703662953066116785123605359170159553269774932962749409746916003022657
93 0.9773940829893288282034720852390019097330000913364593919327823800885604882426294735657777449339377992040342
94 0.9754023115433319424165132620396158965279178236631358447621884449789051025903391301240818730092961970263797
95 0.9734630817734622494563189541520674088862887676256844210609226731467316638581464967157944718887931922675697
96 0.9715747844726246612971655813846886173122101158821828847529476761344433916707520188594242296015645022861208
97 0.9697358546368694249676657909750191823847857794499726133689270657073602485915567762705180869346706336118002
98 0.967944771747092082905420455374290041098251636239961975854799971499101438104189066769210692208755793023294
99 0.9662000597709773467110676461424716163442703580984676481494014093072698829014129548979245199403512641083241
100 0.9645002869325968351696134496788838756565726144657163543852435923186528960430063581271114038340611166717582
