4 -0.99623496675011539188435855760323184676440925669723186676254476468611927191897191624818279318115536470692
5 -1.1588138043385652927809708679753099678608214209272440544848620101534688962952836424177876741834971762089
6 1.1191117963090638131890882329407377647247698684081342646077544671137075063794083452512890709626918596951
7 -0.44039213180555115851360428757108335571636364109438772689943687616851957895806932438331042542195634884727
8 -0.54859861717150422241516869093423782202364455131872400086237186542305585020768811219189794131068954703779
9 -0.80825693804495719948218792964798767349458205752607151218275315852729938566575142966103880234231169043464
10 -0.28248372265362585414159852461561297646334691420265345230886828800699929953012315885849417077525392953376
11 0.60797548294678397236643281303788390282743123645318248979258136241221584900452166695464293423168962532831
12 0.83286317683393665557191746452582829302988712058581525928263767894308782699996671775960135674541629432501
13 0.69841582941959508293689456843543616320797960845898728190049202203159382561295989783313758315671707986742
14 0.68515908446129538429374355079740630400504711428501227360502783960633378348950664852077580292630762815329
15 0.41257651471488334613036891810168575658060309574768835105535874416442004383000301221500543294509209337913
16 -1.1062637387142186760617145632740043014717005562246069627143131842784607478839983314169931432712682865418
17 -0.0786287980218906696462062742817633949314296967187812028987431083086350138609615264135649168401987354255
18 0.29509809985686970227973649922193892916119880299922500879342666656314365390277625520246115696148387874133
19 0.053640134210344845734088989585080853754627838719357702057519485903066393268911572083747907992775294262451
20 -0.22712430001454147580666779773815618386047157819134853412012566179532283214647307320069594385786868053909
21 -0.32639388178208343849507804075315308451482670402077928252642333740876980164940486230245410952992273024167
22 -0.26036929739716793181517071553536582612729096880868465049820148478023660229098419541700248046131258707749
23 -0.10784569596235862135861220618756001897675012152243670372799817187417262133048342183589375629766581830549
24 0.064721787338226038139098882989012920228708995232815018293961302195435508912335551335720793479591351880752
25 0.21843719892502988712648812391731075374319062349203765520489464643238584348913536178727816684769929302101
26 0.33654673914306936760184678433753373171707531441795920629706168346220495359637014056170288003084105181
27 0.41577497684124830761832370810408333941345137895295036436338923717388235961742716771876611435968720440461
28 0.45962861073019006487950061727219315738162568800385331980698749192891533576735122581831517322857114267009
29 0.47426118576131615483256202692540473104240047738876619803388089809069895514384170057873494021665739903811
30 0.46625242297781937241631381966882646979182573803991979195663593192695596338895699112550968729278104484543
31 0.44157439939869613867008982476974039882027648013815586797731980191467411047302578088835764988147379068986
32 0.40521616839109453774561530830286090674638177288364486436318753085697166593149469524784490038942992717245
33 0.36113970877369000743578931565634706951453326154162100834970048903114955788010409700430096982729448454436
34 0.31238250363401788775069253131133371273798976439182045122934313310741602315417190444678935151766330190778
35 0.26120986023667318683751852697224363594873188320091868162216210488675876137071185266132742683378546544723
36 0.20927014691153814035358952304131502378272941244763654974155828954723534791629329036486884803477691192207
37 0.15773303721498623075811793147697856753110258181755797566905679735192808967772937043351037203739337349034
38 0.10740449898739331735267558572819884510926331383003564715543852321272012846326339053394691040765621361311
39 0.058818671457157510006334952644154153282970690324205218246590631854765051096679462335259769385917859035958
40 0.0123093984935832988807711590977412955891791833413440233360664648231657507778318499414073917443173761289
41 -0.031935061748433000812710536780434950060281332591963502599598012035290043933830180940110829378103442703018
42 -0.073830736397940002093814361390535206533165663171889475300309376604210807967027261988681267557624455385002
43 -0.11336707652615291061025966908127248240119404778248824254122980811307114462820188259927511584804926901655
44 -0.15058409466398008946239685098160933678364275921310526033456194353201325243476190855576879262028804269439
45 -0.18555556324183421364898123799893233132489991999198381584262125787802306467607656909707240017315284635379
46 -0.21837676791132092819491996856480835060552224058924045551285502021178267105464074243340073069608503415084
47 -0.24915566216236138238134710360256096003246626614308470002141957686510403155856468727516230130214828892955
48 -0.27800654838711667644319822124556144977245783333853506429052044121737019909724669314563138164607327363559
49 -0.30504562659809550203204187691193420611092415896191705093504547999975202954866428762468011244250236585695
50 -0.33038791725541501812081847121680592707330665211325010892289693344514723607756657002450828996631239623502
51 -0.35414518990106187604035935134490310352077417977985407204852695942219804248849031498914105181079673862477
52 -0.37642462362586336467241115699900732446938832458438387084238114358523178452512815047264456734916355365979
53 -0.3973279961272006542393245022125875952839573100979199495395695262778278401711549354572866835848293772562
54 -0.41695125098961417326797960043983186849141942493084080932038843447068534419574266773383903326898115243608
55 -0.4353843322558095041516566070145127477550126152426147227863963902219317310197828127424443853686632546374
56 -0.45271120471712272066681523428804888527356688517480084723706900986964678910988426990849246157409962988355
57 -0.46901000018230135403158177830690589123810765052066307338441849371719989741416945517224517553547532254655
58 -0.48435324619177178035363384212236393354113777257757708042053471959300834527269980477391365904063898880744
59 -0.49880814566186767749265888828525500631184676438697801225153486355640420041923327097468067953616606805572
60 -0.51243688483855150116571427299941685616891427221835678980273345898502002567180124198726706870623860732657
61 -0.5252969535103941126175584906896044503111470057694858104765296450907969758522879263708985815664446162165
62 -0.5374414662705128619830973343207016136156619204279716599750706888004118648341336543548786852196212891954
63 -0.54891947716992044569048073459940003362687993356142854790707002602408058527130644251357224189939498195048
64 -0.55977628270055815434413751410511555112135551451801174184706470908924576471249285455155811716491790497887
65 -0.57005370993134439966171494527203529833963371531436685697027664725710581199970968823449651029330694588226
66 -0.57979038797838621848534488832727575861270484496720654467208138966286653171330979610704891046220525076208
67 -0.58902200195792055914739406512472969362635709526907084662818460028311730814151330964970618034161353546773
68 -0.59778152924961418984852135524593071878353065562401761921268170731602555642637523864205422921893264892051
69 -0.60609945836463534777847563704170270373899994324447801099878070062736806293906392539469728546568624077139
70 -0.61400399102411761987844469668707892385518743424930202912021256233488134265591224525427123423096656219196
71 -0.62152122825149429528002146030209623800560811424327513801951032174548995834548547563313052343375421012864
72 -0.62867534139810098237664365184529036809852098547170255908486541160890273764182248750194306816397838038236
73 -0.63548872907875135313239479289054122797967945601433315405836704923788926959234850708727452375612324506768
74 -0.64198216100996519328427083869019707320701494542459342283635312527241371938741639551740467615528554170889
75 -0.64817490973092857411756346535611288615880999658042439847795729148688476607384727576070507743340263899358
76 -0.65408487115547298212395791673995263532496389962421524933026259030866468209295577448698432535798148223026
77 -0.65972867485922982393949347160083905640713779503455730888374103944868910522549629633155538239882322400747
78 -0.66512178495462207362518225416589293684557514225701077367884229752610302499283129677801904144872008725254
79 -0.67027859235106676857553592137692699440254247450313950300724240697750101057795931742121619188862556533758
80 -0.67521249914120946015484386858474391409622424913307171213888317846254336056329030630852240707993980543973
81 -0.67993599579795182316284022615623063216195577490955151354986617804589607303399455574155949456314499432319
82 -0.68446073181265468306453113037430494918738500585038584018891239727132925827873656415802360196365286873619
83 -0.68879758035297182592024353706731060054584650083198847533215340608590489433053737472057597869711831782802
84 -0.69295669746976263443077050359975605093813133903172461086534996336630673049586381780421252513042813172555
85 -0.69694757633669263446304806622617450659257367531791125168668912027956893075586577571940089593877483333373
86 -0.70077909696355371264261676158907256388565499613821781944490222341797829701652589985475310769673292368955
87 -0.70445957178500477865582604865091250247329899900102100207630175086010595620069062221055527958058083444257
88 -0.70799678749025984059518939630116917999372740184435947285422797973644089057385719011994126767302620842506
89 -0.71139804342609635157605497271563420654955198696371617560975410401344883196650806644321819151959869898314
90 -0.71467018687525508445673714791055683467746335954708554771224023472341350906507209691582921990888968954938
91 -0.71781964548467028003151534313543629235425024441210337025110147501679201623522826408688290441305828055018
92 -0.72085245709281535187143168863786061663884677464736304905896913329310933900638955634030835870825636482699
93 -0.72377429718258509364017073450016751881747028508684494121456626700225559445292050455122671355688370740197
94 -0.7265905041653749226321849583591047554943829706869262528397225071686459424840317660531539213859476922044
95 -0.72930610268318377025677302321227824548930366271667493547415071385013576231517116708339445647937355236042
96 -0.73192582509849201268646592372367314195180228741628265393554290057383366499412487300586010049441012235632
97 -0.73445413132619224810046883309782471747581057295875508973812284895188366519008259625448175240713850496987
98 -0.73689522714783286429939682060359763219575275127732156935095666648635965534153890843258212720113338700977
99 -0.73925308113573750311282833826064451067722298863291288024785194278907134265392872611156336640329385987129
100 -0.74153144030306397576985681791097490316676829335205948571445570523997499486864134608314851248044164558339
