4 0.671292333578908546550972851289969108856357735579555177436086891583300231153313565556396741098106554797048766251718677889765905822224170244114889253
5 -1.16240626052608337709840260339855033424735840736967836852392381214951971948420985946582283185293769325630314695213642719648633573839332998794528594
6 0.387757445419867640417115580153616096674791349241779284613243409566602246505138137493438989133573023076918414574065620418544439328110681810276000363
7 0.571267428341089279740789626008337735698829245346223596310809293261184462057178727843039645450681082564470396278718264920832485492013247387808331744
8 0.554639812378690950604609095687633734750213399531712497229524539153178404475603519714823907156891376974954587165572272059137421096127066977837402114
9 0.511235376055472981613258411767325116550254852325306677943619047367727196460904275653272491765036028553927197577381825267367688006547062265952273914
10 0.470894925855370049952262135703664745982583185244334254245203397773432510402571550467104578588218871842790202782898664231978519556196134861995260694
11 0.437930978857025873431735588695969397726619038609546806487915226438905681719167513926761571548119230479672007864638300793863369317302184110932641552
12 0.411706542426169689729944651956728607584910620911957786476428091289657255799135150480319841287046918030069639533369218177878343340019807939832637589
13 0.390844111866003726750545002932060682974224752532664390712115400738198263339571990423530080381081736898479260595848281961412748320667585197777180222
14 0.374106650626777650593195461534198587534939342942370955070666682821451304860199689356382087780339284682957510305571145968851308019954678835595842043
15 0.360530232247268033884736156025588033061113406087456855302325811599559148169083467776043937375206110379676123277128276360214959820143690528422924805
16 0.349392054248548386311723311409019823434055518428894874523739769036188763135063604914994684138528861282627765904075772938812136967289895105635986128
17 0.340154015998570583672629448500454579539576165390451148662988623981777337716812432528696843934107396652020128574076920348381181090930651989625755972
18 0.332413721770540492894759040784742460440959029485127895617512618793432405712734875160730318160106462177814112025610308282074962399242655824549646269
19 0.325867493222889345899811752647375745607085867534928686859053272995575625686512546849530952541858702527862978188011965780132176361320484076561482335
20 0.320283645908417872055103556047052594315516172624846828500763230235144092110355734686547210489685407517544083229793364533748821859627109270524111185
21 0.315483415367771000784063307864225173424919797439418144048683528178119417120741126425669002929564304549567448270119247234890389648369882597724889357
22 0.311327332224431972049085889597974381488453587830677132112793504887095506704028806546996089013179335828860655761936159539232393022782485920643008202
23 0.307705424933380099344476113173093741746740502778612847490372916018608625314263626621181226681329636315283583869954040806553845577520487466335111572
24 0.304530109309953176245703276897291762781982995580423064221890089072663492544144297960362582416550890036988486655004934532511215211718925089931409669
25 0.301730974300730759723723962973726983163966784587608606633300267180622132592625299779071647774613385435575913575967731672538222556689033530052434129
26 0.299250917336705057037327622653372816829375173550060215165133486138979641499403908499453746061233091794842182458485259546451093923905336299506835529
27 0.297043249604487811697947438443019705449131705693158892893359780103810974702734699116064441321316211625713805024875247023249956961423749816686206086
28 0.295069505556901334271126226765704754191111921322148414803409519745372697891044402498477550510072428593902790315405879055873624460315058579107090753
29 0.293297769048852380110207951012721924736853992605904976276754191136800860130584750335692124417987411463479762120389070424375847276168773495224991286
30 0.291701382309040151640917976702967113525858171440971410601282076827185861938125994855271472822255638607220020567370795656853007127938142080272883238
31 0.290257941384947453885326961129356159976138574091560209882085325625253978397562450948788308419538687617526360812649764474427064769006593795466752288
32 0.288948507966249218759862941432233848291920569492774747125448623210830947134045964044494619360634076451655089281222218597937907167335166317619731889
33 0.287756986105434582410770379098192290817704242105222745584768056717510903429976562215698028528528654689147062647720181004335837304881563905395163963
34 0.286669625671863274568795950230506056546695957342521880958638462841291148599449434663869072715623591566583144201802204753327957705510353998205124967
35 0.285674623994191839061044551831415777171704815950570827014244924655229590240072426555032410537518568686882028040172646194063392363816084186765727552
36 0.284761804157558837908521567934527635090903352886728585585933446681825922248121339436024077709916695366248626263323364920100152571738896586728541462
37 0.283922353578415016425528958478923665704361414450029355252361485266705949038648878413811417843698536957157086094751376538570788353176243623364119834
38 0.283148610304664129538774115686324648340618648185985078337517006474729512989154828449204521612072454895930075374379498265192874556753966047667430666
39 0.282433887349056198873444376768891180488247426597752402477714533813851321293949593123634936777648669839155966265937202009507788389211223791521581228
40 0.281772327519555491950705682438186139163729805235833322361416795987677535715570033954337804058113614799644272142180343893708817697114691537512685474
41 0.281158782847390651537757045117729513966138240102272430351542629613924391469959330723749323349225401962296224283520577948808708928803175448360295749
42 0.280588713965430517002342207124906709626066842226738524019643122323715233079213042257932468566079674300034649522419880549085202517667371376985907034
43 0.280058105753528193164163302970769556107495799827453366156117218211392825455473478605245555494260650894336186871787218750976361180716563086741827588
44 0.27956339631460283152876454449625003996486369584072343546702033043985376162152087497508186246503876218546194411095723785047434155699329611254812587
45 0.279101416927879884253239252714543968096345614118068102831690392480739611474601480761523166220155557829203660995202913392604158347243974784924516539
46 0.278669341082798315492498623334171444775837289679709808691439386803161791155317612129168115279202728623388406353640102548590695234512313967732934626
47 0.27826464105771629240645380976998282028540148017821510737219176376972173813067187900651291958482696991323463674317549408382566342443234744487215726
48 0.277885050793610985009445839419365083755033878002940728555984517935110042289666356905418438637243553691748203885717562550785684000494459118188664445
49 0.277528534041069663589320900742679484632429145331105441476227997489586070869523733840533005669346359856180140303109933635453079724685879877762316896
50 0.277193256941659462161339653048699853670291378222034698932886067847882074228971118919354652666545711326651077556528615558613731431358342071657421435
51 0.276877564351942682458568223970298976545690607460038974501019410108949453407943945474199607886968824685248715946907258007271248739297661924857361866
52 0.276579959337453840656435778181548171507932120813369035197544800377526861300446272338656282014621346899098666878553712428517253556818188138951553492
53 0.27629908536067363819377889924374404920183984261181950047852373821446982605736875809230439806968442617542025635147740119231763401043539396226445921
54 0.276033710765943959921567722391722296704465039943545512105507269980612878102422035960163943803985840308881622051603694217015887187332256727895864493
55 0.275782715228907630339435994830528424140344554668459912877111045427017062244322939490512669020579736069765784583951070564754802728622071517433045713
56 0.275545077891213908327800219251156509242349285367714662926076617274647242434513102991500430863626485396527966204496131293618486613490707203118912281
57 0.275319866945109357868960866164005706013744618432977170408746978131599484110080072354487015295096873593133073580536351464083705980769060502557554077
58 0.275106230468884281817623339171227808601063821884614260802556026130055664933637858540626654904347338374072666248553279403300221391745793230078169062
59 0.274903388344363782452456990465996075488636671498129523264964161801692795308661421736313421124778045071719654335215234761687083653865413540995287479
60 0.274710625112838352195056263519388259237772256695056967233864074363700428268721365025951467348238697007296811893537968743317471159611495150697586311
61 0.274527283646921403191760366024670419919558155874394361964543459749091823494832044321939887986204669268470404528110494651363719262425466170505641625
62 0.274352759533526740365180021757413884860568064965385381296804885102370900539451551499654344124043515852671599674022352298640569494822267252590004564
63 0.274186496078066385664738109215598281338147923770773163466051909976833760246197404556972060128216399807871139173661307615863127753061299393594426022
64 0.274027979852557211928362311828445540495071490466318085192272767726377621785374763249617298917999261111772967249051896273575134752183951883670751275
65 0.273876736720984376576531839912553215141584708588433891460320268170651650052095951918028563785607526633804124969461920738869717990730426208225143407
66 0.273732328284320639276061291246219467835799372444216965611587935836859099830233525222072751021755274423125724697669129559541054459058575895852806231
67 0.273594348695306298648793933357517137946815964894323700322429887196143504809047846897062615218645863677215368692876217348398548242827255400776947201
68 0.273462421799671465997046595893959970808451165378561898730185193943340888501839329233883962490070204355473939496571704927194933156829413437269755963
69 0.273336198566109935226752426768093852174781871922844603839076909791695696252240224833922388657617898082947043054118788022239076976619408110149537769
70 0.273215354772140630166205045385057438828223937634556350456707649546342350397565093783144223794853653473843400230241405722576074245185082275721485881
71 0.273099588917142113098667390206862626286416736485644890714929632464026123046128986295462013637564529425312801015607902202897978912040861006234221494
72 0.272988620337420999047378421252032175591664876359160970428480216573484742905038699271725032850871552414896586579870969248127293074887677897672637564
73 0.272882187501262535130209472067169484377191216883110302249814087126203719504864289404407576279931523292574493335347856405081998081306294093303251537
74 0.272780046464583342206344672821106211078344562982602013348266510744000430835429815413149795897879545597067208525398365881832092655369217677345844111
75 0.272681969470123124449410614855522974453683557085515554639263176404173980908258020816638165526800214118452553636372857714915676099577603725643481614
76 0.272587743675125220871109153379712414136501576097209834064808171991847805661534482499749890964314834815936050950550902088915338097054281567885044527
77 0.272497169994208440764323624831612399228348246365810826314768282046111768680495504100002974471994715634886713499208244166449749792102936045995627045
78 0.272410062045661302638185096319066402909051954581839017747473583562680690682718071179010233128498379277003030105907952062057838610268198167025425176
79 0.272326245190725651338988241735171870556475950318532282027315554142523876204509105803321267439917983463307661138659629226106063240797264996528154254
80 0.272245555656606083916351515212969165569453154272154229093988590740054004529603120883023410943645880112074247076119351598837462147444923581174994419
81 0.272167839734967192982101296027068576243264540826016487490140593219512625569151036697679940355271141312399885320036022329084302444251250321571886095
82 0.272092953048581573300341440721971249423865787181067285936536725460970034887669428510296589085281935998962882161687346329118805804321958063557832417
83 0.272020759879584297411425002714686991769133353393492416326214197591691307583220633321517655952896273874200702470947779127256088974919261459952820919
84 0.271951132553488268968396661279860586319315772186988496749511427720957740054180985323782199531042396944836651864940250339832184754085516255044890068
85 0.271883950873731640815060686102464830862408886380353420526628687401974749443105069010239183313094015375079054503971735185387174127185036496359134046
86 0.271819101602073783693547032984024887371710082016642724640386346477380195045946545293073136572725396926334199924300354577847569246438737752641902956
87 0.271756477980639119645010536668685698548901241652062073531959055353931604273861520163907014957366451680128302858156821635431396777884417397612859374
88 0.271695979291836275773305838071606987479180413150065182038111703665155520035722468266058920636968088395251242591611254191080344209533366714192954353
89 0.27163751045276020684940393459958321279197953066032125797142192227976479959090476023649353090237466013978996943769329631819315056114430263522907669
90 0.271580981641023021363908904493566023265617285725866807536028237610922912832763007439125321533445584564427408602435102266880456272798656267546657888
91 0.271526307949260299129727139375040912202683828637435952616068376171780686254355828485998983046515896299075343859255958386858086979802635907445280822
92 0.271473409065828123580553004632992008059661814331151563870363798263562776301316726851598467551309580377437455283601019715820778528129645712948180222
93 0.271422208979445714800000941861335384754842956576693654832708558097942436429840950207350783296863843422705854009970553928254216889969703137874664818
94 0.271372635705752796773315955308025209619049799636226843278876311971482662769435492653361393543257007603106611408982927108541796648191316119397548464
95 0.271324621033942598330978951697899288409272729966173517131427922195407951448341745944047036818384144037415631079893056060290474934947688983281522239
96 0.27127810029180324002233980803384594146340706030417992241966600197311421584624183239657528174933519160194419273019980698038832312403754691401704277
97 0.271233012127654450179378731567993589521162696334160016655365399329648730960975386423379833093938127036528667140168149267330239416968526818462657523
98 0.271189298307805059267148246946668201167217674762830049249490297730624357855572098467221581653617526298106844585120481853001933837716617970654371179
99 0.271146903528281279927807276360685320706220973179111373329499138581757215599670490224130711429825670564902203081748735063320876695917361934008812313
100 0.271105775239687920639102769606276592678400669700145143764021652235274516430976443189425213952258937594552356776876407128629425048091159595603740439
