4 -0.3535533905932737622004221810524245196424179688442370182941699344976831196155267597125968835819103931837534615577280742562312090139626843031610307
5 0.7787141353386769745723731986376868657211411009959690719338351473089681075310536253514409483536424654591824194929921187152481169874455103195993539
6 1.040287218558150648451314341510709957908126886086437433765425354604167417027805214873607322111496374355217385819641950784518015372645576748499991
7 -0.747094476314587569272643820639421362501778526315798208232614465423466326816838171963562921331083303243021609507724263984065466109121031092906054
8 -1.071524887672872705236085522044971163793972205009891686225704461830308723222035504672907115143774341694570668132032299497607258644340612770123055
9 -1.048618676869786385091443279420011903743909716736121727569679660503704529900697481276005365669043749033582198441344491375165035098268531390433771
10 -0.9589891078433525746690639073066858885191647256208888303716013580922594976936892755396051694112941241262748081394674091563828012581830335871931972
11 -0.8684896161070183145377626063237436545079307305758966016756685022401643226369117919015099957642866465826471849377730159066488474602260769898577058
12 -0.7909929410252196900177639842056523879358640361291979601135520290373871821001481508056500582484680503412558688017266132116988710340919749133443999
13 -0.7274192923781263754082160596178559833337197275084853461767093182757063101582147973723155981774041153354386129980282873168093847979491842216226225
14 -0.6757344919140873980845012805202090654406056699142834183372155199969221971998297257299831614045151044660976142345549178071896146626134700243555653
15 -0.6335914336852212526183268896404954124742836941047792193519807085445832518171909985486082001869653346900241490639588641428823714104519276050677718
16 -0.5989732964411295407115892663020056182527146512068322158750016479910521185778149020200892392111387811532700314610660314016441855868806587333154598
17 -0.5702819527124613545497949166690171496813362991625768463816703345283083816536845147579140118447052954480910758072205984345594108115836558329957646
18 -0.5462837607115564452166815431158577222898182297642024491189155610422237485803723043299692221355321228831063473239676046645025117772548871500732326
19 -0.5260320294835410475025215232959634322228410518524252994527257775538815354275874965478678779177730478683104665571289718928823594670058285673246458
20 -0.5087982519202611801027698724519692273906858029129400873906509821243543420618242442667513255892924016722214286175940552844180824075146773880691395
21 -0.4940180668534517673446724649241412706888677404636408548591721869506412801421981701897154085267412765452014246055080254829706255941079079766039986
22 -0.4812506010268269512818797891691024675003485839211703755746007911960098798883977027729227915999540501584620827452874141207658067682004571778285833
23 -0.4701483437656253699834498537477135748296140602945086771543844509792728848140565792340092116810493460979914281498054683915038323338507826444621015
24 -0.4604348909632909949861731171027941010820361642794579149067169736950674510672015082585479711202417582925758112862701283290055429390417092489546044
25 -0.4518884516699837560685929620623518094001613497434727460326399328498570703064798930091644730651508333004034809584867679541176168420922198204286438
26 -0.4443295499860421584432318038846356096970068588052082755793665897479749810104540481777455585622058407847962361964001745727981653346317618781183627
27 -0.4376117848427636628259610006119889873094982204485309484448959930150546953248610846305364873215908694639322133979321260293101733190695158071326424
28 -0.431614829422364440263264996611529374329274672564948104850717949261536166092189936570458106436066022771396478054626287537429638815213962596521431
29 -0.426239082026340877536863668013417933570743630245448943573485875132885223216242069444689258313855474303220254475783539604179903846105171060830435
30 -0.4214015441021818292436158785384168587070322598696389814290212296033987793092802810726308674380529546529788690587297445993049734674173421528651943
31 -0.4170326175903120546047355135971761355867422699329999511426754131844323660850181933529558389862535108692494463377137943446085536921289981725225859
32 -0.4130735966670531990813179887326632680542044523172840851453644875694945091426755874056314978151120929715887994659174546867833494299243916137221281
33 -0.4094746882780422808866002949898390719570609034003943146424092241807107305030045187263415979591609726321178785969384213560362718072309637856295845
34 -0.4061934385630089198643467220028005182438368277593743923576221281520136202991385359795254949109249612258585576428771129395646214259065815083150354
35 -0.4031934732391498444256938062624436154895574158090020370380490424393376596049455830349325324752670989265287124678726473794478158194802955539246176
36 -0.4004434826335597077080495122352480640489099563393778537815254573244247372908782400731443283292929059940711013032331137963308277747258822847894307
37 -0.3979163987103692490971201613084567211304507236102459931031093477400887699394207288619849826947001577103255828320394434941706016093876832608968197
38 -0.3955887237939489589532186211045954568453462249791461267824856515837229553490739663503910505398984940649309705455220929051577904631637695688223833
39 -0.3934399799249527321518103502139418731389466617098842240318660017225602752108625975379555940199877290898846621725793721872613942144206949893643472
40 -0.3914522547400171706719176047791540277712417815726476012895916983911293301300969242100193953606123029225619940971943630656497145821040949934709315
41 -0.3896098250396235151628365986622448595056669362736395166357737877346792904388872147847300586950439003634276765985813463245042832814749876171267514
42 -0.3878988432356563400255716141589180771580048303333104745284482708313318825163621327672268402092928053664590890155404229985698617504919190061225004
43 -0.3863070749657466067293172165244464769720075495782008704286281323610122766404645347974228933143576310569817360700653834628118665298330211887104195
44 -0.3848236785562709132207568212439960405921990672712579629764874200835851806781984194890727400152414215461759336136368504091034268467287097843606582
45 -0.3834390188799404822255108437983589661453028665744946187051552820773308535731341658790749580055462105203553131360283926062820110457712150868217598
46 -0.3821445096134462859697955047742204761665479266092161549985208457349344713891333779731683503421518118417001095453230310934836739158520223882116416
47 -0.3809324790499027052811286314674164288263701661559966401759782978462943310059172351046984544792735093268638276332618582704711026928120213029322729
48 -0.3797960555307299964640218106092378133085201372437589411832851602882037818373532445868010810636625311385717692114367980540133875475103550549355981
49 -0.3787290692857580954313086233979992568078105147632511541096666240964046155092380037556391451829173954327445094379862871091722688914579539424937467
50 -0.3777259680495326855334069362821052643902388735391617941395880852291246921181513406388321156315203466611209272879379226781947661794734128891708932
51 -0.3767817442873011026861388279298951492715669220285517768511900354153489290974926676368151594441123536971101738132779699267896284085881291723446038
52 -0.3758918722400010177661436998728979132434768617961429218604454637625639403467750611443711463353706583603025898699942894033016100589453427113695363
53 -0.375052253302383302070861577458087301210247895576018114735789511533318874640329212481226312105380036052590859903755380156110703648863070278833455
54 -0.3742591684966541544237155246925183840349646080639372216754286111336482790306484318861462377573359839602634412244498852443431125363494170738002534
55 -0.3735092370070442526854744724595250335560030122672853319727415618541096299777605468526724881048161642075992669033368916575238712922208610877922916
56 -0.372799379907401574246849406613474269684001283588221260582601010863479861876557566594736535293615772260512418735804019552575375022640958247837331
57 -0.3721267883512828601295277346787258094717830720773544226476773931164189568363283633784329415980444218379616800989700681834641887057641334021318018
58 -0.3714888956076554774414187767303153634674243065465100220126828247926724786727518422764710269826060723425749180109725975204712516659024004996002614
59 -0.3708833524196517494347281999248504637656454933127262879186249377351784098587472303725518074625780291734645738983286190222713722193554473195940241
60 -0.3703080052423885499576879974886563601153812846975014815980698197085282370637382813138428034283227129082422116500250400293126931258533816119128141
61 -0.3697608769815241536182557366226879503604473113981372181954142094590986281225308748173873560461025960709343511964080512297378951547788162144120484
62 -0.3692401499092678672424980991681815398912248004983383345021190257111528937883733771330896793370999223690262706743367554583173309114632361580119864
63 -0.3687441504808435957942506998103173190560519085289307019558439937631921501469049167076373396048537289550664514851639860788712362074757113974953633
64 -0.3682713358134449575833402010770828107872020682422179934706698595294317136662793494377616325268867864776934832728005008722108059598942271647265561
65 -0.3678202816227364918252671012838174426053772408697551393540294428097270981341948800785698670068725281589181388897138352370057195008130356551147061
66 -0.3673896714399584854830241538569669225565876512934865364135835344598165930508500723240891321861542876979611233438078259784905896813498904812133241
67 -0.3669782869565070785421625061077103743646551821862363644498448624081426562601948038778113808294449419891143038234213066823854069107095184399592136
68 -0.3665849993631657544825285723667373460094806660921972373731221781817945252617986040674298913577822394619688536459512893005019765091762692656499774
69 -0.366208761568519873685917091414190533957102696145196257039593026534218806012637279171054044292445776819851000344007557475636702539897209313737476
70 -0.3658486011959569996293079992367688746746685758842387181665331448303086636277401385473952510607678510881693721938814132143958591703676445643151412
71 -0.3655036142714281665029215118888665399514151897018887906841464162045354989646536159235305435692786755483017437479134787630132671538944772339660283
72 -0.3651729595251402702426872580423924347891492106412378812285676235167359556670041257992390512716818583325260942817175453165471193157658533900496566
73 -0.3648558532398358227284738859775820809583528310334286547421647645677201932781724750566860558692465309222891276625382378227772946007100862941994519
74 -0.3645515645865181627724948797237102856251629706861615756916654102526235818336450273395346502032852252139330300129945601460807296537659887003835674
75 -0.3642594113955865978161737405307350181165703192638779030171459197736674691940722879228072893758451444955128956471283058475590053371934528414266724
76 -0.3639787563175157241351558416772952389328855267820375568183894209441700995885196609785455544565714867188331772506245152486308875647235243828819404
77 -0.3637090033325803974919235408629939809577712769773087125548244649323826450850962693331860486707270953531806375222163537776991887316373774004857303
78 -0.3634495945738058906474224455356455358862705779298133444806062243115042335999700803341111880651720811282659542831349976493755126999759827001194005
79 -0.3632000074314078104433769195405723796541916663839626927607770759756358030668462006689216941234891343152019092195982118881010600117943312775033565
80 -0.3629597519105600385941190331346157567236925059403539508836597541246746043671833563246491541030271632820551639142449672939735372432183979191647149
81 -0.3627283682174608656111614162930969030192405294051718774580031877915576427161292783768822969457674407087604240569277630070314034879636610035150742
82 -0.362505424551416966680958730202743749549014776875024462073616477681142029700863791939058552599491937041953516834451669837598840353216765698136743
83 -0.3622905150830826841504797747537711571143446927923953476782988628707799466849220811458778027521360861918974634657735698733771851299032088382372039
84 -0.3620832581011217311823093357884599728397653865669860602119942161105239602992628181210729210527311656325381401210470631958955120136777315666894522
85 -0.3618832943114372612764412913556782187414251364706109357382937951827529140299166229528578179418746064151475554793641163436257889793600857098688049
86 -0.3616902852747763850215252522649235538126507454710913982621384762350705625295191330058525644832970278302081597310889382672013539984396995474534727
87 -0.3615039119699843464976776244647056017971398556110247410789496667689370876392992921782284077496586394580028921490302140080878599907660765355944641
88 -0.3613238734714856034901167307857579727008179335959882030901504918171671232796603501166752486378354022492987736119471729969399899433014943452608423
89 -0.3611498857307246661282038020069389669874302264027027715092423502511206396528869966056155436789134631909068423491303790172816460556377986623914741
90 -0.3609816804523266546350270410511541767630890074307976224019718199969095711910281883926003577531124269442609791650452051040136496207751858493060812
91 -0.3608190040566516894190439221767634914053083355189871183583185393397769621842727294947326337025509899629421295428615661181617114671017076831163245
92 -0.3606616167212319454593039608882664965145089977118476906099915742836761102082415008363260483285439673304507653825102466111639556178490523347914757
93 -0.3605092914943072607381932308940726842653223919629526586424964680254804419140819281396826464667589826890671798357386101456767863612205898636198605
94 -0.3603618134743248534274377419708851675529422711139492668643150642083702363513499824003985236330274503987937898615333890291379538822086724868053363
95 -0.3602189790498499440911741387481595870272123628511005098905400182673329417706686485007718990715563563706112036715391443463454205854643002399561211
96 -0.3600805951948547442878803403889837707391474565378361675107928779152717850349850440373302455528056732445823422749293198481442918205271562279155044
97 -0.3599464788148202367297574175770034178045571671290982314020233040920647429505628298578604765314908900711124913444318456630876980580875772041498104
98 -0.3598164561395044669315619440204005728987404895955803003945029403868858360752937141840485842832482323598779669013745433438093153957558634043450998
99 -0.3596903621586079924377282021275026346191707879602237950963499525150387547327222572254335907026807794680475965279432770984995548192279855348702237
100 -0.3595680400969063569664409814128439253547701586414074452591271564102178783063178011154986470167427067934694168347024385001512006823980085612965947
