4 -0.0987332057563667460983631144120585081613954847118172445037188158735379165926218111115799289651628077527895744376377769157704181731790139647088434
5 -0.647329529222542235099752258380489010707891517478831938539698740185598464645128829103218633558338570724589610997930529321463688651484300974230496
6 0.333333333333333333333333333333333333333333333333333333333333333333333333333333333333333333333333333333333333333333333333333333333333333333333337
7 1.63600621046422841991030069768224070145927822464442140918126710089554149139910270629238051560932108899275737028210593178225585649939125574893169
8 0.831545793050954158864741269632853375193367614328010031034426954020818676904846592018197140405019966541453819297133438394039226578355449968356515
9 0.209163616620335685636455939996576310241853078010811144235455379894743853297722594231785854772083679486055090385447856923226884865205289560610164
10 -0.167094383713332220663909931733869095106881124164448954756982528329574158088748160716274153125021173774539741098714951227130463637624111437066281
11 -0.392718640637481596019671277898700012189380593020674115246980456496887754047182410231122795312386903441502325636350959983079110886571416873432202
12 -0.532351547630766881883879797694598721675615186824430936303975345149686940521945947859115357137639515761270619077449532925133338654294459175787523
13 -0.622094401819153448316230959103269446236629915021610081224874236144355440746286304924796979285874013864635718333640885940382098579186659721595572
14 -0.681887134441442721865961209932790826185094997996356267597803286973536260628628582707247260681200062673039064763532570970126947093146128481864626
15 -0.723034752407549774947814971490199153603727107018202247269800381818081353918955590685263336853986037556525048914363359901108609845062010990948668
16 -0.752171509750370765204928475598149090352907653176182117502297892749071491701341491448317673988865675201700338430299371536852944600042676750836581
17 -0.773328103216882988303114550088708167330968695647065034164800606344040211472937906780646256112096535910891333058012382617552246066197939238750555
18 -0.789034103439564708068852545061141641864017711646408043156560932260504394371796255395034171337388895143134171538525470290262885661413085493642318
19 -0.800924542799838444494813263727346332668211210402619799938185526961855759250789273707438827556479782867097923582512719385422350601765755075678187
20 -0.810084740553636717131087395909152221835868842309500582994224300434288354640060613044835529944566100967108923698493941026856197046584118032632649
21 -0.817252566760460575991234110305500717235254527378055302143185500775140386518435077390447125688197180261668340867856103657984045828899144349523592
22 -0.822940599065459959209296997192858651965108152953836763926136731383322777677783260510384985676345095552340802536518859202676833085205846552727386
23 -0.827511905498216350822647486874911181403168934886105799530884103346108122308823584281764650908087581884083181534766789573472060853477718222076871
24 -0.831228225912120676959406810934325135596518354900972383523036320478044264820594705407768340915867770173481215554435269971900309945611360670220965
25 -0.834281299101487791867225786673470787677228696762583555725635750535086369610168409370346274500243942159803787798400492190384506976572039378627191
26 -0.836813652827449333301964749347590118102687609192900995750509259924415857380893555648399123576765534844670895392521502669833457800510119689437906
27 -0.838932662115849992910026014758487678021694029158678864295497591462634579498580087996957546385406796588093343475997465164294503826018444526917966
28 -0.840720220528771103200360111655019046460608174858119309330342548567078178003188891233241275702556741110399859106047876871404388179383615378770332
29 -0.842239499600235404858756402835342976829950129355438391082236409130576149270772511619648858981957363779784726713700257689561766494042335372968216
30 -0.843539742647101473452691947206305743144618330692712439274091513277458081933058008036432377579876426776755107318020609875571343179001106835346052
31 -0.844659710801587712628433435068983829427386149592637205234531086437154751761121464197403753426062636866589782643074278197010229959243950348773478
32 -0.845630191430451474625002160539040583422291444850086512686802388903528816100517501112623291353526466235439095395751165718102772144689628390825423
33 -0.846475845450061665603009902428379080186377333885190279150231468017037522628464871510662661872549123328778079498828859320535191100876330658277243
34 -0.847216582628127962829364168018882229490602672278209981250430785970863550755062512174451479570333021931456681282415652060833976557160678258267471
35 -0.84786859591739480441379147808748926543783215876594038224703530096807806871310971346421761103529053575060996675302507280497265501544715270196864
36 -0.848445146777990407599067508327357312708066308486328030800411648291858838289210759144967612302061756214530552007927886412422511135712346006642525
37 -0.848957166773083648293807046406661260979078412511771646905293422207813070274984480685547087198411632207746756453245485492569807493464181205143352
38 -0.849413722296646813174129537428376242155240694388557349662122867909565353338443419382411740162180014585560022636036528422354685069757110098479944
39 -0.849822376414433327107745115042041715636609550141691555289560163247089673160491566782032588993343609258246574340571499295602747901126510492785853
40 -0.850189472700388517168875476568084044348911173350762217512003535055783863003767322975123969192517561485039561208640477887608505102520669742875425
41 -0.850520359455311672320647312486313927495675976265761085852138006126600716545316526196453721527489808682550029373039768089288113091792004404103845
42 -0.850819568012501104951788712774205422396750455423402904866742612494259680620792309314946162440862370826848288009068245000553270097657071519665088
43 -0.85109095542900420634070956601849432181609698829860187591368194936101025187866424994987582282525446684637004503553721162625696837668512964866573
44 -0.851337819361605557945924889563256959473865145881265600186293714657023991630428718823297248633211436783700341254749296528463655436109289795481221
45 -0.851562991077326647288739030636659459302767692859605223936568340445567247480710236586411257865507737859813344866443508547660883509107716455580559
46 -0.851768911169135466942084426809904022566355105916288074846003557143952224032151728928377827756611290669217454633981369008727482320910071584790121
47 -0.851957691511507818250140638925721564673604048394281678510331040069541782727292390195951893424192263039465255413115887303813337626597771606046013
48 -0.852131166206597531844194156309443008686979855607831761751768802667454276820691298141796503812625730300142799096556646395404499292372641723293629
49 -0.852290933674669415550758612360416639189956495109815646889974336610160615961930589143200762198115101908037319679879289789759643584298664288255894
50 -0.852438391584685350042986248620912793723473952978428664132531154157055965646175920696132505163608491836231224345498724049854596740134111697705713
51 -0.852574765967831136534313792401878070224580351916028880117622645566440185878982073060132225461075596013531449844449338931156928430424978410384986
52 -0.85270113558279557200744565824041805607778379122314232221064349765770543689025409201647010006941464627846056269199209628877730528306957158245232
53 -0.852818452387833715511064694545328514312979355322603742925743333186901546625084109650041948371499950593433122876916585357651802044677484577105702
54 -0.852927558806936451527558098371329852321685246196388934185366062894212726680512472103959953062230579396978712598929180772590125271508368747979535
55 -0.853029202345178979302828724613785038511459637095954560254518409752098598653207570880858015657468447016793032520989150872822039940708941905899403
56 -0.85312404800351591299206501312716069616480701891821143261478846558654651976321867012297706176785746066471756198952140294938010322672231487389598
57 -0.853212688859838635344922430651669535035027477995849874087038015156941695635532804280380233969418124064443945078214490519810907090773690882179175
58 -0.853295655116356210887926512848788096923433703906645676481370118763429140880863698228633958188174464573264451168929093182644852034711912609319109
59 -0.853373421859727949028809704442467994648903093522415383591927863775899431391014529376333159598536826060515024311287675203669473690677429715130108
60 -0.853446415737101534552843760023454338013087004120261994170181134058754916071272706496776263561673817764888801534259876964897763792360200834504417
61 -0.853515020716151847202202532862256702358788493230391533350437278584414098858409062117505337993898544091639912272658914387344363874203898203232187
62 -0.853579583068700497244777429410295512812892155265563416326034907447475609987364553109287808399054635422169063422792754157306821499031978742837427
63 -0.853640415694215086053122897028319147636623947715954577807342212906889175926441849367572118150244636840122455248550184230549262985664536050450296
64 -0.853697801880409708325780807972064945052641457858094971144077532288008551864362979956579892494754450085049121483717925224903611281576385599248076
65 -0.853751998582479815185507497465108923209784567541415100050639223425531732535870302884793327076574307541736707618403379536890743717732223318136118
66 -0.85380323928955895205709287407620215036755971348666676785224452914221097125049993119427588017284220344045951556285537992213457162969867619085566
67 -0.853851736536267133306539844024921125730553826192310921763137340227237988604113994971518984027955504186340253160001374370564156925106708736367695
68 -0.853897684108318852255502235032276915705328233362154971813562685473182946463126049705226816476521432599621577311448899119397049495806888222465208
69 -0.853941258983742292203289574566304793718755823827570190002658647521444287034075077028538230564291135872139855508625597297890352261813193500265164
70 -0.853982623045063775202220205895980112202576140567380769437716734123049208856624117675136115255657332073465794171754965863463751051029317409371141
71 -0.854021924592617434242715403314795943531178279060714249804307876610244893579140916516271138802271889086900949602278494930565605521503899920044762
72 -0.854059299684774739098839246352427274125238083944103407412136123252154936459532900344161428627236313788441469766777058953310046387517407603160396
73 -0.854094873327209571928081647870136285791866123870959623456045293032226971611500474788713204257862830318362035735251401881121742828086957830623421
74 -0.854128760530205852061040214775735661540462205654733953314059335285057025367277478395799920553505011335032527026922272531605392163636202189689542
75 -0.854161067250381077755296365023246116850633558934381832061224479368782900223009642140388492461616694711724982686458373507704901186152958138073994
76 -0.854191891230962389777868529028510724698013806860423335494353906850163655584287937603477493253168951325462360740926374669523941949143290345033727
77 -0.854221322752847431151601465119972560884030120167706428688732324360110508798525495272975238508600815090790009481132373380576577557032277333005592
78 -0.854249445307057130304316692722995890255739850771360663338426267294146297628507634782885533211812156726714536970490716911695824039546073417546902
79 -0.854276336197797445522245824147039933799687389157794644117613780699417178318155953691166524614063913382907977534719576740551310160482419552727616
80 -0.854302067084155413104693815230704529183776027020793303633822867250713560616072433237282160881751765749269855501518387063733723136163413219015022
81 -0.854326704467430996202896695336749699462166811152480576247305109024749081866765636376413920001413573663083441411921346438129971121224667652333758
82 -0.854350310130224725985250799997342950769370617934396968459543371404942795592669882677063633339928070846099924192493034849522035402817531002664978
83 -0.85437294153264060277928948319677922844664777268301148591658861402386495751685652189483611974742136547479381688761963417786653953259709181662554
84 -0.854394652170306256013931832620528524529971370953586994384049939125991116060132163282662402194340521171577525073075173404317291820019738189887771
85 -0.85441549189834286742667257142529555035171257356018017219675275872083397347606315353327919492414721470451422129990314763349765176151561501120876
86 -0.854435507224923126123199506587692207093619794242017036050088031611609875482421913482937176322531149103018582183407515612901420380250322246329354
87 -0.854454741577625760632777337082388740274146332531024754336644682931061795707814746514012290894192743209549378033717521966287534897521469846827321
88 -0.854473235545420880997155724402011639794056341144537679799771900207155613672598166444238479798834881576738410545431420833058765465261829282598708
89 -0.854491027098793738824223478794299674308909191786634780420163195752252131190804904108047054214459605963808979685973190751619500790914292318767904
90 -0.854508151790229005670044992659830824332339122416230078051138145592182118661007996660443310418564411431027957869307469990261626135771920329113835
91 -0.854524642937027681514807326402569230684440764280143642847876927056308971579762260575713126908653586909406137734176994788083737036116151066676674
92 -0.854540531788209494865579077333911444655398239431376744975275901062299247448830593561351808283651837122444860778640616392442661752005576160170029
93 -0.854555847677061054119353917370616043260147961353331932124694415722396575536079281956058439220159298847614227862977588194233697835748470402788937
94 -0.854570618160720550433578304803339104201694207474840493209477307188466062090458662666730367391998600691171807721542957834377530355944724535621662
95 -0.854584869148040484880495613632386565061198477802556514192788951590371404840980912933040736107403001992987618005179656945802611012807286209786885
96 -0.854598625016838107116617768945747014718803173777298969105659600893388197340386235211419558307966582523389522197021904425414903939589686591743196
97 -0.854611908721526777108472588392411970345887540252932273264282363199551778352234053553882895170797051083188639974400107067882778059277330656351395
98 -0.854624741892018368691021454975340561211665713594903003268596454029715713660442724208027718966072260070798823471024091908852893450247534273758363
99 -0.854637144924695457588444052662877443604656180178810384588989684806558966734206557109150841700215946745131885518803146834854552965253917932324726
100 -0.854649137066170933686812793421149749562936378257329513248322584614701861909740259928883121782312167501726403251787668269711923328346797842485832
