4 -0.24697626184629484705690011887135239759291695787700200443043822989488232455582047557448582697346892985800132060899615109314823181930206598541064
5 -1.1133997441490285769302373903541015403840838933321327848660363497128862060256970190974800352379834632000654302283026938208891317300835934400674
6 -2.2963047199519831436701006434300958279282174192173374889753614117274139051170852798370500806019015983980373964323878428934336693195916132803698
7 -1.9715351916226258497788658331099785421130342241006072199985834221232160146562220386201293311117368889658818140325793331225026516750360303068385
8 -1.5630392272665575812248973110250004881689412397733676210263074917138780228543024128215148296149656333436503030810448807770108845458185908238389
9 -1.3408593238146769741864930107009779775219118118739654628256965922682313904380415825459163407838265677226771822523081582208807331443805894855146
10 -1.2201922190049758987038345403549912673985483774120169475795964150304956379196976196382557454518821048040712491045305092069246310543819901744716
11 -1.1503849696771797997893827857408069884571126980053934244354889125247951462308758248237168682882552661517353518492994903682052663330835166943902
12 -1.1071970551478391943941896362200048962536593604140577859127603081733330551430487161122331281487615886312037253152072518448779519086103321992632
13 -1.0788159435085601072405237066675094368765730756058471595304300312946434383927841657275901135482735556770786475225575959613078166850118307344137
14 -1.0591751510662367140714442541282308017048317756149171529601668292144048093075475717573942713250980611497023060936269375058319814807772301953254
15 -1.0449791576183616306358686558279971929178604139527578702567862297621151146372431332492306137633042028638798976674532420542971433485749062202129
16 -1.0343403117541322620371482792105237854759697816319879722021601486684888437174724511342474589503110105657646850414754260153378197021040163924263
17 -1.0261239720419331670470151262404829047043942031796619019275951219097290575185116798503264172565262559551984912027205288989850955186300582214007
18 -1.0196179562988296462355436689860739422006462732288359072599070313288776221080668267982763945608326843330306886343848169174734233765935894225951
19 -1.0143576558375111291233607278561698427983930765754977394859563387874528786756606831530754140520719804448404439436050211876326170768440411514428
20 -1.0100293946384579688993556512211285329232410398946623872488081502284996835697333773362035435190719201950516801086011813545202240607968954685452
21 -1.0064148566378885216769841643244659162173683526502339609335648617335816971053963660913696264999386895635562691941728229852451158397381516311767
22 -1.0033579466286830143133452151620669194683053859585174421940408730892903604041907379986863283277737170919686368948368534437086025742530201528721
23 -1.0007443635087256920972183327841275670406201753696901956695406143258451605542773649833027699239993216317064605224044600271271593643778550533083
24 -0.99848862365813525935532108575801831479745490144862446911909261976393353580243727055246323810766870278157049074434186595435669342128011099017479
25 -0.99652558733315955207437641032952811489268611255169445423268126553868052948799723891970692955973987625167275558608795952013915011766313664110267
26 -0.99480478497231915774054167864681347681385268810855231162062648241602684253629596671590608141519233029476497855055964331242478588237124515940653
27 -0.99328653034576464451933768368615215178002984577609237208606811899559617045298338589945711336519172315446249511555850983713198034883248501370468
28 -0.99193920164403789037310642963903095346332593977811768780204496273879715813231852246367101923418638125471415117013989920020678808512565629075732
29 -0.99073730296748193420092421468227759345633714886729557910601749742219774781362314593476912118590576299640954384490786798148926792214892457694485
30 -0.98966005795130969505496979635345393292121248952451078636811360321735362006818379644414307309905065079866755519469152358361142674803710051977843
31 -0.98869037308568259766819036889608280776789754853023494546673582185859534178934006078332058589492040001004272650784222964379914495918178199364058
32 -0.98781406234171671494334626184038255973727727254964025802332669124897127112449756772231411790463279467491620731648913714416835660013716803255699
33 -0.98701925945286450450676105487829856400159987253565250881966959888246010756070329427263834354417539523895804128973450157665216009493330777129953
34 -0.98629596695330959362973829421629892691382756344623812941611938535401330427945083073771989716123788251528664301676438639387182487089575311808458
35 -0.98563570624185479144630669639016017031186257881182138074198201843569305439686324256207908412155909427833611667607782120895257043180217734347984
36 -0.98503124321810518112311947681270512619078596118622043312745220479580151942568056180138832284072679341782534777841503867679615653901763481898503
37 -0.98447637111130380418493247213965286780934595720871602446536696668592294262911806485843285650597293164604888033389602932393753330814925015927913
38 -0.98396573706085187026427965410007977487097153477123983748500311183376763599719676039783314655530697535162264743392406429211067332574643307028083
39 -0.98349470250249091691169335016108200136359303421129908994656092361728024778279888891799057764409596965133861577056687766182304789898234315949595
40 -0.9830592299188333961312787993481263059941801441240485537927997904497031425136932819764768919513500795843216045876179722855732819082078272081552
41 -0.98265579032935257149370990276052669122775887229604497107995164210646889102934090982340674583345916293755599015086536333452720706313628857381248
42 -0.98228128722693459182387072475063350750483890033284125450491812633773525080242328714394514743608473093957550006319157445695305329661088480535621
43 -0.98193299365508881110310910993405607970288250588001372514049020909813892423493964743765912615410739729942970566529132368336546839863424855614085
44 -0.98160849985846314645110652097387233101588292578277646618288869309877359961248128808431438152088279165057405465766926843803080945837777994806764
45 -0.98130566949706855202061995535969210917731214972121349528088610984132465346644189952950802356708416338260111211300083254471367193615861815046408
46 -0.98102260283950275193804499745528735571501922886225487392186575206149133980802259071473046763242592581406152659127968002804333408356332052753419
47 -0.98075760567678261855950636978717819646469272227199463112157659945781208132412712498086758611297269008828846286838130186539845467996420749699884
48 -0.98050916295094748753429633078149020755668934456487343469607245238324994925889667852199739346389089834496108838284189600862888333069067631785989
49 -0.98027591628948077398344907681183850289985033966807736907991700799899701311846835861097369290552662849119148576546133094454290869665404040070006
50 -0.98005664479114007888924763357493811306377904572555725231261143939869238057016526721792242283309574805917407625301362758330205433859418699555979
51 -0.97985024853088102548268145138441249842200271435282780392369934107015248393339751750708338827940983382003429377284221336105070438672310508698799
52 -0.97965573434861321421967743929623248489854718712434439023118826557352964216414254749526717507162306816874746533407849754800151906787311807036457
53 -0.97947220356412343669602492925699813020897195303635091510251981566778511803100075385987464932485788746247436489747551497604537154493615243263812
54 -0.97929884132288478770894992298431152092475183645713340541857965395517577898486417852384172934601597495872740808754189640845572471352448840532745
55 -0.9791349073278861889551710545684026752498465226881104085766986056469612967895379445166080462613828058643724136967491790646489601441491673482004
56 -0.97897972775356400209127625333720696085263075234519628720553349857483796586895689238114381434412948060165639079718321291251866384885157624873431
57 -0.97883268817133188588709921211281100752276228503772527841336014774671014011281791608246074763925486064759918860234200076442293704519489073349902
58 -0.9786932273435957025898660234911462140650141784460136503007612544695022665917107183578401038966725941749381903232603014242402246684226026500637
59 -0.97856083176568973065152194708106733426761319554880368913721611077939156844246052517053547248991135665641483448767499327027088909911418193031035
60 -0.97843503085381065199266239972275751722323645752898127591012766726595341508609487967660221026476364767011873750790078481839398149219717592764666
61 -0.97831539269249497471295867868731119305606928650482540246528640791599746270339562448305824664039810896414177812512567902423189632295241052714916
62 -0.9782015202680713833172938495633061617245746063145111147981404863448619387122838810987713990038331468897678792915023878886527392109500000701808
63 -0.97809304812529199354143279163474514497543132004346076742023867651044687195251442967077572828085560930717372189519364950874099888227099514321725
64 -0.97798963939338325681632442592050924725142393778112044877174363235094898035809681069390576311639484174517350162002800083521220483511794656899076
65 -0.97789098313536303074221329267187406890556852630425580494914413171224865152263137505687994861117633699913232008997987522629099913198571255298471
66 -0.97779679198089201927681717785737804622354205200844346856498611544322924979494475545114333894372996121782619428929239208973636564048125331211505
67 -0.97770680000836626094132181325343207524796593846367493338641976573183682660149348216818485017771374806150746501177678471760000897341598858177941
68 -0.97762076084657664778565498606213482850388885940971492597797355435745113582393508302909465404441419697491884917008906136095539316891104931928423
69 -0.97753844597019605268315413681944174740477459889506452491910698432683595807775184667105454502240873894074018868816807854628861151797845227674259
70 -0.97745964316671513198123711832345010022756243318355667090815439421220186221916928327393357409060412134820904236155798712254513374497662130853683
71 -0.97738415515532554595522220615923860586151729044800132312205022907939339581666644130451545744601702312919197291644410561374674740700093611776628
72 -0.97731179834071979951274969898873773318116843391201056757471386547592382592784376346529508168550169525483986233257048957029482240276067182915545
73 -0.97724240168690295212410052372487097613974576086883541041312779252144746098335735516646121974255904775504559227169515139696949486476759836335836
74 -0.97717580569794540996254477943910850708172746344401373937209427694762004431278130745599026732499253449604344384421987496585421462478015064173108
75 -0.97711186149419162924215826383584790267162547185427294054704769312502102304510952117132107467699924546904992505067526745770704087331412584680978
76 -0.97705042997381348215674619181421099233592819100408095305745551499141166062437184182816517726402216392100878675433781278990222960466149254628059
77 -0.97699138105079007079816909332504651014202018073881011088719656949614402174678073116479785203440707618644362565557723855876410002233418988924362
78 -0.97693459296143387823389508984603345298147114558049106018103866673505396610630369910575812264083211854783159091325851410711352362007753210104926
79 -0.97687995163248824993865477534001049765725914982602149050039928034672835863438256098502827950098035307577772012099418039194535639613058826198485
80 -0.97682735010461187674589876738719462888891223874876101707068983396880192035797229332223730212558957776077994592464186610495143213371021520226739
81 -0.9767766880057579713064817473594518463224200058997254671437074654663633400696911392090974599343288224771164671972489004632513307239640825733154
82 -0.97672787106956261269843433018214060531477537859659749765368941419064142590280353761398001341380766818842354343462905250659805917588679907546266
83 -0.97668081069438972353416561867073834837868946132901987683784380931918270532954125850257259033915456221803770521504805024234714600192520870583653
84 -0.97663542353914912394173869704146911592851768551459222154499396310750705018073972191158041128269086916567577278747293321634735025345791263461708
85 -0.976591631152417457732409150611352732057460454974618448573999883910722621774420041318861410896832756046108929225130035845410077467198243382295
86 -0.97654935963175670182229117746800372693673931567788737353792650682214201272165951506310050290795407486018327847361948976029352962617121111755642
87 -0.97650853931044763830721888395668225326368763951607932337493029678831083082171458064651140817970645578239360289262313341917937315285292386773792
88 -0.97646910446914142226974103106534817126103087993057494137189800776098875414162381293547049595993274688504802411058628933746445162968332632144234
89 -0.97643099307018582213159056912352341145826693355816366757338406921564393015677726167924610900991596453627331263045596996505582008725445140963007
90 -0.97639414651260782658372941074074883188752421437468859059251723858216328813955224073946438488756318503877832826613799386648935412087878481760263
91 -0.97635850940593455504191809696678998616079933968992764049002705898137735742101360277456462790222003076897785336427886042880410700485332039811002
92 -0.97632402936121277429762024607884488284867398402719040678357285073635642994594845701000144286501490358312390483272219604849932955354468097142048
93 -0.97629065679774641903009455811044337212160746404442893550024612574654999739680527168625260110384370444142086179414955516657322987892575449210428
94 -0.97625834476421360865160451241874163139287016809617854189036340918888103936622533733317001531902222198553105698014149693098025464898272289162634
95 -0.97622704877295172870025446862417294619666513940063582808184561034882032301158753576515858605801623126557296667801861047636727378087291521252721
96 -0.97619672664631293303053450579250950944880123199178612959294318090040694729210949060852828639891417444629002310451443375114256405821755563994642
97 -0.97616733837409443880540474231815331767175857637666336292423759693095422537693812525471852365586072799946096440285879151138703761798510727247908
98 -0.9761388459811395581999251188107747582572987558302364191099885702732132106223468656889845207314607172608803167651807072120838184008027954392307
99 -0.97611121340428770502432560531225671630337434656389628046788991830492100297349993231379225956866639868903108484224949784693337599153229181378615
100 -0.97608440637792565649090490769839490629044273680571479592004761230342598499136150114748972033976017294155256505683584318533252212901543245725224
