4 -1.851386582699029598047403926955066351749041722486808993039225514223878640483673162664334652712877583156546749592596614956876218659564295571622
5 -0.1780196619747217148972479538480654893073048950837774047171057838540018435977046808708158278150562106074900147701649609109419193168517459078712
6 0.4576423004963762455657317717074212386908843590495106075291952504805956696453413272629497093452714107781647265331634503210286867731484600546757
7 -1.190526125219474888171385432785889247195216576016805298257017008361567051132131053249113287757594744313678769723998101270358686826374702489062
8 -1.714352710444652794676364857936227141247018292903038169935549018406243075494229210324190164303758953613481155479515161983083490950675104662775
9 -1.801565363334235128276521433315465719328755788322410471533304786242388034684373576075199331530527166398943413217401759810511610266245935292411
10 -1.775718416809295622639492496351437310953394422924387488560644735162073876321206860935159601851409353475754194393258240503444225365035862904651
11 -1.725777993391424713744358641775833489756175765692409221081715025870322276021007093211385629895898494818574108650578300896445416945111471182336
12 -1.67606691974673677572885421262815485667246864953611420570037057241019593337275379724121564169715855362113946094481852721887818409035448743825
13 -1.632644638789884285475636374446990561092183149093255468555358182125108851889219460340700853265379310831549826258040860623296120117211280574006
14 -1.596225166990025259758654415910127427808109791409804128920788317056556049241448560708973982651509634272047134536004773661228670644173276142776
15 -1.566038669487557246755075250266946008969677153936301305230625677764734427643647547906691322126108307645644792179255377010640263268765999771844
16 -1.541030304786760204956300087963067457625347205170436621953113465870469741041081198993796780137500816946617881996581064525535495638949095716028
17 -1.520220440822389887452729978765245008778432921931562387773744429070362085127640955967421254816796318230908442898886917076281522997232643413538
18 -1.502791590431933391860721939060149602610408236705024855074289973635304717870705181405433685863857585950386324387592499417624158329128626125642
19 -1.488088127972998749049450112192116356237524264435584573128675566779194846604695311371125476850142352436569983404758990920705945019137231686687
20 -1.475591877657838352036727553680464884873479904794912630342686904623757706488977304496360207638467660707194281470751589740720779431227971147211
21 -1.46489468714584399809951473604798900321998619985952691451389940724190648558338956770994803461444068925952787885756419310518407549534026718371
22 -1.455674389105924807888814108249837150204309104841648250240408384994789966328078844042993490925420992566121793209533559063351164477147232615201
23 -1.447675438586821477754356280360231351578785264089306776835603027557916355106604272029687269916764011375246789736353204496882010127558650002569
24 -1.440693856480709762275982383522259690411100351457030114529719566837586717115437411513419972879866515166061277690103816546752683607471320938401
25 -1.434565692321208075677593245099585699984588507777084588052633142514620606879981848757329325812328154515843963954108191081706524219813311417669
26 -1.429158225387597591073622010256790386826910883328374811457663007892499943352561987458583414396390578791007746345027058972137652279856585179932
27 -1.424363250353134165725354147643911228016782369450212420551645493095819972756100072357196457238806560358197507844079367268792673764920457471791
28 -1.420091935704009469617870435924107794641636622174606032777036182876583596143045569366207608263407442384817942693803327724503379309225718473742
29 -1.416270866298932604864341983677903219864817449681326868368359970844730768669065681983834707973981168306753792828898885714122771019774683206205
30 -1.412838978985149744379295431543568683798982440581513051054618326952384505210331707862467436630951040032529238582373630464975099307906781200945
31 -1.409745174367154387612951181174694432171829907026406726650802367359807351153535806471492718383667361355674840887075628133418379458913197297663
32 -1.406946443153090778610437209146368990856321235862798745745300544472624783491966784739785509889481800755721873677270693686658673233554847915279
33 -1.404406386419297444222758624352288640958801701688566502519343463103255343013642854166458513311587656163800849963363365631827929797069664667261
34 -1.402094039312058642612058042790409921425556264739218888878657304155694781391647053306275578406416425467282867430744801644240311928999074636889
35 -1.399982929985419521829037072051200455603439497913856842050784674716459782497340171908810040501577429841833653162782083839297270943269632686273
36 -1.398050322072388566170181893427225928421803727025454903263395834217363346833058459015912424380697210328589220180252788994938547608932068896461
37 -1.396276601257303549856235310110327123203075378059287885377137881831584459427821499879054318299364138525788713178784616456937360324071675617278
38 -1.394644775689970662682161881967829635824023392109527608731393317163956784606104581498076589400093626995251576685716854369397905674691818784903
39 -1.393140066877781453096114972991762310711339450399650594458360585398270339622684588198878661498916926483866221177195394141071199486304014522554
40 -1.391749572906017397454306936805416115449126399489649734663476064012125761498083283465279010527031842017980038355540089162685459466954419346399
41 -1.39046198980249754259418606754183261589452355183194341299411639769362617993353914707061952594627394893962571551247942217984462190353803677569
42 -1.389267379897315070514272578471708325638315281320268913442766255462461282126468738099919556120033907456793691501505645692643698206532352014337
43 -1.388156978364048132181407907216841167013377578715007342489902775393483050107711952977512994080396095565126955902513057666299023366411438285316
44 -1.38712303093691833702377913773678596824599716796826626531630705660871412558514746893415082502185864778475718569136283148815733492782277573074
45 -1.386158657205987743601822890263172174464077078650917143088575554706032527005224807442415061675477725191262651474454749753954272594555797540098
46 -1.385257734994370635040927534035748692932334410241624883745439021220384163914593000018184007214875408522106224395924057670368807851286366931026
47 -1.384414802188609240778074646496602860409698996079244372947366722858002254250991778459076295578962274995884409812105709212167732570629522524951
48 -1.383624973079357044906941328793766245237108219034184516395527585154752534506076263300367569445913076539582798429493235493381080498253491551535
49 -1.382883866814905124648860786733017214507738262380470796231871336472218067935808584659635348895715088381433531236853489062920290754626017831874
50 -1.382187546005796669358780127628412794230984318537880193008498141536016128686468096642690090443860556247680904753849969893393556454567065343677
51 -1.3815324638684905132201897209220657307308634391405775311358018961602192595690345597262953974173979913708636901570301416201663625035257376159
52 -1.380915418577997680949857630382952455899633527123647081770124586784227886623940134967649530531960476978545456754494795977565337631347686591016
53 -1.38033351372774396681718764333423442523468612961163952112644591427375054469749390870694164555765703363446219310157597977579670026172217177482
54 -1.37978412398058746608157934935843942947699823340008397829072757694555418143553035729595582098443497069493957992944180392153638497696304780078
55 -1.379264865146524498095000322988207852749045433289078277436927704790569411697502532383153830070454122120210312159521520556457451498745450244961
56 -1.378773568046888372314661195735913127025824792928416285367752865382925930736641582884035563985204356512535757652012120371980620399754654664235
57 -1.378308255627096986957950728028566341786845753022851898353260372403750970056981743747812850525358455810320714148629215181766110588427759414697
58 -1.377867122864446729504460353531023709710690492165968885022797454725481504323053060594895644382411516500129024315352102689701493245729438610289
59 -1.377448519087430118380738738884130212029273570037829053746860080131095645769882476540277024889121188525707200537598717469250888558213825281341
60 -1.377050932381247773673870316259007412449461252625020592176191858376063102463444542180389016851115715849061789061260818743360205165215554040678
61 -1.37667297580273657486113820741026869589626497411224991704211052628251709626275379298199708970427887982193219128416375209714364004609164035909
62 -1.376313375168572014098067695682090022472949507102641396497547391277175028109138981503970848213471542823530738920434310491938191927338145457801
63 -1.375970958214719089634703696549052539968567028683720813509576358005055033533403838585688903516308415998861814081577141505005305619825905544059
64 -1.375644644953834167874794366721458817829874590020007988187582465245957735180999539751637183421974778904435971937728197649661539883117780689465
65 -1.375333439081580972880765922737093746408103838185652289659921517668659302093758762392358537867924865476182775326236942122640639203330388657708
66 -1.375036420303369246846138525051299610622411664947432460152651576183755445886377487120153369027992728214510560644413184198402021662807908317879
67 -1.374752737470470785618124429848962243762154255233790222732992625130417437109999029477549112367304733516827135833084447480686156799584073606043
68 -1.374481602429320897350849017040876020826636422208851899659637176442441910102560827678195192936125501617288525151759551496478897895075056147795
69 -1.374222284500491385267846306687079602698060655096718657274132624864343856048589907215604706325008544199541852266322339200759844874247615367711
70 -1.373974105514669200060552647983283727743461907212973685016089487356725216161132027783164381148141765290339449678045981819569060066831625589497
71 -1.37373643534227932041364217392276322696418921989829242336541196739389300595051414645397333805209688442961068776071657028877290184203236356215
72 -1.373508687861389397801066112545376158087747004914891396405018058273695269518821786167465675798175912509748092217891010605797639505806874767986
73 -1.373290317315425913507523680631387688489590837356771857399048429809308187664495491656753292350108816439333534540010062676756183827656154006466
74 -1.373080815018183188740152637382973001416247638636710282550789497748407432366977638396073465055024597323298023472391537718310266340165344745324
75 -1.372879706368756873888453578634727523128856186895857590394757368359005940013794438867779599078920803722791505272250625896387074768996906881539
76 -1.372686548143499626868682705959011891137944578173828080491131918929134909678397932578088646352005366341302466938647923187251935979148160714555
77 -1.372500926035977256909018368630268625108875011354688880994327196110020474351942654611161127493524631503183209765706496939582825582489136372448
78 -1.372322452419282018259537957595321976278756614441443659300773127792044523797316189997355822814599317399352610082472228455629837695618009702904
79 -1.372150764308006566969205973241491239957849762117943126361946567572397574345746113548696952337216618356704114761771760470699927184060837031077
80 -1.371985521499757236926863500724076677489878177088939733183229261752267689079173907440019548607435075815742056215159459857183879199466340430166
81 -1.371826404878339687913179619769051163968917525101700268966101814349950865729503270627067282953513709773317142474704157837170813413695646611285
82 -1.37167311486272704509154864343626534694578232061178679076179433913078813367731588245043351792758256004243078285795124774160401626398891296445
83 -1.371525369987657469022575928657924841092511721129536760668139831036443025221379310470751010907673000381677075852567659182722590916285060198584
84 -1.371382905603236405856159719515400799512692676331325842389536843444242751258021309544306374396122045542281567111471476899777818884643025410811
85 -1.371245472682265786497548930033293930242703737929892882373985665380025852854881150009823899966442176746253544034756075432864750234978298492333
86 -1.371112836725211557896557617355889477170112312949737311669731009975507461609910804515345465075103819484087946603467737425492386615665132131026
87 -1.370984776753772272190940742894153074615045946251387598517643343778387841403812835155551868230132723634400900117686341386076242913541333062908
88 -1.370861084384942394417677133284767336284085152388888976853805393085853515805420244553484209205100881442142178871485276622152648922885561865837
89 -1.370741562978289520092266343779549071350451881802523073923490283176719508427982583411332072128212154606282923203488421965039859134285244155769
90 -1.370626026849897806281118256192545653826197412577507794551970680583342457686021998379036357495435528869258005266375401500828894464507190199867
91 -1.370514300547081873478490802561043710147351240739344815166061577687876822082399695273061498307616489323448165652596446300260111675072388056827
92 -1.370406218178556009734681259658362806091117214765170815770237810543452778869490231352125640944616555707745602046311492567373971069424716072742
93 -1.370301622795261210264186259906906465494720403326360542419266088632610201990922438080225907403887599627394847923463384584963746379619253385373
94 -1.370200365817514827818709537958887214535063529428303288544873477222049820575179925762567757692106321988993408055002222153418877129962319053018
95 -1.370102306504560860475047909470429192792885774511246039643393329504425018255603164447183108989808751714650529910082580166371704438715037033381
96 -1.370007311462968818389305672281497580046590276466420985291266693720805988342904392388429266436120280782834021858257900757247787397735657884487
97 -1.369915254190660638977171662050487071743100824253769855845499926562766756240521089678429192872881646130441090063477559634349742217338238307447
98 -1.369826014653642599815573832968450243778145481580403951948092743735999836859603505145206963742822947507355141041106670572057568484980135163555
99 -1.369739478892786419475561555572500644755382812915305847342725792062851346633053897574273216071878561319814938456561582402633659205026055665005
100 -1.369655538658244087258119303242884442500707028375824074191340486326407575482558843937885185611005253529767965064626530488085025103216268504023
