4 0.26501214281179223694275963210672962126210370451643688532657079526232152651926057151930618021691337885842219007567586648902901818826094488637
5 -0.53921262797751668925884344280625384927015192072268904074927482822877415774650440103692504669135526686025343077589725459551816284301064086418
6 -0.81879498620055990440720883336045369181871351223646786561687734545379671580013320336335468318173673130584427358888386547312940595910567712554
7 -2.2697157367630292949198868435414581231593725870296629084832967695301571273772796348076677224909309915519963010252521897662394396383967698785
8 -0.66547948132934284466905679118862869096352078225323457865766051491586285849454351204889517127185427065983846584890116045898530157849797653285
9 0.10491490863769600309991250510184173312179885199000401241726354290322406502468311115233570157348569989027836161977847442205156219293340722791
10 0.40975793218611570213517867067705446097195995149002287247274939393953734328761118867837348349187864625313203918171234146551662685644248056204
11 0.52306515523603855385154317629759510189017722073478938068318681242390908383816826280927439408099420048260016568162774234722237385719685463161
12 0.55860133117984356883779046577437430097572856174190760064811461267343771469927503511880243765537039420942482761376809799596342152630854037069
13 0.56227599716423601369403992554825031050336484559002284518642417774306402546611002460061510136906440281877368831077839890349970502827840044564
14 0.55319029409513740879206476390410372065606303320402292391885964744791745910767813796258426311415667492308211886860148034660687469310175347282
15 0.53953429513922855492676745532940639169757853104055547356927245261407394544523305804085005142068733036467160883784771214265683204549571419829
16 0.52486465561691354894465682108279971319655965897943808753247346631853637210363295799288512249920809759280817880734713092516423208312110241103
17 0.51069687611274246877786865509994120451615410001500995901411453489633936702799004017399763704565725936990486096675571980464922622813952999612
18 0.49762475132029729957771766163333922037617573364915746885683035858268724457388248784304271190148854174463703386504328877936292928279452354492
19 0.48582258659440106104857964156151993472750812427776214995346947573803291945029868239207471673372800374682110032822621630920154637757305916006
20 0.47527715270906590695632183294853270188321162223716235870349015117696646867141863721324875850360817621099511615027981664085168530099023165815
21 0.46589677581656058545394284540970693323321061870730326393276444053718122104950324689727025144442958226913762233628648447085929649951883742578
22 0.45756285058692281232766342507550427800360794355368415037554948252855935180567765096435194457175562845061104805674270351813821415386833923187
23 0.45015376016937102402021504232498760344000493119490854931831375712939741702857319043899442511563077130542707589173216659807461642421479987096
24 0.44355539608577295053331203752651254982219483925824120601685694932138540847851603659970230017019864193240912950795746411400921346439096012324
25 0.43766516061477354432733193630113662175753469743803268581526246723936778621248991487912576321177826603064768193183721342332312930069721037456
26 0.4323928481128920348334645774661408918121785426983627378429393300876815947697737136100237813525889594644628830993284721698565431802188058142
27 0.42766009790738370221108882816551470404401287151163656572015010293776691955990004591323163896193575972710330294505603175795245810564985940734
28 0.42339926227213046296358347434825681585365037788932518455842777597942353997021409191838472233279169817905214229692284925182642035469911165482
29 0.41955210388641326060280001193879137838302260444300044224137914177159079770607437930256130119328302718634468425902308695371298781407360908848
30 0.41606851871101531972207695820085050473434591145119826214421137224993887170069718628736502555585258711821131198774676461080432302930008261513
31 0.41290536910313201129829751965255058819395883370459685521438442731142049035682986148287305489748820026064453173037846167275465227032328644961
32 0.41002545621026276126912852677240299953630765630481386946640773046796863256910723305515343237342757743787284423136263750403010058313048440485
33 0.40739663358311684769424170659036292403815250281509349222559941558812539320405854234618213126991237722354117307694072967687456415156999356141
34 0.40499105169096182972759475850671051112531721928690793886667558698649955387668809851956194982963955664094166061811146650345647039106211278743
35 0.40278451835777289205285757042548861113679442919298862669577243958511980431960659485299000673607369630366531327860039594817155180090012707455
36 0.40075595924659285581078734252952694371476119834902092095529567486344650430054941234046757118297111702115791789043176231438864951339698150121
37 0.39888696339703568822270790463662647026164890501010822631331584012723449424626873928105478686810120228707586792646128606692238319950339470675
38 0.39716140042439164655870081217277560026716822455554185166803898115946577657887529766633843576183090640837587017703030350393289471188951389318
39 0.39556509778968717474096215703752451531508075424578959551257262725637552916365394933704580243230213923978696948877528318583634549860756544846
40 0.39408556829324163113949679244270526562368838932573949930082015368786641328525363716398815222228691295387470182166929865453428393864031183567
41 0.3927117795188889200172950876306040113106031529436879225141531972734323227912335439477600446523251765004972817258211506651758575833496963022
42 0.39143395832564256090088730723184046716591919789108814196015553923176098036393927227335437737875983461029760864929647855867445963877199566284
43 0.39024342464852455975668074143672294915037698254760919333991816903051022333790320199213795201499049408987705735554586964763108951722180307982
44 0.38913244984762157163129438457749423384477404186715351310931601059812852482478243060806275093052060277246883699478725443553455501684185286981
45 0.38809413565745345877436108832482588474314128657156385204182737465817460905080682934814680735133394959157517800016038393861997480694665787674
46 0.38712231046161194949054477459069146953853299600091540023089936089069529419588973594193613227304055513910952699203003600970211199388352010768
47 0.38621144017291617003891337152659188001823636225172709631545145179783350818612862503048707556669291361540314892933464843543720135608926118299
48 0.38535655145698501850488843489279791946233843969682886000201767542412989999329182155999785555425097837663124021256485559743671435783555387802
49 0.38455316541423005629212132577551095860072027970072455094431295095803360100761602016192897048948252083829745807498569916698260889163947094869
50 0.38379724014618077950869095745351688507642892725863457577766227137870487133864624593485817296313300152733136528183712175572145210452221731509
51 0.38308512088867735948813721433662072699717584445342906916877921489786377616513509560549869325844802382803645019117869479279865122256231800606
52 0.38241349660660955899638225060758887178197115320791441726534630542888950957211380986346003379252079435719768543119934263109945861307981534906
53 0.38177936212057689012356959125937721584749989088188077928200569956644532958451027858392357757616882722584210109602268824754815801331800582664
54 0.38117998498165485118122835630267104881524750025949163497186673476590559600568349638331582934106599702462982409735831461864827487252979003039
55 0.38061287643172581207321898208392843783400730366328751768457965310730274002461783198988412658131301211434435215261660230194046166433430405694
56 0.38007576588793234180893041468417701094116526200118414512553558041558251316801198245866802453258937194456290997914226315862825853498915188834
57 0.37956657847429176908479200223852014960037467349399298872898860454747149333216938174018428581830027457461072223700396288118247104582464565864
58 0.37908341519427562436066349937790730621974369315129825016221299462986826162701677600124244477689806482370481883607517760236259807248060817195
59 0.37862453539757749169791469469952089544316677141359961012238668625635720709110522940185223893756475169988850245709873671869610158129234143546
60 0.37818834124430805901618495642602869348253145803446298954881524076777353976364643121621051071961448666233039479665048975669672329062167341726
61 0.37777336391205743572948478764861860552129224103823361321304412847431039916694589168476063797041991327131709743020194024094627721339533926352
62 0.37737825132695859057727079779611858166513376206723499829155974198921072467308870592182071717480192076802767667466627055587118530522574423896
63 0.37700175723014735577140866119324812254818164340931144592303002207359934458567169922300218565820614727051925220244539388550717058239642886674
64 0.37664273141673078551456316367537894770843491576048975778891063066851412527509994453204114584288882997706194924396093926820407157170589772902
65 0.37630011100627993552241668431609363275289437412427322977211374032843026285748305793980832792231775003483798579593555210627071283611783386864
66 0.37597291262256279901644597879678257187150867722458603948670916608174912492291779806648307940398032863918602409606475326857921809873206344735
67 0.37566022537623261837637319935143635476272757965819918303577918558380867361892774577486733723235200407548099827825279978408157018275750236176
68 0.37536120455790591512708277761233781929514518297347778506144936208443803643969478850362867780074479189249545482754823162678810297288410855741
69 0.37507506596085355333577800370429696314656739719182955637632522451593910123809385916523285860259257582330287496575023143150364131721497740463
70 0.37480108076267977164945039493805023293767690645914141242956101585865177760403130344885319264338187178568454166699602951459835328869403279144
71 0.37453857090412373706251083422251559344472063886387787222432700616850537849927495778772500073882426734155929891474438363397550201051333274879
72 0.37428690491069183658272774979008970420754942253607608534461492917462740796338391069598914994164302853927409947025752470731383383270376480016
73 0.37404549410939005230771914621204145481002369123874667219193640096144550003556680491202895355606513705731639356240860344724663414780174778433
74 0.3738137891985206380782831124539154064606771789399873694641331144931550447822503963929934201203447562718122033475373949889706087509826353518
75 0.37359127713345957679008562801011735124144240656735872157842735068944006581429303768487377068298529418293919641810750452862049631797982539629
76 0.37337747829564568059522370283192800634736436595010118082348096392747755078367200898146723259599495008466569431868809794336132571733249731289
77 0.37317194391577760009340691973640925981743689240408502060724858495039324322539636752087754944585629626737625366011913674817901786946252280962
78 0.37297425372550704349333558235563254985370907258070113850917603501478127116914602231472271402894079337711378040489083771952855292117504106307
79 0.37278401381479960902412388706921916395106126493264990300413882729967332668361064690823071896382796866263028258618590413633374164119974055294
80 0.37260085467466382470738454904457958218827556429433508136547322773731752435367609194750388500400104613204345208041490419010383458908881013461
81 0.37242442940717134056498857929696767559993426943569854630814809194340364688315005371868550869812101785028143942779943234887079141042349312696
82 0.37225441208664707576648021076153463425183420335944553705818380728752437875447460520512814680780286776660552371690266250130081835409789364624
83 0.37209049625763213275440102813794633530813554200783401837539408479889808995959055422726112181529348262821099926218470722316128244171493920849
84 0.37193239355674425618103879926839719970097974807624726531999433079456533245405445117466215749303990354021017614197901665237388291054221309986
85 0.37177983244690622116457419087004918427347306031260793409421209881820629894412634523486756671417960648320588358366813468352763211410038897766
86 0.37163255705360395580564975303126767057464178942008590866327333230790957425607492971727348918659639212183285343007835956864460478466082340471
87 0.37149032609389261091692676386223197427251625650985262481531159872910053447371489586075897461989739733515384647821016178221214439646351155647
88 0.37135291188980679353036589048034237200573567129790545676890085625706871266281597478726909912493888779674289831935932141749603696237913340466
89 0.37122009945866518900986811779254151615643104637728173299463966832875020645424299052121873406456754858221319572373854645432912681946585815799
90 0.37109168567350233073188855380101609004319431052334018903447987973699478859594317589061481119710334949845053124130022182791048773996705299593
91 0.37096747848752223408238969855008876713422201499982183686309311584787193209560503196130382225712398163671889251228245910459485195084486060011
92 0.37084729621705949234201478517384387639402456343698731680884967839696029257681741962114574455630934747480745886208235584533280226280504361956
93 0.37073096687806152878720323414978674413090690218711042601139782866650315786816587591754552851002147635379332077700075824074360227923628894272
94 0.37061832757157826233439105715174216747587664346661798788006954500842836256507109733736645794661412591902199035339559269070521075158746217649
95 0.37050922391416882126042048300847128091738993621943189509285585676658160414653919942748443018510749763419667043166488076982586080077723619988
96 0.37040350950951469673638934323225099282244793812482335442003454704220855946937468913581647630649843939412212850658045793103848366032805932555
97 0.37030104545786975188782381755822787631225132775446769127820648400053369575916325445556964739429819384242723513367159582885360151561479732469
98 0.37020169990028408927751643002334107454377603667303216539374756405887070136941970151414617164753846325761813814425512896632248616021564575387
99 0.37010534759481471255506486546013015515332974191645296817284724555235525171767376073583343903065676978791391583185579104332192825865405109291
100 0.37001186952218453085202244239478195988101570060377827328688780162057841119371727109440028645074652518575954644521479150305010062311356438358
