4 -0.9576418426884692765090042453680064098301885308265970824084589240894406311822746928856505846424153631054172555994556449465068602396163577226
5 -1.204333135837108738799108223732238064223580814671031753339349373443162040408954360711952891046979280859078639004485486722706329719208351499
6 -1.392462050343154891948682397260635168676573074573153619397916720765856369424910901618959166456445530289423976716853126706350947386965944322
7 0.03985330370262516237806569362718639040660171655590578808000023671108570852543509110175508518914956773942757070736964139700912839883755257985
8 -1.89290887039326857833388407076029543158245452142264692929210586878758340310876592937574077586912354898816693185958884083047568972941103074
9 -2.049111959933349095380257497563446255265267823773580575433767914645515368389286660143287860739160721817413625022801178939937959869325626991
10 -1.79693440460319401427757857495526553545433649732493017791725538597640878950405288282786855844614864876791773020553046706157093743994266659
11 -1.523932382718589509199090277238662535571578236308392552955175983717492372128214614053395920633883859797265027108849403955498396909440109183
12 -1.302309863348004609809899877311651819807490299966263653477925178560065049728705934483227751364403386547965951159031689104296598064489028343
13 -1.133102689610528731341137452283572118303778675154994027544788256665330339877062551082577060654741763610131264529071556896281440805105382514
14 -1.004978426425907850452388074397312062082105243766407350724479073292358787090369502833826752240651682730810927311962225598212860488337287827
15 -0.9071164501984393192623772568510205205242159661509294916987327878178486777707529408386108106024567679342673913941195461825358640515129337729
16 -0.8312952278303927393934459936497324681850490828341211111105924477845103858506013274993051535085062210390945552601823077332732653207966456841
17 -0.7716266149523287852467257515330268334523551619373590645538768481651367220128163700390207955277733480947256018108103434543358398068959104365
18 -0.7239469723659695817209177713594551758827954015472818001699513274571479332110778271174977880729139184340879565739258197164010404600787917192
19 -0.6852993588712845237300963107170359948903180866128369487822511159269075588212804721092308531165895595725599735132121763997357415917884078052
20 -0.6535601771514506330644530574565068078791146252002732229555072146991091748441918500512119627851692417478358171737321479564368608904106303111
21 -0.627183052846044749084433081228641891366238638620081293780583594537472751035440952776737647812988365496398975243859228421059502852357846973
22 -0.6050253969267938373629401940798288381521434054637866057609336228920413582979429260229445486239029184745952225909215505633969108630699759526
23 -0.5862307171952562230561331877681845704062941056480438420301076673406150142049984137265135307611524536305914494646980797317422116171714908093
24 -0.5701480546174514221432099979230430690708095039912566316821143956912151342621553335453404545085185388347160995041903648191014157553595508124
25 -0.5562761775706401006888755384982500928839408604413384375878672242174148057348069211070993957639594607172709849217781291935963551420199940727
26 -0.544224417590895093201875416825630510831751019975086256931358978108278701729921408245011910250906955775597677319267409878397165707205895447
27 -0.533684814319918704442343039952608859834075108169205238003000613017814828935016105237595615214306921383364115928097214340572277514310905549
28 -0.5244120412204049187181280301726188976019858763842119737571543237341130890175391928088074148600503785738202022783680666153807595846051829074
29 -0.5162087533071536854283308213842780399875520167138275077030136928629908708901076894633668567945889046268610863169507072171415161544336448808
30 -0.5089147616066587632786209857807040788496923138468779642339937085800736326184114689751127205480690352022345292606544603637618010222480567415
31 -0.502398942166650955323776610430934596623819334499823024707999489030791929725671690501893004250925064729555217484943178650145601956776356108
32 -0.496553122649949513590782465880438522586673020003115131982678650063690532530935927915505042880856599236747667333733342211891400799279101155
33 -0.4912874155119841497126363532585754236130321518673984480071941882214383711456446691123791863809917643952049827952566852692008011553930996454
34 -0.4865266208926133846212562405968411049229234619903469202357115453329607912250657537534956580215492597286314467883975181564119451991460889604
35 -0.4822074287218920311024481980854139103165385445658675518570896066794020953952732663115156457968417104699586317663208374874778981682320366457
36 -0.4782762237882924590148101030636622460289646449002696085022270564937950429859039456213441930395412586944549428232229927142887801419649983949
37 -0.4746873499200987651438383856376052405566963695166842243132812404009143703059193450341304452980151249025927612555839089461130438038272722207
38 -0.4714017268080937695950626766448866233952739658472689328285248338468385018684864843963112425232023886852916765471228237173222786879467634498
39 -0.4683857399299404530477007385756086579898070282587894863107926852106428053568090609781883581883770285047640876242184651270956403076964788418
40 -0.4656103436316503496934920972173620434787486575306306687741689340772654370040492138564357241252886300030343798847362283183945851256477518517
41 -0.4630503318105439629150595867330402652969729898799600943550892682099506236400263638620699840918804711075400231304224805105035059978932319013
42 -0.4606837413037537052680794627730093529825635498508817990811660222374720287511787554499547564707930771712702825150779691507827635042699518719
43 -0.4584913610497387177725927915976104823603923711669408319413306172426076574178282549066887864339890578355773354809257753647342729173372811094
44 -0.4564563260872088495434838269315152865397040014577288498393296387823409586223657701486760307004934740302493244078010360252121954679908185647
45 -0.4545637800064340146209581115283935494976656522703642649713298480591320998768570427758376710138849740005175406242026538708931322451430535285
46 -0.4528005929461413341854761659893110778366603823064874044222550732099401431983996892399020333495492321170469967733247940304298582258372513325
47 -0.4511551249062476418964922876108382734053698781636956823213327532840364576431062526306306460132491265740671704379109282242268724812878683412
48 -0.4496170262207379396836046607328116086556134791595062698553448880063871728376524015173851975967835830625626719472561738161781863172162256626
49 -0.4481770686520605100357305893327651783766721026838732151812638093443334892641717216933763095693875265176166818479929983048446991149040060923
50 -0.446827001836778083357994433515974161810480143591083393766095918986428833657527645838408236081162217082342687198083076608057280751669983009
51 -0.4455594308128231636429392443118939964712805198655462187035387710000857576115886178561282157725781791131330424839192418517989221102375874126
52 -0.4443677111524368313394581993935326339147630552249765096721361245888273222816386567143683796816132009733407155111080118250059453009647650311
53 -0.4432458588578217584097200986207366854262307533289720022139186487704582434361826434497065187760487519343793906687318253202426227050995047097
54 -0.4421884726838324370588722699445742115845291091590250049181896672722470675656800033638919659397579482621297044495211143672883069346047985283
55 -0.4411906669605761787697832435060279758196508266616581169252713294078150614145097160733304679801070423001462295138149089087527961007406053625
56 -0.4402480133193559140686137213959750792478914535880328177542322753563596469513240603534385115972420865633605194721246009987476991046943854082
57 -0.4393564899940319070573884679167357686513587992202227955963377061652910946823182321424770262633669903062229001917564089140033307802322055605
58 -0.4385124375891446732910874723624295070789129031956667522525697837140661343062863373957903915950142248142731637578622579452967817383671657691
59 -0.4377125203858388280523993016239507122233273862747035347643675474798029876585914300113061847501317918304591273880167231852925679772621857842
60 -0.4369536924044800683757371540262551021840870858888851625948103408254705559928309473827761348852203408679983986061264839655241882587819833496
61 -0.4362331675649713336823754104996635602332594311240371720154362207550265927526071840580388173808530740376878367571870771802289586829257711419
62 -0.435548393386999539390166965486667703173634137877162723075459018765501236585185988301890148072633913373831383126785573032059648499556572229
63 -0.4348970277566503711407965853854143333327240224481052538302900660457567706373815682924761128270527331163809259624445961086546159113560717456
64 -0.4342769183561151969371231937248129089866328489470843806078608981718123838523905058621545036157233333786567680973821399043572621786451132065
65 -0.4336860844120745726830762754192527304467632853892592514256186219793181730740276757390599161565607849008262791769211436832301355669734470305
66 -0.4331227004677905872847194696603982685735744356525564471938035556301591048429904846656935229438255966451550019998768045309358627018917295461
67 -0.4325850819256075736828549464084826245808942862010312766509311279415832392522372413258613610806079100071893698688259398397786622921874582311
68 -0.4320716721417753853637795595727504969441680415880839987579757297792633360323120232918517650190972127159439627500269798007699854234491635012
69 -0.4315810308853556643684762349504773071576725088782366220140251788964392316968648534500600165329299310303543386402398623974734575024364366248
70 -0.4311118239983375094814646975055746979674212142367607157014107653876621510837770568494929347817770153144912570040239809165534619463278676362
71 -0.4306628141157047677138545115570528258631934333991314582373412085786369315943087583525139401515762300073660881378888448739448740548271993214
72 -0.4302328523226648433925708644340419742461902966689727464855023467829460945009875979434003325499484407268718166509547761051836475916266784823
73 -0.4298208706420664231431786369147784231860701023708268865654219104892427899354520428429771083137550544375001922826867901806857400444757401151
74 -0.4294258752586140017123972246815894992225500220181059652494246875945677202204748855708130522057408461867894645958956061429932270987242391553
75 -0.4290469403981743362569918040119644805883281714055732107028952947520224941461640176053482434654414559241132964718745907991124468231571728256
76 -0.4286832027905508113051353338582399402097572511816374721389510589047670103660456803615582858165421240474291776004765797452078355636376636471
77 -0.4283338566528161821258260341623008201350757625736033477584110295876892098819869807282830273299693433406238303358180077679584619666091086954
78 -0.427998149137843645274981382052243368746364485685620855330764588252720438525025861542528845299487717014449150438998196092153488540066586239
79 -0.4276753761992300338124010015163014253663178203740380561125109799017333085985321769824036890355862016742839611955073597655515639866440947754
80 -0.4273648788295059716745770230794800554576057925263583153672582948862235970829039929873593427898890648265056511132445689183491217645981363411
81 -0.4270660396334967722139787896043100432582986109827662696680112640208006318594673376396294917336416391203941717762949329617636206344589212265
82 -0.4267782797030370203464742782434219778309887557442878009825705356736368592817044024989373404634364897183137586921414359558511292971218134738
83 -0.4265010557630380065358306065719892270443585848333382389504914694383406212926252071863225083212918017529614970364611495098204438811541802631
84 -0.4262338575622344245739793791343281740221740834332450177991496074931177972533484088695532467900127709913789283107111727847082156521181237367
85 -0.4259762054848580764268505689707965130552307827196746687800181865105383077260338730140073873177253117485570057602792273525582461851652870488
86 -0.425727648362055662752141291302352409057382088163949640578070143172334150291419012965980120727776884699142478215069170426113493580192523131
87 -0.425487761464131261893495543806342374150363831129386834231876261080236083301017624086281687353936753344395299729356407454209584649646233265
88 -0.4252561446566914549103772964138646916370314674264208930925911284729774888922081756534680259048184724358859226131784604524862153389726980416
89 -0.4250324207055363318904958132293068591859059839033645961261569258573690923519190014539534661213466801073245696339217184062189897173786261025
90 -0.4248162337167021914348522454554217263381939682281209059726467937739712804179063823642421078133136305566799928280069769652108378477814986647
91 -0.4246072476994469801839234772844754538742472812928276722956523274742506065254098531544475598185720156369593930864387235423126115679163418443
92 -0.4244051452411993443600302449966225218615662275113335631866866265920255130857683417241154709015324436898993935957749537559145898756184736518
93 -0.4242096262845855817007568182016679949405324020816229289542671230331918024056224356802205827343250849580326486535481094109595537180032055091
94 -0.424020406997622280521891761338735174311523291765964470356422715273925524509918548610104767364936227903532332544386732259403560779333322553
95 -0.4238372187290303490560385627051237004826960564174475942135312177892836781766786229200462647999851658193138350772731099012375660978355215149
96 -0.4236598070414009562474998830707360281214280880218118188465909700643942734046705394700318240146783996700389858874796526026934223416457824028
97 -0.4234879308156365128435155960458234670767577430037657015750822651379512239633820440582874993489444043431106205368409377283988419547274934454
98 -0.4233213614207097302237299243851429214652800121732733480022730823027865606816809413668920299902365524240627123472720208568988197379414635178
99 -0.4231598819433393254519852402986810188248699600465715074539387766981027707761814374951388450748898685849207756964148862844995380736293616457
100 -0.4230032864726793859940890901276021203469794894469724982339351070680022670244466510770939555423724233402390547665902532844370534140579895727
