4 -0.152899580856966824855376530865304275992157216042703529405838913008098703217137418833821230573476595141859269617552529996113375609570579772
5 0.633612894719847224323588143056593838274826371671757920559578729616669772232934753462538325397505171579524452336140989866665297467183245386
6 0.852925418638836142631677547500283669183326909438598356164624942683617546350371513283604411504009346197203971249289818860594295738419521684
7 -1.54727254496711080970864544339983290219710931139584785493762820968961956140630243882698165668414049451942895182054203767020729574670573647
8 0.66984419645989310548299297473332505749387760136994428854278029009717149808400955910734417789667698808590625644204352742675843492554879309
9 0.120192560749527426812551605074635907095409411684428764974312095631831488910843450201300938531903452400200498281375422022815498015103424641
10 -0.481374028678405256754102104648105312815795837640883767145097186489364723549210011327921972836269365869682909875035340809538005758910941803
11 -0.851338051583762562505172663677188657872035789488343330551910955998244069908282909859050302432778258196906718167252808719530247605657977653
12 -1.05729108187553977781085325972861262952111081311597150986699801123324573055622367055722501551474006966270140977169270444322205396152770308
13 -1.16879943163923138555638889720427351373808324089759576896871949809244358685054294886198075821531312328167727935005852352152341822285206281
14 -1.2279622376581930566538176457230222602722390146766708367024830386699322487742764117196240314667012878947195162023987447778727538165728749
15 -1.25811330632496432253212523129745073010430180436582513826623309070115937283200115933472829499360107361617006951570200516359529370132355401
16 -1.27205262988026287132044188169277269344944555198851421156221694218111138760888585631869794492506779005745292081069080179812889380538164333
17 -1.27688133841933043744174736818485598449388921782236533047658559054648586613907562444602738385187995570034588068611162980280660642074328075
18 -1.27660553173698340496012162429011299526460044283543268059479451640189167957993606295283454824247801494374332600363070947300733546797288309
19 -1.27352215090158753082590756878195109476778579762708729693466178748672929471937685884576229862571775392971746635159600342689868270841508378
20 -1.26896514231742441350580065515873058275028378694916754491650407146288272912102817965014790412248228689686588517928328364243686879394787025
21 -1.26371505682884314623973434501852465013918775980900210376137071104806099264444350616233828323942273381632273987072951755060360312347430996
22 -1.25822876113472721281518399263405082618684650174853336008989826155849426773781006658256142905533342288560570609136639498436745595975750584
23 -1.25277099488787235108745976204438376614969959066564743827846429950908691969447307640019029928329264759036079132500261918650863077580476658
24 -1.24749118997074445153489744365925577579356440611013798794196814154054226938243083464899284000675404686408547202196822441009655309514111873
25 -1.24246910827988103047628368203781892473886264810168046719350329374753100644449515529961441380884405800724208185600217399746772827371218742
26 -1.23774235962042609394886466831537971884510327712595372775633601231370352010022624058679659680043806736706767782716442498073259302608392631
27 -1.23332319653187020318994309292892250225169994260990497980248721007243009199080555399586656378985891068206941198440380465283460082813390517
28 -1.22920885904161310481602429846841344582400141059554299025251943541068908315240788942393892978793253868298858274205439970518730909866482865
29 -1.22538798368105656014755378468000999626320791505147797598680366343004763463572306165177949901865628077196346249382080412058033535584942323
30 -1.22184458140010387834212575608930710027584021380787601922354711496190931563977562151064527348446960682134979283201911055871003940497670957
31 -1.2185604986055770384390785468361101359868150750866671139006803543176363618055956110584321912348057020310631113077073754508115327470053167
32 -1.21551692441362051800940276630515630128070828211050209698855185241855471455315456217142135389437661670207974791526874435033531703330766948
33 -1.21269529510052303798112294593559283902894358394520173860997758116968515591498937146348312368734824884885858550157862822084966321879953336
34 -1.21007781678264800625273601616135636014251518936006489846855678815114599560547454202297802244019159955192652623374122916475611162661140874
35 -1.20764774670810164744884641701959646834036919813373113668566856293294626629003957744473650137026264909789710493498823246477582007565542423
36 -1.20538952291568713563145325780333501873545019002653287024292569799256779906669106072157225888852618082248701943392571652673957355534877141
37 -1.20328879991181567929497814697036337132816942395713432611155225694617628612112892223811153316889809288687292661694327842680075780537056854
38 -1.20133242747772238247510381506535425466195505214316747730742843717703222288024513279999463796555108543718868885515979484676066897635362055
39 -1.19950839648353521693991930146540686354949684581564787496286260054461962706996992854571088673421160620382697903104783224836404510090754044
40 -1.19780576700601807512580531570930776389134371701699894669294631986527370798138213967419935259549242983316194214662019301502152924901699379
41 -1.19621458846185886144746870298706717396861517395149367154871944339628956970475891991233088271851957254868315728394200707203465994961309274
42 -1.19472581782440047594056442163070175071906358702736974923315702059940641720989650824410849382912161992608010217364191972497389521953201087
43 -1.19333123961388193522928601070628835349959380144556335523398663456537274873084336956725037512606699887065816258153813183243596736184996286
44 -1.19202338980368989119813749796224356041837049357800697855559127456003996266264086853238561721947445600418463244728233513712879230631739428
45 -1.19079548478411307441134667687177192730236237553860903386331183564844726086970268426767133896048282681236624959031252571323652848594628651
46 -1.18964135588473797958513810999175339347305359043984987573942500129138286365019378841164276157555508369614917226673246567496514622404248521
47 -1.18855538955439800804658049363401937346865906658727355637347900678707360433859000734417053075991049576149977568593748133079831190077128962
48 -1.1875324730523527754184386782429817932415344776624383070276501005294339786595178243867026288464347776706931659684529610826590504681837574
49 -1.1865679453622035585618503591775078928131726867650078604629531489576175498775056845874841521962490717529145621070239887610302810883248807
50 -1.18565755296501853058086259081268378610177719961542569105383334037678341464032774902962001461991291921732481589655597292048610577154065392
51 -1.18479741007628943242166734861901465260717059289176814476371963793953387782960111335927902898013635928560127352696571020904414194609825071
52 -1.18398396294670435904306404216917719681384235787115388157891715284545579556031493406274331554979292964299542284182441011903037882077831413
53 -1.1832139578386902823888416628402864784244164015556437484485676414529830520252521510673283427494111428439986821106663808917007799341533596
54 -1.18248441231224262416357920348287835798134328800617642727573422520923272438942282306573554481264362176027638250734389135560318537436573527
55 -1.18179258948012630617361509372769869416050186806916062812035573864535076796788263616274891886614742285920788320844016190103934479679254741
56 -1.18113597492113918400906719774649860750265945226833621792946336844099383437356325408336205515906394572211877412659571642324326154140577409
57 -1.18051225596890285037985989514554530319716477467686693377458493110144290423348919624626907559128770821959938417250047766969527547083651652
58 -1.17991930312144607539134822892632062606622219754658814581352064710390692085279457288434952507128075412170983707241380254146302213987929349
59 -1.17935515334301636265791390847367830508817729702195921180525055571853975843844615928874878731295245264991254252980018328271186210997495724
60 -1.17881799505375790969889108731023356547855686619145011233670797786333853705192096196821509218314265860453717162942084158513265394319000741
61 -1.17830615462499875855430328953629332709994593853120792618263477898361663890653929800068873099117591777231073711367098140481780010086842164
62 -1.17781808421789565484112435703707449741198438014067149650182934844748738861273007576277323356545616550569950719794226456777582993097500622
63 -1.17735235082117106074514428887034205188134758477414219365201543305764094359406470312839668031342020846039647824558935934017186127521719153
64 -1.17690762635976722463915069585750656033683384510763928966212712650570088108142643816442778785330647912087430040466177401427951079583004412
65 -1.17648267876058446490956737345463852039300804052928178085100272291963859041762710070745190629738064829403134872163450929233050009773053354
66 -1.17607636387422053098080707372996278144337023640304244059881165230467789821226408430188944029792799714311417437727958959861571038750519107
67 -1.17568761816293990541410920375700493587059648929731754644623143233268655135687357168980524698203380809195432467672047707206167384375735887
68 -1.17531545207512466365543168040679338829871127916833966752649829663613597664456079605907336710197805099750974151723242907959394923035205411
69 -1.17495894403533091548484396065165928551095999330999064798984051923816246652675792055068743912855903277289384285398170057053619127722862248
70 -1.17461723498692469551874914145786381232896542321718100013968569057649331247761903771565637646590531379051470042280215302196192153650365889
71 -1.17428952343121457530512455021723922713836261398663918995639735388688392509559538028244231793164286960375267628011504720276778659577345892
72 -1.1739750609131398284581844624609427036057267675076447880402047085224619969633604004548979516658112500177137697693435315817419091471470087
73 -1.17367314790900626668569009281374707001786794123598692750731140806843115842670307317806234988591947587965012709201648883216130205911421396
74 -1.17338313007657017270227087780296488271534423815729547942746344990570749556566274522467765200389877131753802375735820179423784506887651647
75 -1.17310439483202794680760355207167617988073662946008032070230828151813457155745183364323426463107642983200891826411595525416141083804077965
76 -1.1728363682222404645631981953816511562188651384226740014457274396832438587745113817154562822336459010581276460022291316218499517008972175
77 -1.17257851206386433324080093366822302061572274092107013113288290894055855680841226318499438995964576759145879682386903223728068060606702916
78 -1.17233032132402799125001526327547090263377537861673315685269643075531172732747474376244447272801795853610935807119858159196377626607632403
79 -1.17209132171982357841721211163360077732214144943458807448562963220890245709757718792468455226490426799635868397741463122614039768796711795
80 -1.17186106751622498307236688317182883441379370963097563681701667701353440275456818738355272713064552198775984734788511355637782421020338696
81 -1.17163913950412295364440469685826402140414063094850670577779839193743494919119905374744432271305253725191619835642828375149842574602115753
82 -1.17142514314201996904916014152343264735851107093164423385820871978647304168793054646068729974986760766728677882132759907584944234720964822
83 -1.17121870684657733455148574279066727218455318479557100289750178598846618177707097407482312942909322480246873736127893989711880581221185434
84 -1.17101948041867811895455247842884082269489980093818896894263381636835034607597413029528986730284129148487023326221015161979360611928268254
85 -1.17082713359298265337969059348247432900258683698109872760797133318965711806466392076673613775709127626591365202841070440506171834886137342
86 -1.17064135470012646747255000334095450749005282535213213227333233076228441970743804041897521760315670639374478529905110435007459030259794528
87 -1.17046184943175966636062914370253641433921613751444424178728427467253081123012233325761773338394011378879946896354000229001682321858808706
88 -1.17028833969956586618286932317514022913150554668094312351926952561626076289548978200237067120804943826521559347475447613925926194241133255
89 -1.17012056258024025293385902082906502860630732657079291138251034527029164511882096064957134326985475869055076891453490466563054043465918975
90 -1.16995826933916099092628027487272188123262175619070676497823280293095890589242779944500560829038674638378391505578661628693787930548544989
91 -1.16980122452616568289529677438527577643417339191307395457027005397700893512443108297771971045569655624601325476368549946481651025425207586
92 -1.16964920513745334824000619398373654927585898562602978990867995979223852849418004049977691340602086617467158191053667452674696417043334887
93 -1.16950199983817992664594733894435562511178661591747515655998634574172757081179210590113800009759452675647572745912730447081634050630635405
94 -1.16935940824080825228597639344061732560463922803354314590541752286308526882424144559615232678744838125390026857874208825811660472892835589
95 -1.16922124023471763856514153162148075024077651075728177535135331022694388095327911818910879500516600173122061283710971472041028791458817309
96 -1.16908731536297885528837958963512484688312995082734408211193950590913334094813426954509442978467134328351354902682202932935956833693232647
97 -1.16895746224256197072189560027375376002723249624798139648246938479650083792465225854020686462197707090490227956621720593117370149318210443
98 -1.16883151802457135344265483621935204392235336568886602063928272561780262462167491304212610707002310112516214188294664627625465360726052362
99 -1.16870932789139770953325778510405234554705725837125242584632634540833158252819099997286054583460564099700346018748550256597859927133924419
100 -1.16859074458794459322784160983804746456300964175495619221164754919673881481374503712720863755795404169442144642163163449868257081463480777
