4 0.25
5 0.091324069078114270881327967969146588683665954634701978819508353696797022327534959207979951802362160002712515999726454516902562803642331045
6 -0.41075302015063171034681709548276294371727397366276302178513916633997467594792691573718691348961164661814250939329022331980505493822366337
7 1.3914875124170255550658376362488149525748338340997143689742621480754607781529608120938332991403714533350493355481953029414477219503027536
8 -1.6243225870127473669134896175773060238530224326351743728860290995203175081223276569226316562496506593449433562988338314566475118888601528
9 -0.35153124460442658906797897943368554771271714881419166204386867260335858983861322358263294326325008014967541582619222099370178571581330191
10 0.32263176738041478390792218849772771155763197951682430216264090698968012312464712295832561708197469292678441845439752579215818844514524675
11 0.52213633571640839475200344894531133835498502040207127716851299016301082771405244587514916781688168408918744349573751878165437771626440631
12 0.52518662639676230072870893161054996700243470828387823091629459739659739598240562328661705107098123439575996887011458483700454860828272486
13 0.46140681525805762397467670825091183560971617576908877906979383438754508060738478863895707830464654344062892592079317646561406250178248876
14 0.38183485974979406954945841082154912950315970116857646380271610595706240118751906251180927059537735627760738233367872625257812312871841165
15 0.30499799427112471469691727514976937414953535530056673273253672648374938117688793896451593728726741033642265760085730873587986904673161891
16 0.23669445143825216583002850049597587517456403209724038134352039159776913784457796207388708470138383784444937190690894474090099049520973688
17 0.17790341283125868209578534040809333461636801217200637372683888797358393763615808663205146460759594128487211597048829901605710187680103087
18 0.12790603599919071715553536411678678006651100204207247206403037700596891934678517292763887037286613595567218458365605589842588016079268983
19 0.085504096491479632991676548842219696165916611972392773175631490449930382991415890367311017010325267480978253826625026839270227263609834937
20 0.049479078285824780173981237554619021837699188338704988074915573302789610258823611362700411057658490311536858502150806256102973023712495983
21 0.018747435297904451961355597127892110459059023905620377878107763308473812897729927942827925311007653308135607561523879281765533998187146246
22 -0.0076037030811901404112205447794645772268253009452808994007501963157859416348614361268656625278069956098605969743251392815209033264589479286
23 -0.030325211032811662393172203484385908427061967400267590498776170718121900838851358433895094903215717565182189514649078870834118300673016998
24 -0.050028520015235055595524296136857754677278978739624502578668246229025043796036798652914042442636798513428034734941628836099922142734689381
25 -0.067210056065200516315658400075643743704148570643430797220387846488884079214242827031785457020617846717925014588949279940715781003147136984
26 -0.082273263203610185975014640087631208772441257045444991876338890794256481740425145935713271512067956049547650017096713566708651089014190204
27 -0.095547057755503616257828102810330766360112023667566892889578536774471514135360219453257884488582116757388072788478246625249015203619781512
28 -0.1073007750034359062039972467013520391344581785575637911719114202774175928180175472677693063642532130718696593174843431126510042316352104
29 -0.11775607758621307744617667037072075766481092066019821950192230548491697615731277429350842544417038448353439023307888931362767291964764162
30 -0.12709637412212523234229903860200098668782902861044870787420063421927936257263380607605775111278353880931500526913750104357162929288340814
31 -0.13547425236265567125013988612086360714726620397869146924161347666434703166922362658658367018679623101415683470494179923496059056570386742
32 -0.14301735034304859310814971068984901689202041117621763795710154976631950018396956348443842410006339283896598673049809743474622943411062282
33 -0.14983300614782975820011045993632844973971665613311870356552027384174157674229232963593146528027581061623735977718476731213337262258062427
34 -0.15601195430718923708100863903272203589624780080014362933599049745488547773351205104485102725284332772276109745333874743515800805074599315
35 -0.16163127736996886684391016627613072307722446478205207419672346787643535523723046387643785328542156227256198370641110745914480762347875557
36 -0.16675677410976217518962733130437328125061511134539822736669033827741024362042557967252183076952621331996663992913121400452056173031490507
37 -0.17144486919616302229464339498527495722691294908651536474251635868672791187013033359173548402721299158941869025385602252655691042401220236
38 -0.17574416093916913586195210738720667249018917093355496879552399660050003007728529890269552060667260383167125964078174684636095516865735563
39 -0.17969668205373736473932572034849057869779041576372538939981728597900755953871016189332853062951353493470035042277405111981763814488650923
40 -0.18333893178341628241171318397105709955276380920745287266334698892378900099054062446242871810668383447559087904957682017901814000680867016
41 -0.18670272497476937318474742421462042338171248741179703409862870676915298118207098894256390982338502625357147549001619284714080631522552122
42 -0.18981589388729718685765423600007045901140162409397287061430643324397554139306999229987685949233360942041756378727194124678180738614057976
43 -0.19270287095425935889770969458617377236274141799801796150880253193014164375646026136118837787182072297907050590297746284227654496138674477
44 -0.19538517484547612236374145768261682928671825552438938693728702332519665672966884886116795076519509402971092026374373449980843063067625559
45 -0.19788181762097163927591374207419574048640993206312312435830340547142663460665197184063654892214001477382215596275711128972108869449016583
46 -0.20020964719961093700002549452104220265671526970177388912760939019016923913682474065214329436241509975181401045785959774644455487051601661
47 -0.20238363656910480667211693882649497094976582279455209358921589829842094773728772298844399879486433772520162559332008195991435583661985786
48 -0.20441712895797442630467199833681310267647201623713905207931384483297701367007644746403420377367951561745267559262851902728486039935917885
49 -0.20632204644315430178117975159644604343704078267548592949564015902086431357970082398878084329140741204535181139941574052602288957127089837
50 -0.20810906807720902939195558567717903065169187190377248733127275079549229973223492779546406651319263847352865064114577324926121706785007526
51 -0.20978778250872024129584938383119109214876767826762487108191340831342908337255641313706507805710785956434276193705508429074651828042260634
52 -0.21136681917829163502864431947426532750954300053883355540806540606587383466182754380141562925562780078602621506653637284782041755525053386
53 -0.21285396145447492369920048143463079597446722813258137541511727364133691850336983776343050709327668826395199755553490301600593396023204685
54 -0.21425624449277039180338634588576205190224232398921287856427951571067756394455010880872834949252769739923255845766618662618979768842450236
55 -0.21558004012867252222115088450618827628109721801930429097822404730730420262813172736369678974230008625029140629742481309715103228440219035
56 -0.21683113073057792798141837079825466359456266383669676270535097039439505761118969351861760879237870658058156919414810573635888734877603775
57 -0.21801477362301128847778564739589040783047293968755681782429378056056950146524197838634812868486548740323836567447185327207465177890453852
58 -0.21913575743145286002198580133883542644497899236541749906087325387028815939374469053557972864389280358870778218274312959459916338960134377
59 -0.22019845148629182935995951412460383372699164637901521308580275447088477809462121063008222185587122678565376430284309992869376528010382359
60 -0.22120684924651161290108427270622689824862866655595957088320655562341242507242732490747926096285917232684738633291002387239706522852942551
61 -0.22216460655679180234451343629293176863599628226185570417774439122930536570614993932175715204233765249625346702220795964144503536382702974
62 -0.22307507542930097041022521760328920034301871648064714283841258075580193863163126145530562475719242538287541351832953590015562541646576353
63 -0.22394133393914172920819681351094217859101924745381791421752540542875669775715062015829069137608653222072795348918896170810609734756373548
64 -0.22476621273663109596859449064604810427247351639560354186748401516705218040008291953526032900895409372981593424733773829925214329835196328
65 -0.22555231860746839092678966797997856514936097621243264971804722409204797397489245219522895063343596016526130750759413180147350144449286592
66 -0.2263020554510124558046038112118928430468040264466086498872988708023278272956998642036646008472783565861824418326090458895646194322877517
67 -0.22701764299544536259344015604727467774871749807532979732102048416964123498418002375566474000563433008355046929664349259462389853852603835
68 -0.22770113352497415835830392056861969406809994219486216404389584347020972557279629421326294148883338232724666013547927936112532928402981908
69 -0.22835442685712927339069080788886355111226792401601950623758985107587144255395020661603347813363979415302859902318955604329469152965952035
70 -0.22897928377659877296267457299536317459815959469597211173681426701861337476170930011701556874532110761316599760386795779318610178175626311
71 -0.22957733810501678545841436822728696202424262234112091691505568212952523648483095135282578253429323447399210324488355763661055722938386053
72 -0.23015010756297748751267642452156659821646490925583960383347652921654990181259584151760076806040815346379465011811569411159076926638681868
73 -0.23069900356067095470170972639884525364267399483703682008792430385737458809679799694791352602928403424972604994584934727526518883258844174
74 -0.23122534003643251667492214975003838027121440891101258072896808031185721737812483236284573582999597211679457923197538604661174454310647415
75 -0.23173034144774413585346416335743491120475711952342472996886284929821813119324343823521325379794474638341371434547655360869548786898852275
76 -0.2322151500064740027508842069638983168364152900041804437515447045828176076704729723412068465208061478863331364671617238944176077169591691
77 -0.23268083223909452960112486833214970279578206767371476893390578674827591929548055817602966338349167142179079655618723896676997112593411961
78 -0.23312838494303138292929685853255272001951779003125070980337099724361912448335717452573604327300355920805830837667156451129371311445637149
79 -0.23355874060195802611613048222717758693490796578159873179305739619682290940324825495477734303244839024136817542559403922842346799164176519
80 -0.23397277231558461935524992901865802338408091235327158811747925401312198006838796825173702199336202356576417702963975458486561468681097418
81 -0.23437129829314717041831109084872669131429509861780067042378684240774555757442587571257338477061873557131600972061400418157855013043773541
82 -0.23475508595425522726749152568073910133967913850602207404624634963590439642674869103834140191158823642550739776199073255060219846513532774
83 -0.2351248556758957621050426275626313769789414350414083168063014870679782940838812006656170537873163228274566515416289187928822673657809827
84 -0.2354812842201247429056550695390912545684110463878618525310790683176883587331045684119582624500003600329650289117645516457336847601862122
85 -0.23582500787322716655188630280927363723398851329258033464059768707294760060446670949425056039355520616520452305005910689351233406976000399
86 -0.23615662532382331473099018267216572200834482745176028196772790073973259787239056369356002856719931065830306002394399136595311572453006124
87 -0.23647670030448556162278252044855223923445681283015330104124831422276836932047955632102304851598686458221995276755164257860384869810667369
88 -0.23678576401885622229136730273655626669936908175879565498235834483473719675447630612848155982427120414160439897294436195107123480579433261
89 -0.23708431737397961271230744875572574330549472056417356072679554396320808179096497942436577355145174972140928418599537397738123675938211325
90 -0.23737283303554351995954566369955822026191270753596661043889949238888977717629841216825184127136314515382426931596370618579508310507599426
91 -0.23765175732193450720265473280125656378300564441196811731555173762908905293428013976493107111972797656753956179845982265714198072953773727
92 -0.23792151195142005630830281821509683880521731960817637258763455501660047455206679189976590598854171512802063667503763554965164534609132475
93 -0.23818249565535431852821931452555362693652775931923372749515933135124511790033057286157869039369554207236384533106839010058154571134019184
94 -0.2384350856690422002043164014041357551428808794013287532142322488757128139385953552917662068875098354088314757463764235409258670533920389
95 -0.23867963911077037307055481008853996401843450181661821290828616541580875038683825584993113598927485627280925254757431319918158270622354009
96 -0.23891649425850762605498351591082838881760259453868378979295567319597050330444030730341641473224398533473991424528478969969787641945305346
97 -0.23914597173287684557373075519025025112278335017846975072923671083976154933689701886713357830115192028010922849791109342049991465529041245
98 -0.2393683755941946474795046358436993131010126800678605378623334334907232054272989980399713423289408450154637905314475688042860108004522145
99 -0.2395839943606516199751931277211427107582071310359251388336131401863071943846097938669409411745649481488837170805617649222677600405624305
100 -0.23979310195405691638262867269818299230958981586717111056568082919072882124826527696945679492112450270008575860140606756153930342624896487
