4 0.571601204046302065865483788133486101821071652164739061548175758604925100183965157498932956923960619372551913770747922111888155334348779
5 -0.94616603792824123248927847514148819818038001609505703241054597101724487522996386024201251506978550571205818136785186445229259800117458
6 0.51812742327125336052355202113008246552306374160677937631752819823475964602430256551943316554288163707748720228433308699438158231559989
7 -1.50823832665767980676500981183850674278467690174749381811252960288060696497266014844273533764464874024509816011193566949064388967854255
8 -1.00595606474729521636270360218460378171834268998166283139310607558124114948015485867252662892928682592793728363749379057402794313734173
9 2.12686362530874185318316199446672742474714602907111488521259003477551130368952511532136190408681411661977162589686909888137102832904718
10 1.65237619147412216090678308325019106015006058612793979003505111861547551286918400390037913844830201206495923006306177638719954357592141
11 0.844363729400757569665771176476093586772503315259157906553350751097109884090351256618071005864092655368311713548606425697540514567555779
12 0.290905749935841778923061883145482102250235770070979057145051298921009553323939150028183424911152125048428873385622017445854657867629611
13 -0.0326635914135130897427723751253028692200923962671294768660187453497465255649020078877900380029215595638110784069990422786996348285016402
14 -0.211883596654022202680397174361987599248748966614496029605416609543017980968849839332070150248696947611308525003368226451086193119154913
15 -0.307744190496769259551436030027726445829964787889282488665727471135280070049611623286979598039729816928988692573114715445588732412057221
16 -0.356498530347671862883656009586993986035553502257184398495827206012500132833321313860625272171405496711689541843221370131010377054108331
17 -0.378744642105524105241169137789719524545366617275721601782891329450651686459301269076310559252004939931010756724165148410366746638476078
18 -0.386109918250222322677425987080075395785263508652948282000715395444315902648529496028705156843988547295758750997941219821478699159944425
19 -0.385199034822657531664494572105197139565558882143586830916574879283641057648381053981863807643950525770085540842149448463411989586212295
20 -0.379798783207228203902014278957396612612610975669766402856710652592323789082730747455883092434967247446066817902291758314956909220800886
21 -0.372097397263946547116776393826945818341797356711279984685542712105253789525840253442505693657264237234507384359562948371063299129822548
22 -0.363363698482391126096755780743949493547712529075439099430518734034112086345985646909001809246995655518102804006425385105440870687428313
23 -0.354330570238298884410670818705604483458827621694545611156437965532119372400717894203125306750366158357605523178979614500326572579433106
24 -0.34541491296008907694125158461894605702329767884467821141027363602266484751280867467655362766277242502151499078187475301280426170402773
25 -0.336845793691766279794763288954872276783943676678443029147023875033776871651520183564039594825657826957421804532082141808009326939013716
26 -0.328740190678021003902396955660401742773452740838521368773546960063207322636698830746778147449264526787436480897173562416047612492563568
27 -0.321148325421328235312399348798590671624412007454909211997258307376322555106237847369200570628576279254895166497852425474127122372801709
28 -0.314081067252978428619540743505595055438374145325426298079546983493095246240308241177967313385847319792862543832177120674193348622592625
29 -0.307526618349077972724227003144264330888935439341038127880670873247482552101863858466185382491421857040067090477830381546645593832514142
30 -0.301460707980778453621464616407081263497096518436550571344015865619056884287375496448069654824416926776884049582291825973100379548740075
31 -0.295852814444329010545755789603181844017241649988204367623178203155045380731638186881867700168268349907923982277155749230624462440918449
32 -0.290669935204020241109944036963696840399043175143747823289162756845317749090111582036817306426820753702248244941158478042643556283590013
33 -0.285878834603099337000779539699489090401524327078773019284959103402852037426582988152229566377426631399441663978760302186947932318820431
34 -0.281447343281125518564056691812037673636258728881595243752832507091939951576566281484974271104825345920613877619003874092786110721153448
35 -0.277345067208876409112835717071249659685771438589146832331678842565547676447737904094272005857115783691412076644399240583308159860496323
36 -0.273543731072413799604361157572083768721049998336073962783328334690153064883600785011210953061494086254667422230422341106624202592743019
37 -0.270017297844852752378660206309160529856688491072054420589977946594441878719797945093612004320249467224787228207913031133849056543913431
38 -0.266741954316200851127055472567609806092269380356133639425195583778601339210249172395409429318681509332069566553249079987568795006981232
39 -0.263696019391825437365523925596735565274490857041052201259724868205920637136911992574545197466131941218111759579553399269049294506706457
40 -0.260859810976373566815159393028701313472879125903065304524990704166897656966229788592018776670229560983135915273566342184244790547835735
41 -0.258215493827756225928942957041731790877867877295203024596033115741838373068647925294457441254585525772381943974138096169416601996410016
42 -0.255746922149760970521901841112676092156301526270157246384273087722133020910937579864888631968565000425558353450417055320238761716486891
43 -0.253439485164026780151757010697040461532836477139860239425852560447646551529857493171859322313296709352353198954071395084486554029073367
44 -0.251279960365265157305596707426129880595421473035683207820011641386697466086014934104266133092265523456163973754291373863393406149407468
45 -0.249256376915480778780460130205551490496016882742665425568925649254560755651023724929840687456319522173309497468919362554958145386437185
46 -0.247357890220942838079205012403184794781182732107812297428621595878429019029158896957155192924623281425412675287131027420249826820378337
47 -0.245574667866373856282850146724148940959997568856843499425590223158760230943466303465915097775202545666037865349460979110638630649439027
48 -0.243897786563124176563098000501180236985401554126626880405865817148782839183583174204996672922619385923732784262434997677897644826369531
49 -0.242319139477033210509934100966960455141712655907501865958307146894588317579511714771406791962592524411662757395483815725321466807718269
50 -0.240831353155371126879159598335212246114297683861444644103595973999341834314636751473977392176753997353209574519647824920803155434855395
51 -0.239427713217030971892757672982129210822806545044135167277510434992172601700552196539117321239517948773060989526189784569879364956693286
52 -0.238102097970857577154601317873707829817500964832485617316002346198215384503133519370970561874538900554968003757379258909349191911862929
53 -0.236848919160733597208341867374016385541335606792033081549783285709348884828176975452972191949208830747959704940541105644885470457889575
54 -0.235663069087948409771549425291395526688053166440517653465232544100399511392134255594380973418118902329426254611001621507770426775691492
55 -0.234539873421947335164327411424233826949556659168500707533734822365743810264368625600289887019978301306483393497469822356632581218578005
56 -0.2334750490738208580308831768453304087142264428771008075471556450956075514483359351081833158451079057182811559341054506217694785740771
57 -0.232464666569195716112097350624143277687668550338180623401108968504331289845616448421876880254627569880524162280204115483318919749893817
58 -0.231505116416404962698119595966481460638956178907251884059364218740799045390239303902649833794975905670188344107020044594360237951887501
59 -0.230593079020804959272492784995356209668473856876333496043910285093915106834948101225916569172991728612224155778501818793015952699604458
60 -0.229725497746369878812322559876910884579174671183282327533079965234863457455841514709996311681284450505316057548228659268351303837403418
61 -0.228899554771121991181169000852882168456912133861534753950448272430997802480967359141374411106141750435002176137695618385973393646616621
62 -0.228112649423682674149430845111330454073856096724990785776642296963478698935540211935104928195190544099840459025141975610397761419061033
63 -0.227362378724526440337728471277259134949227126601993991620088811911673715722876521351467311324693359404878421564842843829113567302270631
64 -0.226646519887730920102897466160534942898061886675128906729471600740533610635445158823592327700281851263984005155628554154124591332843804
65 -0.225963014567510518979836067581074233677271897035066355587597810799311435658153483399318021694651737203224343240316241430919626380026223
66 -0.225309954658972752902211009381374167294826796474463670163706553198579064741593842659334619760257894835841928915731575888874903354623774
67 -0.224685569484702016843029527455001055077330857587829883134919282242739443289914732557217978591577050610522308496583729977963253877355093
68 -0.2240882142182903699465266612347293410102046482059503622899372131809353147922182631610753144224521529557914755611035705593090245566253
69 -0.223516359413105700908086804728014458427186930431609118116999014044611138879615613172997725097801533964126776481214942259261243054719574
70 -0.222968581519692055166341621288866075378309954948985687242028835832568065213747501437686282697378337595257834713281101307466706392383088
71 -0.222443554288483784917129217418938457196238819572081397168854315261488681856287787273542247841367918161712198710131330385091537987118596
72 -0.221940040966205887689418791383230183881011292305533651219402498075890577322154332298081879030241243761326320033461400698244844470319109
73 -0.221456887204623308974301529396275172878186596713434714492119696239798978096759316549795611492682310700093316509343646129145166316001049
74 -0.22099301460936473601206711763620777130102372158350572260741357784234035516274622419643339018336711738331587011260521885492663009884887
75 -0.220547414864533202965625155130788503525130069122304437726241303932614123385162530722842314193206500893026371236524886939763611724933706
76 -0.220119144375859672943677002775216284320471457676881372859366470579588928332913885816070880880711956192372304375564551225030704060087886
77 -0.21970731938137310094967345010172889633790818317611630856146523660066814949808784601288761839865075989619597646981120765823547860011462
78 -0.219311111484053139852778097241595072419504640591413126397234457736908017431448008341376184402953776932021911226497031171975065537964124
79 -0.218929743565788612838115009239222595694329988793932665697790406551089922107817086551438671056657759836489589697049307809159607038302378
80 -0.218562486046263872885770214472600186189218323648138815339790741447794221800207820442138164187668493588726471983224544014467989706299808
81 -0.218208653454204098164068939574933758504613274402613373536706809300027636086315752086627111133183194246624937695653319982055203065627323
82 -0.217867601281788740629866066852148808669953215162906992740044692474507679579433235637217737631815430229430746155323320463208386962720336
83 -0.217538723096041575237555659073928618717494974059671597475498150180894779615971323843653367767766697047912836187252339437196260165125115
84 -0.217221447883671386794074114283699626575402113270853335860894063485675900693582726621877517873844078615586325200105527514447230026968976
85 -0.216915237608208896463455393634231890563960537877707813704733163926244058610290284433799129375289248373554576211533703102495284218688811
86 -0.216619584960397737995249966690955643695376447966757022890668548192411285850572932898824114048882390935107384437772557500639282280895118
87 -0.216334011284680503684010588625158257151875970536841201159664019874516120148461983405094075377721280598664017177047634838153323449481366
88 -0.216058064666301697321548191742991493522003406497837751323615574743444553643245035680127608317456367793112822070327666350106329020556712
89 -0.215791318165051191063703279659659611558764699200186595233029873032543979743373248670429403125459059773818867823572248023356676465609665
90 -0.215533368183014969383459478985303960474702958775432157530525213252597601236769612892506380623146895797053343396825447319329034025023906
91 -0.21528383295490255369769509509257153447327241606907728323193137272498800853273035044937855784187831005928017290310244924753347771004833
92 -0.215042351150598363164297530270955820387165517641050131882455104611893986880827448173854928417333126461143005765928120619543422589668788
93 -0.214808580580551312414863812432878890113894995048640767412505821250161504350866512116126913990917623112689571433879069593514356320367152
94 -0.214582196995485450756593902084721526963179113454725236965340942229693156379296106329641729486433746458316006717128665864080860493958946
95 -0.214362892972695235569574079158384216923749743690770468803301159753050499505754427903541999603019331277126718965123024835052471376298918
96 -0.214150376881891662403280686465394404219844422783159582060323593626656410828879339394109650316437376600713475526520583232627667034238069
97 -0.213944371924198391053457047281777677209340498230322216799447610884797854649117345557325712584926847052507571823351395614190389360650382
98 -0.213744615238467681060192008605772270270915247648249173964722342206300474797724779393047981546230618330587771004475807158794434737697806
99 -0.213550857069600996081324218201167286689522108517212384841862495511615482584836917493977148662439091266399150253660555638134477734811663
100 -0.213362859994024416891409803921998969448777751453190141137623942805119509728092145573631064978610725670326862234793474990031992597007534
