4 -0.75260445163949231141429623073801413441359858896205298462715792566004671238953804491627321645772239950858348292360841990988581739509977
5 0.40432349425279928986017021949684675548830956693491184946200821369343215027723486783148843332884919875390735752167515481814914347023214
6 0.87804157815050841223058123403838492952829940200086466069769929104027760876553277123753458680581244106131757748285044653635699236258093
7 -0.15333623364212232271232223194726012790972750271301084857451900988235350082835753864353092657398285357865317883052828817830901756593912
8 -0.96928024296901291479578289174689546249392907105797282157757283793190713357507006174175462973686319825019178316152528329729768841063569
9 -2.3531304949821692969242365357895479185515596555022555555345156829235905094593739504077917289163732118248949338345563193904213899036642
10 -0.26189330182681856086281728967235149382517611665436046886532225088295784135660903311154858674974133515606103807584657568670325335571091
11 0.89059139181587962002357489372804277786733056512073561632726039329541547352558815665911624279042015306054775333408926526299253489780562
12 1.2847384408447747485790995042829151660443844838823527950797878336131818981311277012767701045176049511636269451091776629058846307349586
13 1.3361595461610545494737868285982430569910747188558738586488088940443431232019309290964653084832760464655867048482031362057941676207363
14 1.2595527246655512438122325320584560082284586697009624489761096654706903770705720423346815687729725230449679804724689315564046820404529
15 1.1461293627716644809881510613247483691873164080419504188104186262856699436555567804417918552913671705326108470669117016550257666745071
16 1.0313739864688670170557830421610071373685045999766568298555083589007263631510084315830300097565637185577000685624591074857224931437804
17 0.92755990331597073393667119554239101914118535045462790790893310672394458272359886084414718444283241894473227882279532442920090854889594
18 0.83768379265226144075330062902930608409834387041283177344308015382653807754563829282018535924665945965200478459365869960318552371926202
19 0.76124906451052156307068885922596824746873059987323416282924247178093890674591518519239572089653040593554349675428550106305938961062428
20 0.69662541377130719678952662597899677995205029380657668669367680973856072833760513296490338277066208174300352495245314734153242615916773
21 0.64198273384916721969376326070849426957492603078783401519132453092552183920103782820633211656515641497705011223225086800050509808784233
22 0.59563352956805827494160212544591074030972010070788738183960047319537790876449669080240395231736315840514451660848032109684491389155803
23 0.55613330109642276726049631252707885614606558850286946364605049326287087405675577771290797592629151888085586732258720098202669516608898
24 0.52228595782371772961589388586912991376063231215527805007807840457515126384782528410878759249494696475859113376575945613256008759748336
25 0.49311589948496153712193270684526183209405814484255001162906034547793139628564803370627500814624873698418252557529232773036679872477858
26 0.46783201839907557237327147587307125781653967116759854273511054480893648690564969052666193591382100434288334472794398261481870433224538
27 0.44579334462028230706867811640798998670108717362120148278445596191508652491571402443367084660586734647756699453071931981263332159696786
28 0.42647949879809827013901483114517383725526211633402050202455216917937413725487169125344557139464860839054566821763703205875089709069471
29 0.40946644823463061969815621860027322437959941217066505901944012132492551899712615945784195760711834619208048984872370954868965833007624
30 0.39440706996069194552557902092741786977879141664266046373200431412134983290415251847959236753000579364935663790167824743926451157024962
31 0.38101574183383475867316357582138948443883931868183417929475559997818983750456531779929597968546019875006937330082834134630712745722204
32 0.3690561835547615409991247051033119715022038758046693262290590678131111371775972479096850324523294461011939123066285535769711416910403
33 0.35833186966297189666566872650438922832055327840117086215539474654499672619111735736128276629271891444763037991338105386353828603311823
34 0.34867845860374637521907220520061071166368340335270911965585548721743786930731182553537324455804745407221684329418745406487417118907508
35 0.33995779580996731918080320645734770242046543335214596924470685981760503764617505348298111266203939890894387262430348615287275619649514
36 0.33205314489870035859401721893270757913644416905896979652991140489047150891193652907028536751622045417875963288364237286023733720387997
37 0.32486537851046884526011627703818831697777025612063585248508886174156892839754105601154616764504904704212113353291031199647352171457301
38 0.31830992111857133097045787408857845603361465352026944190925899190664371011041533505238211236718869591384543832553591928642678922336789
39 0.31231428323765999351290716498158943577008990156387617539336398030413799837183299938979252090247638811888801164414369729869739510516572
40 0.30681606270162957134637994053768959781361279221588476037374462349117847578774128602383637858631455096321931986650764243576601339165625
41 0.30176131648660045664702911918846109637124035548680213319949933229754524944990726868826571265346249894875811768171312582079046563704299
42 0.29710322788331338998790117957565532902472781596596343572071607364784927119680382261820255682691015976331254368478722745564260947151055
43 0.29280101020669162987163120257300061336367178550875138815783581205215516024938934262291621590121647482584438784636088866555466411537577
44 0.28881900084709228483646624950048335332417917968777586446083623166310739080105769352316349103848201907387151039915524617417898512216102
45 0.28512590921564767950600708727356224697744378320474499239017423231543711657941807846850812120815373491431453047186462561175528214204695
46 0.28169418969576054400909784671159136362745194502446365975983103120308981932757044332846169879088142164269527844767228022930261248649821
47 0.27849951659936421894642284197040053506808241179828112764572777592620321146740446843354562276596629829185956006570416550774696379101942
48 0.27552034272984087159486724859392366023206015681791890826059373366478786952057712431262475891897181902477572647324265897617744701500813
49 0.27273752676899025965231928398774029010065819076375278240076332875316603585388290224097930193998575596625059955742545513062855175783693
50 0.27013401755764845480666818926255823218114512187328652170419672479923404059036900675117466491697202728343864159024714809536794368828066
51 0.26769458559953483846497985156703888833971642239010062687871557893603227463103344680879565282561190156237750157979395617731944240008872
52 0.26540559391645798423208834937311878006073392879218741258374725571069288417500937893972009353645279029488640767708266188037516649393008
53 0.26325480182052379379242230759111061657932062724526194124483749293834425885362397919152655674487951951153187188135447449816587683932501
54 0.26123119632280846736741108458963428768105017380516143690888095389018103159382969201702168377155817607982800644256076966074585831442611
55 0.25932484682791778344610831186318394833603506342873970552867925276988291766459186577172481616147513821266423992544975783616774776547806
56 0.25752677951642743093177451847825906846666468111401807059186505455814435092318849301094388693748112221468171217504590136299924091503801
57 0.25582886842863349467774036543340754471535127047311521852172485911793702000500090917255016154487889923762312235592190574866556702694313
58 0.25422374076172295796535153889328936437388438611415660401563996717814525033006074222692809233650677376978057995919408561690391329282953
59 0.25270469430072038240331646402431464491677340311198875129556905827257095710930946873340177437367902025833403364031734004277028467924547
60 0.25126562523899841947048212685269371906060239367541686761207169882731540580174256791406624244442078185126301830316922747287840238983988
61 0.24990096492072107751264099076596216703201305525141303529576889422051532040605122329958827681150438261030249088384632610908920538931191
62 0.2486056242664303109187622628990393384052991180227530484943971251853999443268898951076100475869481477332540042934038702743011407163037
63 0.24737494483296197451921029810615870080897582349388179808411681868397469787741217664165172582393253292743594628501544292680268273615551
64 0.24620465561709960596999190074363883411164623292885618786580526104436995885930662728474038914484232339823484777337172021492755920083131
65 0.24509083484456655927544661722023705939730308830079886503172112248965853892188562101657953087861389806237417104508901966078693490279824
66 0.24402987609673911703455984004250296475116539757065542031070859893139949841222377088638343468448122410330586784393442719423070718128619
67 0.2430184582205787020276948584247773258709161691479923489540636957720971900309093204302049866606490198189789579943624587095500051273696
68 0.24205351854577320113819305186315930374882503263165866941252684977099233747315169031899685861980991895612188079900343825400281493375513
69 0.24113222899942754885114311094303264112846606392501065391899282447067639940748507338404113476594570408031257057280810276977778946578853
70 0.24025197476488274691519563503877558321086259634862560097583072209192253440386828360142366265554704673055710201297489378258303659162514
71 0.23941033517903710218337756571662327945432677303468969482517568606950050096485037642237416851102633809152246656099139412324867835770597
72 0.23860506660326575779284241560686152463044279932047817163213017938009678405955187408718100661676291565341469339795767795932875079421709
73 0.23783408703781752829668355167178224745636866033356482688386532287642476795388666056085335417636972980750216651853387412424181393946679
74 0.23709546227934981182561985844041109576673874348273935151062037414660645830669854307227592345227450646627153467303543893614040585543392
75 0.23638739344682202625011588994509985980535173334970216978402420889867141715191741057225140003203586502852001182730178304744956137185557
76 0.23570820572295433979889220337831429576907771926967791672799982303201286104139768742325039472312451246544638044861431710120749405864268
77 0.23505633817741308182975456114888614108350977380873459993286407818241225612601983172784696433244281078517658466639529118499787439246964
78 0.23443033455426052881022970189675029851725993438623317780044192538212256311841897261674266617305726376072129879784989730341564503602045
79 0.23382883492038526392322604215315339595216492434926111462093475601526260148025958943938502000478712984279968014887374268803950095188754
80 0.23325056808393011416161125464733328817713480801482009134302844397786501992692506241168808780924195203631817428448956512837066076790238
81 0.23269434470242772614171893221503736557158217412004693897744083022484684510822092030263938152584169027118457250608123671240384149900896
82 0.23215905100966733631522873509881206439972097062305231871196129652996708160412462167683732747944758352825152902052339876240341018703564
83 0.23164364309844354611471603571231745391945419458396476190850570542422387284860567112873217018161571286696782641682348133490515592195724
84 0.23114714170344308086714778297325987859121032780987695745417863786591011636511098679044524026519571279573296578932598864152606262654857
85 0.23066862743474828054955024346925923079134604617180960898959938670831082775738256107882813035320025272523996102293352047482050568901133
86 0.23020723641789556127322459444741255475473625987913819401295934344047305956503469851521671312382997856840587117219995794081153580329822
87 0.22976215630122509105801363738156261741567901853887032294475303767434631521740451640851320388959977924120882817281523343979767036581791
88 0.22933262259548160246991252959211423684146050558733174908783029022411611451620510421144202283931857316195424633304400175578483978070663
89 0.2289179153143503971202900600414886693637692901223811206502031338460171122449186592819775569791019695209663941508712667023395987545374
90 0.22851735588790146290252917569401523597077543534111196360238215700363351331083346341448733391543933314894687718120946110922286768424437
91 0.22813030432382358314653133780075437273004936815277647982013577031759673662697223796877948051253776586996153620852722841708395057649941
92 0.22775615659390713117254947207982566566899968936965519349284644189599663971703500449536788794084704870119394512078016403924890097321254
93 0.22739434222552019822717704892649771975546133162327413349574269682193240345197561811005878526382222492213731070035159351245226856408444
94 0.22704432207985354382850287251477151523145409544266375779859587335567495964801267877148547546327653049382470010492289028268728605650756
95 0.22670558630051658948043222191632562016206561066648244736009469524444102699039194249936203444776292861900148292105132775485388764438783
96 0.22637765241767623596902621196545390133278893369977174451987225999735657205040197183795507650862796489559168810880675612278419365766444
97 0.22606006359436611157749712489039096481092344469852230172918609777412155063133514492434152815932830301062149917218817472298255093700584
98 0.22575238700287638457543575937201037737114444078510591196826824352724299420338099596710702999250738517786448732884898600210347169442495
99 0.2254542123202813340181329268116133698936184815844306484231250027583296882262864493302636493117826095723780263817030344927256355788045
100 0.22516515033318906224797496000697243436328812496791982809502241236584506271232731565631433336203880451872655675765666962979546628308984
