4 0.1746385895436194763124929813208809750824709241882045540604133770600086587447859083721300488379523904667334334498483960478772907102894
5 0.700215336493757519041035235991954772062215871142302878651552053645361616939439042910795336233855445042184928593416726432841829170557
6 -2.092025182633595360004902915488154715787386994161476004262459585062678710608875873474650170682180563965807887430890456484218697104307
7 1.715442665810733910456335039356728351660146334544935388262430604001539070091435248298527542502956384989964346664774347344422894343813
8 -0.3464178671663581163369567266688793871449601524652409962794922134351756964527406438695669205696184608089120718096631699573865491883381
9 0.1029861411420963915447377406718511939465069890950602098440155452121107463926721739838775887198011251038709174120786939782424513342207
10 -1.886241477247637298344648752052153394942812922058131539146875853509106360345656527159168157639468363664491390648628833041098091066066
11 -2.000008530973210487520458876216969092728597023448754300407687423234198907893818249048702943387421501558779343043114560151721099595236
12 -1.486857185649071250934100044862695744548842952869939652609956471848983498157323612485632638884291184642882737535106616797312779560103
13 -0.9386012596366796004942027104320096636856858107329679218556656383291658868792019901079017888985488154473504721411601284510199843791411
14 -0.5010133568613133933831915581167634598416369998108429919060722233580693844838477894220115895654869390984245568207410042734797328690462
15 -0.1797178238496338980255270033037905417676335879477068261939873092947896091276606372452075567299431291286681633696748355549985462296099
16 0.05040707459111652618242962145052863284101887357238879571435110421434327053322358561530278937794183977140024231805754311274645713143261
17 0.2148115084991483958405482097067615691510067856844942611002906712694544323325056314213476930751867682339826685216739131676618331937129
18 0.3330649932562025564693694463007393743865435039612625473944631338998631440174357811679352916732796544064474271832161931485907933958169
19 0.4190368526266531787889115732767822549055089232168432479330314744238633605204652598637749896800387495874837645775378116917739768880219
20 0.4822981635015708919944063971551622425395598850302893873651060877572996002038815068443931676857896577723955622398500679029007306164823
21 0.529420716003171080984913862260091911268346193583975944160627990034301420048734513032465469392506990898599790634469782878645896650503
22 0.5649380479708126932974215278659107352818314861769282521179265614471594751609493638916580853377849439902882727081781547329726213109801
23 0.5920065546083347467484020825959680560442273139199111416251684301951899185196095200875621246561392863459966144345546481996006457763649
24 0.6128486859688086256415853349395819096330673708939415640974046224291863809719937742425891403833875995660480298352266132378258567969543
25 0.6290481943542167406618941620676587783282875306135430373329426550173562648415233290872484216101035611205875328355468126702357474238296
26 0.6417474020595796923798001060355024225064381869668902262565222197315345719673755940785494155618089401040841945433241633361897043971216
27 0.6517800077054717541942906089912018407439509631395832261321684707384594137519484587274997221575604846129669028109874856377321325058001
28 0.659761384751146419814633968313634185860066560939506391165838864292888156402638723814918930034347813525597224711124045958857258727611
29 0.6661506552957508701539305142022665576842982177210135387611375719656086874369784141043296841041671885308885430254304263270413806545244
30 0.671293848619703586963628824935041235442178910728509763320847551610284983795193285100019246563629152934494629229153888706173996595013
31 0.6754542504244803526727072462883568564401891479854538922058381886035856402806695676624067120130986697722573089860791308363912086431335
32 0.6788339824844414904062964784591866344418370972166465653057936720486118991649763044441733878470087205399984058333468125141871470761484
33 0.6815895120098608398516321795006605325756235855173103465624459901500858121857497536078087801811616745521193828114714782411972084798581
34 0.683842913359430567170886824839310124933052477595301336881197352354309929934105188828241152705641152894597158841546037594913924486561
35 0.6856901259594407876747036955940832020075875048865623587307600995990137591857052709244940696224379885327620358313989482043405214803596
36 0.6872070663117574468928529277832283902858060242768805816612873178765733297181391342632573134528882759429962993220289452249560530832741
37 0.6884541919166721994729724121541494851870780565698477574764934558808474631289268747225146477807545472427922776391093590974068207308341
38 0.6894799379126734708911105703277198643014283510256440971973621421205349038050979991351581784216548602941958043558092865166777173864373
39 0.6903233255088904077466017409275331309581972356429844821885561415209454873057801109792180841291824265253813763312028638945891653166493
40 0.691015956755545103284679808508305294201775820989519079224602969911103625954473111422384580350852786837764575866084854945229530498934
41 0.6915835509347244631255141955902440167899403692929391851043128974582647409422169599095818713434232036923121691898213730538356727793756
42 0.6920471359213898107168923596501299340540015663447178358534251035581550794057817128604236460073441694395635943733735512556484027308504
43 0.6924239779310496013425783262828799483266399856840913366503195444164852768541606132636864665179994689163089785740406255826112773495077
44 0.6927283115202593229080267722812025119063074182201000270606417837349243805806538311528571676176196148479181363440573618887408170649738
45 0.6929719160644741767665089973689916629702875963029492149660702128264871810730095691114341273707344846867724125820384436584127401489172
46 0.6931645734959031879344426044104672728396162794340488706595920197771361749294623914423717330329942455102073943272138838494384799748399
47 0.693314433651574062712734767237438060894175031316608556202034452440878455249030553384842066261716322312629207105633352517321673505716
48 0.6934283073227271866401992543604779307841508176474366410017871317834592727995951866924888206430412824318618045454078660246980349071763
49 0.6935119024188912686874531888084375780759141126019027199472942032442186934289775855633257837141564676124668698502122571799930909128011
50 0.6935700151410836727341674399567286567877044837955092442932897020650193173933602506756799731256264780973973152178701182835717446281608
51 0.6936066853947921247877619418479878609636599162286285659778893222978057937299310137811287077427557926935037127121042907370869109225603
52 0.6936253236447887429475141379556426952329781365301944127105783308897022328754031358628041429704361591031966609204679541736924979025814
53 0.6936288148600314836956152421375331414748113668282083121989836844114771398323749115369831879640100549864064607404193522854060207620011
54 0.693619604000208968386114549928505363819514989379494329557059136634985228460232075193071433615086544598743086532506977959087829686593
55 0.6935997665689264739917244628812743497634085402827598803653321246766180643511331675693740660807349823974077186322442947548723312576272
56 0.69357106703748287031993059437730352139889295387641569230926255261464988779417190155382154923188465841389832693725444843220660540335
57 0.6935350073793282821714417232071223013986689726984723572521686741217348699560211491956036071894964178788955689724575825192321194065118
58 0.6934928675122854111558061104417039707475019476956305965947388901700124918495741714234181366220603826752103459691412549619689746261258
59 0.6934457390959925957716997826416253032945446691621251164989475830246451775040153587804371928370978254189558252305939943590902083850144
60 0.6933945538549043052577532898226144460947090346478707145534351772209930926758819431598312994148784197459975813092626787553189231517825
61 0.6933401073766145492923508195993739987030395352183026102217094551336382159957078948109448228781321309544806042076502438411668554512078
62 0.6932830791590060908502837728840767869891251412086727330560621684133586460982348258800635305176096862543747941927877923806134414272653
63 0.6932240495383291569832361684259043924420797427699120939246251754561013466226396776207439207833927752808789142672226158474045522598882
64 0.6931635140164600055677355430178642824361041782747711937019643566887656911906484615712383474118008546437258554817270622283517389642888
65 0.6931018954135875067267466242532987922374643534051422665112692154077396206817933474685447561427566680860275029921456223048004473937823
66 0.6930395541979742191291761850726534078333950678282592060562216222172382701135530582751379926466787133275560330522648950250710217363268
67 0.6929767972837447047484632551212708558084140291563258431938378198904158100694554612414658035643158061658409937162012689329018435780165
68 0.6929138855381163993847601819217732369125666927461127888731735577882645473088708816217464015992582208101880248531039104478635797361325
69 0.6928510401989310599173937445791658175930974359081846481900408040630486177012996730196683528716431650211729962230636367581380802815032
70 0.6927884483700401937966659919750176924061305546071663589073819085005604305333758375396208282245676542282861074956267393807123806125857
71 0.692726267734669781688259696580128526870375077888648355801304185375865299333532845246537727676044545213612482108886706955856431713781
72 0.6926646306042379210862949424226758196399887358903366879652800097767808961702853565737197517036514692494354028054309113470054390101109
73 0.6926036474013413621291032825871814867821337945705717175755976051791794005210639318257083204422675246830362298003902361147214631735087
74 0.6925434096600532253243375026522402397232387279156499339473790786182540001705334562112631510664925882846818251594481000585941287162432
75 0.6924839926137113095906186040055991460221231096584350143463273753178720280221390071593863575057392103822891067194689423559943224879929
76 0.6924254574295602218712920232656924069394680146021154127632158256265012904349498144536278068744442827064335672472629704106449474657745
77 0.6923678531405641989353149639281243499912464861892449075070059539723765502218310850396889020968224870142597675638678755285276571644172
78 0.6923112183171240029495322648724161708263725235838130561865487120634305056348957491326151849947185724500451551655463847537508771568786
79 0.6922555825150599768787565977468471633070379195291888575700198745078913460701264582607938270795964110206060668963946601328193887350455
80 0.6922009675308589648835333884729924309742630425145811453423534715431504014840505815780877143525429959935700376299253440870472288579814
81 0.6921473884906567940384389084049734699651966847637333734362033059049432329161844867206459563586999108625712294694713391459105657318984
82 0.6920948547956016438391992894002244608332914100709922585947336351329733625994434715624147130483846646839275888461904826107170360494056
83 0.6920433709430024207668070014113390097049503764352480298623996027810047009596174011678817886689395343979994245167638674756905922163984
84 0.6919929372399155154668663585620372496007747553896130060767502736929750770460787876875427257746703135268394220253828289186675865988447
85 0.6919435504234845427575559752390708264151223171188440625934780088118591485734265194793912859545093318668449658227855745478222676089967
86 0.6918952042003556127010613914565300820659465224327763674267217207505985450676757785682529720285860730485559061513868957703616923711261
87 0.6918478897157910247013808767936240132445667070398887948213594837327202335319504455821579064813239106775605973471330076430539588669139
88 0.6918015959616516728525935086077545819511841921866569613742947545919598982347161687631212928886160888533112034406661049200915165759651
89 0.6917563101311749773597377609211992028649010311133409752049745224351386615587110909049644992192035840555362930274203432324915512290296
90 0.6917120179274090335400953325919652095666929967319531840502894773224196856259464043145529876871659826244191071678773250869327868891213
91 0.6916687038312482109117263611691060456819753345632174443354787150810192631088287610119685847745184067824479868385085485596252127829347
92 0.6916263513342281890568432152192213984736420370746183590836301852148754302393110619437443685711335672198844986227509122483614612205606
93 0.6915849431405604604127299254569840131943116040913475982946364563717469520633252580825337713456326351883250725280898398080912785745195
94 0.6915444613423016829375028392918875869498289016853476506344537942042977599062079486212567145996029432118737316244351280385575858793701
95 0.6915048875710484097193387889377534352257916890374171389692479177974809239679892404375148508793886241115050043191882153181255846729832
96 0.6914662031291112028751831459824926329923066521880271278232651057316027868245128103150366136670853101592528241137749446830874951601181
97 0.6914283891027442320027991597026058050182146291433247769166016737200726335372450505267177554650372110319603667305195000056403383063889
98 0.6913914264596788957971913078779679825183275011969514856066248693607905225091704093627823980151971298442671279291803822014524341358228
99 0.6913552961329257489294338660276472489620247007044430550195437179526009518558585571137159234976045354632440070243064640027251117321052
100 0.6913199790925620600909842844958164498752656824507130089347499115730957319016469186065817574613918180205810316435825399590965056660646
