4 -0.87800545216886080844884988125266745173193667156910282113517873587235054340878905974537217297511004778770185101793716024740689006
5 -0.76659199419562855811137118396038866375407571492324894718519707930376241179360313481365890555393903751676156313597579815056100969
6 1.1824453092807016771501220048549289997362442879893924043723308564225958932288683780459170859915791496768635577793027470496899136
7 -0.55406281249350888090558863800407986989382394221393558127663990038309088119880651808479742645102504559836361424351847225359261989
8 0.86555697386923966633416669032649145375662550856673458553619172137757690477683992733723998800007427862774225450421943006253595484
9 1.1940305858175615496922556602075086626322771462076971990330198275240485783303151371639746647558172238440645085771997932707609227
10 1.1176680045334599259908424061271005510813139434496712167241320328513087818226653969775490978516275736312608702787357090501347671
11 -2.0159287877278077679182320195817876126901707878066120558566780384562659485815359318521890864538112277780855540450391738602818001
12 -2.0516514136855403368055820132210505264148031904052079730308947222874596304824934501888008136788589500215404614723345207338949051
13 -1.3035096108931471344369830025001983754225347864977331352026019033158947516087213442924618384087742899392315163719167628506520264
14 -0.61591917388473314291366669018049894435168411121630398444870115718975881047211098385092534533530074857146600939519280954265059925
15 -0.12332112605287201260958124120005593978879391772386842205444576577521382718193157971026646167616904051408856724726478061791695839
16 0.20789506610769252502321766637413200503409955515560875567247529914341026237627275739899708135409265619268606412533939090348488462
17 0.42832038876454894439676517089633219685655797493969084031593414828469545450044970861054526007067508999230056700991275492573446415
18 0.57628801135885383370428934100534964897149604142915846037044374059750400812112699927846373786741311055996186405496031833227535239
19 0.67713948393108529825621356068505724762960264657803505885876023330292960665765140941921238331688758103682590182763932258958681082
20 0.74703280253503303214180415238822036579571644910687385769051542459218891986838213773807364216758240427735905437226916410582808762
21 0.79624617150021691292477245510711153530708433953374267206355762720951351845864236310255803166175503629073212258195707365055769341
22 0.83139088372548203315977299061766654198698185765556665886732018542861027321249989960129122335491589929214099464444353911467882359
23 0.85679060240561462203640753215825304377172504544938226349766050475908538769487569997918895756270859744239462791669138547998534279
24 0.87532527818951897260249412569789206607722416940204835003352136752870284435921668588910762889077768175652328186895271168710241295
25 0.88894879414756063163680380559640343855477385366107612413223893210585943528590092606393715304238052726633394687553983548484275827
26 0.89901023934475650770992868378286797637177441571850955073538783368925214510032379749922890506531796090816801907105020834980456987
27 0.90645649369020332464749834628739950783419709987331107841906169172621127493431367665328552883673499788112548449579828069133360254
28 0.91196221704814631814260583164139655285882740468675271684023290339057366227515472043673412602379558848581854007486517632199817693
29 0.91601474498319844746699419341345926181479048779293557381157768380789019462301151852540464543169693434223668195641772786613085439
30 0.91897049870884363487939424667707460649293107226934751143832046514690031631298331294199916213519383158394804859433292271061949121
31 0.92109308942066083405057700780476835347675263967908877115452848629318560302232025036723547177237500504134545284559275669183044034
32 0.92257945961385126713226815108597770485020552003570969896259898485247669018291414107857351867069277436408197822335385509373164577
33 0.92357807902333353696316114895278535697227689060831272327296009649913946404478295040633290033845535940491409659426472211611297198
34 0.9242017819718707455226970138340416951189477899683231879331826215292684780240764937424952411460021794777999946047190483557980684
35 0.92453693812193401602216899935932931664778839411646674444643864300127812904775372812723209600805599682973836512412395943923083143
36 0.92465008015096042607678380757380981656454619387595506151246677354223463737787869619034950062259172626994938331909112630776293753
37 0.92459274512171802693132763035971769401890369226980188449863866643464618247793320993708709608784239261408026631617957758759862811
38 0.92440504620374619362027217573660598589438141211496258044194689740849715785737001275613502602385881287798073636660138239340947787
39 0.92411833197170353386030065806989258832818985181233950125218972840782978048611256804353349179154722412930556375021385572645108033
40 0.92375718323034931760556711303978199055617676048665768856389592385309386018469620263118507474757774807015399357203783630824649073
41 0.92334092421820476935535944814084827975679104460338091492513445992783730821042383773276919975568684871082702508889024117184735553
42 0.922884774638008111689272853218748099695273069033627461387523596808352685586081081637006779676065378935358401467606982706499441
43 0.9224007338149806606561686426370728947485547272606067233988538008907089994288023522431970017389448953708705453996456019748137169
44 0.92189826351557413940781224051243956075679539406306965151099783015759156871191583921143226689651179622252465102283551570126924973
45 0.92138481833063512128355204515944973101173372127353930673025398137990797450853040912289382795909738655696114212647299079395161928
46 0.92086625986172851254890285039324206689476176568721444030853598501439521005693802973385010301907372974868576732382160644212219982
47 0.9203471817695207607766443435252994387843680819854154227374230971094706853353191831937945904786965178494809211740097313559546179
48 0.91983116603389623981145512785189387811438181564736819461163846373104248367389499542468298251382506721113747874832708394196713035
49 0.91932098583328488373385630941381170754223106581536827170147124623326040826071071054709675798703402388894398535285012631673015885
50 0.9188187667830342753898891971811442903720197582785094217804634512371959499967684783271297552889608135179904872092723588182888009
51 0.91832611553173295308345977571211893150268166706833254193582182517335289262010775897715185260110326253214163620646683447075309423
52 0.91784422265240919589841712806470581712220027082079962590983962924522889603427858358094386779091912925432982692872741460551657817
53 0.91737394520455477631968508940624771920528447213371325335303258082508536568532940202867368887627605482047319367029075491115414162
54 0.91691587315418523751435574534064066582762550560040680483136866049801418596083909791790283091689625633410067853558943851400086085
55 0.91647038292877169618541576253687298412238668893819826304635060359093606631839230178732519527720312832758532523194247432464790576
56 0.91603768068294911480258850874078656943778845656354687821036161235614174416797488052968205990699036543834771137177415566857329458
57 0.9156178373084945975637445727511785929274729174394058235679731764811578459544228584200293165209410393956608591857045627912575179
58 0.91521081680030243174639703416481031219742592054744449437044016363673634976389026980267262594856793657214256841773075034397143803
59 0.91481649926062378610413712972366860800041562239276472275521378442028550637786581767812700907517879015059919996072041352862521467
60 0.91443469956536522047357961944981777931979359602363797134166309986290635337456430061569157769668778678535129394502595491929543237
61 0.9140651825126178226800075338235123289196364683671868491178013454742106694088881229001495675950708755382271760626824838182086226
62 0.91370767511254648404969649997374389158771565217652810069518309738089657836759198005943427091520420037215694763821292463058395278
63 0.91336187654992593094204615971187066771745743966268415027733949018660390635657760374434648725289358883820948549093721169426788258
64 0.91302746624876135434189387958602901898986999350041595144638758917845541426378971740975033195265543207593283591646129589259285374
65 0.91270411038701695964506877800174016069061675076349117646168592716594998304869231408464769940209170449461608564067921196251131035
66 0.91239146714418641363039102377399630451677898423326844505018733529189352719580346448632061518490591206661741688365644546952079546
67 0.91208919091192122547022381434446822505162729058617007947821432963501387860031963795174225487516875114303983857338154112904797511
68 0.91179693565556576167560927119358726892414671028407469711739058648699460558477396553290216604782435892184823582288076393566682735
69 0.91151435758017489693702100064718617643110270748940072553576641583911876381067015501373656632241482650672847807563287288320207084
70 0.91124111722679338492675350381737770939705960712842353489880393813737292434040138516117648301175326683386826463261162351598582678
71 0.91097688110217566235965497910905260410358562120489986541874310122847738680418643426264041572790265554263625776942895023142082606
72 0.91072132292670665492897958585811809414340350600407453215461206179851681416718158612164183778708664974155095161030073069125955574
73 0.91047412457024132096653985062432952031480204629881225848216549553248193203293394525379028893263572893679193005998900067291771467
74 0.91023497673326920266039942227329357817062762480906931360388918241822969053408474217822266595067576436401397108923866972264971212
75 0.91000357942071470607259495917121575574640330139994380033513291487700807860067503556015383739639575832591530451326031757484570878
76 0.90977964224739040356884610127248614013258820086440524316670605900527366757420285113999843558038624685902827385531250692963693245
77 0.90956288460729622500977161971140527484516428714380601748612740318568561839831512472853582815796840775132380612335056823778454896
78 0.90935303573333308250859990226125537062881303320371135766815865721784173022023884250592873981281837179784613807436622142273650375
79 0.90914983466935764584590300413696861029493466323148219686083105088724351364614276833539706496850732991804652731159971165341049526
80 0.90895303017266910561444491094176732492322407160910346968444590521718498218158513035743857419718431445670170363763812932600766755
81 0.90876238056184525817448783106878377338165321789635108880853350261506131126166383838918519387876211385085161317305262198092377828
82 0.90857765352221709967429063599897231753424791371462022618785636610749681496923339810248183945684432937652342444018767877663588948
83 0.9083986258790927362555673714734105360066896353343961530507447725133742409600397435859229578535587688512017511483906137018715212
84 0.90822508334703455734644113200994112713437170523000847954778811633098317660465144953066090501683259774540193269577481969319114429
85 0.90805682026199409955964246403174016552844408717115823718430113825913535043439323621386628834408035052302704202398462445037411145
86 0.90789363930186410855847586432502940297552994516239406038266974353734512295818680563033363645114562812092195088333018624136027817
87 0.90773535119997356346135246183480342126426700561287459096820837207069738464520062571436819179830621843533410026472581033889251353
88 0.90758177445519305145417367251008889832269414121708257029927088773216249727844929289022608124826700058111016818885793852778503027
89 0.90743273504160528518984419807799233894154727702905496700621161296585804413691238944560980928545486108200939487260597661469178072
90 0.9072880661201042640478911283221934902511797366572812803944654490545297529299265911478518193048757359563267514452577196210192642
91 0.90714760775379630847800288867060623808344708087278161183333443646355256978743227229451782392837972435402533875831818467933188432
92 0.90701120662867011235839463951851494281045912700610509489275588119894669750515514638764778881675631703414354369492544606105453499
93 0.90687871578066707526283860510312889809306383319180968616228208663092066822700163678937481949257239421067732202390996853200006734
94 0.90674999433000585859817497177940066729483748710988408920353367008605926899064809135531146770319482831470322197690709025384414092
95 0.90662490722338666457554104923038055381566930314714946511333150132796619472748604214289959659234865363612514961650133255850119495
96 0.90650332498451308324894539779627185393039347480059921227997020556234500429605968849167538204657355342637695922793129555545352717
97 0.9063851234732157449522242359284662373964093048469176520854599875567843060684058255462126945820372273621753037760091759760169421
98 0.90627018365333681817129426681699439683061428904724399570360420460186384879444273916928208569511562320224658437618621133373250675
99 0.90615839136943289467774069663168940374698696086874256487367628083124075791815464596373787894628429644906402761918553944289155559
100 0.90604963713227206258431525213158776417881304833243510074119849676591327247493063446975128162994683137072095309725051039893867735
