4 0.67715504091299761094587768989770293760498081947057790805056532234631304799168063557013234167304572288142656109503886327263672
5 0.95328095332328297776119373065708289966232849138976046458417342894487024819724233907818431439929620430746875081362356120075837
6 -1.26858846296340099816166844552114714022704433894553524142243672385819981208836922348612387929061949554565086720802220515271
7 -0.047250024930456020523054602806258384939984999737463807796744272626672171396997477420556203903929345323743576264502271104715409
8 0.13221202874770827002349235930944440811396740120707502163343770993960716688119077240535275768457488252448396554478622476364551
9 0.45773772937000592715807966874682590278023127631321965437749394363645069665078692271169551438143256111527436674342682802560546
10 -0.52945641895172041180997496698836443580243843887691826313416157828376579892823855802462721448617781885986383007895469220074716
11 0.6511032924659246327431644436145850194555766389152110906889631843679276528443480504899895353566676308628786521056773621382468
12 -1.1046240224237988029581905893789626091048674596617167755423844826828568931082995064488511942768848129279009087197662016215307
13 -1.1056992308911848467350717937793093948991531579880259779104442238389241261401932294287384934990983955660816967591910391942903
14 -0.39757283636990641137852811549591229958371074114452513917242352004568787170988031218580833130215684483771144102862266675488513
15 0.30506974368074604581480747675350966193356382465929254529996371657598180976788607208872810497512076634460708852136959322432243
16 0.81164082122635738225063325725052658564965687699869184734254979935309911474000514634100429190993165755756793123368150587031763
17 1.1279047318667701518727604765513909724401138937389375832889538803373612898261049747306949608043646577765023018698897177945032
18 1.3037183910853811812700593517340920843606055917573191369269088206431606483965376510565899551663076019133883465214114900526885
19 1.3859784641737213650950007118984821367105309217609496248385247506002579884026833768862239106409674958589716839060172659054637
20 1.4091657148793135220699747958582279395470090094962842366020321897536322724526986695230497495086808923594369831796167822405883
21 1.3964887449922211231994349280460475564253298798665716841469853243345628138306986802000189764498616270118521771994731749112836
22 1.3629578749949418297616412241598203568470482289579838407269560932421583753774764475194419288103859038742883417171839291586259
23 1.3180770693959180006502090370103444118738886239249684123584842319459329661098492545386653939730800354599103355476907803794787
24 1.2677761170493371080706308503070293419722788338047257431358955291939629524726760570791323940720832334667177507842510734265251
25 1.2157001905929734019299820195848740172292222416708665300074267387495778514461059108599868176617895990702358892976218397030379
26 1.1640444818004706686347979497323973871639511329820714720705152255331749825218373761943767298207069839269355352719490921859305
27 1.1140875922569129162670479400766989253676923177591500985801102789046145541349471915051772082002290661807236524112225516950164
28 1.0665309916602666472641375850679198212631715757073895978360436531144694098335061948686306985969554211010337510966900286024228
29 1.02171501356600898945379986509669690362226434396543354206225478749234371988430840453868904916345293969108198685026246265271
30 0.97975647022413712192287710654812292717826461099407210961050029685924690827106702626670527725917370906326180454421881703580772
31 0.94063643542226652972037885482040212619654862308491339298703121554958647633619251307251207311875484477556990215124038077207312
32 0.90425623721812319366922340263140093761042792402747185576170653094161123251196697785451089243821258438136849454510725407045215
33 0.87047308731397442814554981993104137034240735398424201009095767406421521012677882346432951261976724642699095715923614470790438
34 0.83912261588944209086369653844194400570786908995329837615314238285055597009676764352940060242355168687665653806020666654882243
35 0.81003296061509112542313827199099553625487707298532523159751445966768497030872360365602969035435410557572134854878858647302253
36 0.78303339959105163189304596752853369337111117785851891222509500179808275236029786560619120270212223477569985850480603458739241
37 0.75795946126360604161439466948772285780025218677099039700996577962981332723991167884309577514452899258611618573329859170244994
38 0.73465576698449948281244190533627707860165664680101431375682322449677340451620942646302157824849254117135918137832771398732447
39 0.71297742484851237314077745491183591050712527447718111987573403308819766764545376162497182172734890976240216216533112023454398
40 0.6927905097635732763121179491170405850500304341907693835027492958272258574852422375779547846661502514873607321000849915820862
41 0.6739719795432103523327805397692235376552627741418343240973452582907450157800575211899145436030559554664188494013063021595153
42 0.65640925537084082280997510948967191272038371428817795538220609497032076271743874359756658165808667470482764967756755436371309
43 0.63999961503280502149103134643525575310999019021620051046294789909895303594523714690852889730265257918701799348968035249840005
44 0.6246494945380900549116564798197463196344492436539279243704932194277361899698104669790542462264529318044429885095135675686234
45 0.61027375885843567079153238421775992553075386245300178038341898861972101134074059881162619076161466405694782257148211773893021
46 0.59679497947776028434178081267470372121358163280045911845947988287636836317537207708882212936784923791767689378917976314029515
47 0.58414274125832998224411356796189703521069456515213508691385391376589490219108462090273180259621337455209160629882683426586571
48 0.57225299118671186548071558486013859796311154378284776213728398418191903979989697611003481585634061433711040408253806687966959
49 0.56106743511194523876580121521498289150012486196440869831138964700907715575668668366089323287358090588440928029205714767953508
50 0.5505329844689853950330301440912537997718202410128791717651010434278080741430998531425826057049816591734437876131576639008249
51 0.54060125241419575534811345062224391063389691927867157831692801128006138668202771041654415580568697616053108343994530245081638
52 0.53122809726416112555087642751531812303679539645968751285964077339851812225895776920556274917092906331419984413581068661950563
53 0.52237321027309736359303954634262876306412373349482953174501572950811323853666238726677215736576552376294152898295629061991437
54 0.51399974437124023410241338601917265104954628114879678586152823278251408160332150615403559345263568340300979391059913390893764
55 0.50607398035782691632352223150123949183325269017741473190991103729150907964342085281865964691069399121157702157527056201819495
56 0.49856502709098345993979448914354218324185067373363113524222060647722141968723640567067138490572732299835074521434199384343028
57 0.49144455237178649104105321734333513458183773432758140002299507321161808554622355723098793662903913147148289140857840265933818
58 0.4846865414337915270144928928978458193693955497172351492206775340139254682408605074062687574050704348042534287341803236521688
59 0.47826708019151605027542078728596299431490242517035952091478965668780194579307456662868763310241994158935618600986866684365261
60 0.47216416065186157894522259957762871510439285582682619596350392766105515147471661979709544827599979858537652545392705507284211
61 0.46635750613882314394709034876842920239217241041244168539899512256464924486064892252031394417193656843364715822575127514427118
62 0.46082841421662640366514241488256607991465625605651417737024520413234461703635190409558661342352113950182520056912163821966594
63 0.45555961541553280442909274178878440438760709555859815749718783885710071822139279844378706590020538790664818464124108945874908
64 0.45053514606602408398660343610903570560942706608896420595054521933513218688192366032526656128900255080499557053310254097502106
65 0.44574023373038751500830922637182786265704486434522379743526010069763493735159626281780985409330083990812008454392971895930742
66 0.44116119388622151537420865386638641439717247501706621915726115097902392715292187845469829684433047995691555570947510200966
67 0.43678533666494275976820909840872897091480591388190670435707666050319163818719582807676049853072443180099440282067700843993907
68 0.43260088258116566408357574696819800524809061518473604887749668581038685075879998643377046087523385357631908162574072157393581
69 0.42859688630714214404479559035671826602544589241444941179303119088383225547069773834735922844889477319470346721265896816223106
70 0.42476316765162655570407879230992243206844389564803927498873231927369435377038886565071033972062451760663180652371414699872761
71 0.42109024899587108458074514940909444359002684105494821506467952151204677592768988433338730351160283726094028355434549903819666
72 0.41756929852219709814909959992822877592276859565112466809081201494158812118166267412986130993675203768898343039672365235861111
73 0.41419207864387726964329092248446092842422758152349465461007757115161286335397935107394358389652145759387378301340725407910412
74 0.41095089910995406969568412172787235701426790993202811441819367851208753446139221583415524655912772044480389651577204892114894
75 0.40783857431606616565857477705670701496497363971370253776723235883275311798485270602723182042261500840685687481488612433200141
76 0.40484838440321268491971099268583923602507723842636660482245968506918630544287538486634532039382935283373506360548793153089085
77 0.401974039771422311070222254736426227447711482998519466679734369355737682893044118935905947181295036058469755785568728505758
78 0.39920964867519132841934484196796655853397521408348111674927250862825344370220584042682794008876101966127443449823679464344275
79 0.39654968760291622542969201909494707557002625688256332351657567284025081450424330836367498311226661818049525851659282540782815
80 0.39398897417390658819337737696247375597946877344675934169820527920572721882556171889454032151672411167970822370170633128247253
81 0.39152264231439428327811346041490444140917419961478500758246398589590825434598856404674081651379047535131914425487102560470061
82 0.38914611949867089628409705261153887607337050435011685241178064674870036290898775385963894789926705911279675565437818963825571
83 0.38685510586345291841172914732875136486153033426199108366429250128433517418734892804287514570993668570722377779110063867859771
84 0.38464555502311515821719783572505323627233549197439807625613770075037268761161202653338075425484446815017218394862606673418023
85 0.38251365643083041381414843417813141660977366946939820548295416991403126369934298866501414155664965902696161103798004079674853
86 0.38045581914615653572457123780474369539402850560965117983395832708926279129464060875407185284341990570557240013143591889410913
87 0.37846865688343958210835244730470545431035547736618439251486596886349751104394953100476897175780531012793756697951761562474789
88 0.37654897422774638891856322879670214430288741941846403169697479400231021331840693601974214022661553061400195707097380840126891
89 0.37469375391607098233041047127416508615514270506928523902374457618740313678734057838112390015364316028206883836163601450868876
90 0.37290014509142598946525598014923342813203582279606082215127275263232824458645762379532389473843805361649399915890340180340217
91 0.37116545244626389927877876050887114754052889235478869643133871398267664599523617661122110557111120486468826454227494073679273
92 0.36948712617958942677425750071367858993173479309296962184576647304758998408331779937132192201527994196602569990851767995941006
93 0.36786275269922539394056257042778692018182223592483962110826951033058709007106909586470875853758597313858124270947023863939442
94 0.36629004600707050987216908234246250982412419734299699545334432698359537099993009443065679833886650614552875336112170125963021
95 0.3647668397109177276104416174642899418118567493430601294758789625758950650258484664848201186865226389756940017969590131779843
96 0.36329107961155674753000673971300053385026644661875644685838156599517631352656281679831718606094017837741859626919383897289744
97 0.36186081681852587699564723060007279850118704770802565531557104702692834749505996887861168380007729412050487328922785583596474
98 0.36047420135206185733567192356743797261240290278326664934091413095538445291038501659351188519510113543187603584714983693703414
99 0.35912947619257016998145494470615961887069765579980884204465572839117505297354639687462321115165921242089000424361813356107906
100 0.35782497174234594948477356788389617414748355382264819595138807090092774712608538771455877242479354571068507247995922368966668
