4 -0.5533618453949303583322272385554001930068787165533740361235616066005701804733676666599467181871298068534993170226180907135044
5 -0.16617019312624672976294262073484331590188445156125963322911445193929363723680951279450886689324300431547910089617163729314
6 1.569165075180903197617016598920700296535617074235426076017455919825125970154962217421181551385182383870942602591956578688531
7 -2.181427758352067782809391428345502790585240141245801989967891542096461398108211025653245391454458751925073320277742203906171
8 -0.9272828724191755695374363478023530417444871126964181603235423140468807413378508991454104341201056756310961939310920342663722
9 -0.1496824471509728822852919195152601681565813123753581660507490039857908479853123977265578303291329210039988618258081508099702
10 0.5229940284843155023259161980334800598517757193819026733927788492086228671844222574021748323400341646815220033635538847401814
11 -0.7428042497382957573403308369749183127825243638243438993576071942367534699622652922583548191597245285531364974696730677445028
12 0.957352971300072076945607041842101779728863774051783037980416420685199056458736536258158016222710784537264805832660454644127
13 0.4603010309279043002572467515823028377918514596108460242720368008155612424063481745458075686054960286005225404519557118764821
14 -0.3867692227225875571439288053280606573865787387073689895217883163790975980050907457112499235615178574675223854953791695062506
15 -0.9152045931023573774455116187843510311858900793880686533269418315024451229712721183897692216243357083103768501709753289288723
16 -1.117979648663563110441522455378592459792296884116332609569770585462606547891229185391003531621028774219543152854731656000101
17 -1.116013072013897001795668566594700618769728437893951998127435558363550942010366790661307413745520079886594446776624461902184
18 -1.008966377552410845538225077248819013942673844149042741861432456542632427827565978962285068974421717155507812014792324099366
19 -0.8579667690174930953351041069987446375453077650939152482939590987249926025062697289830692113777786068958722933749210655309712
20 -0.6961462570231015045995757356216612675758252654673133117410404077055532663046357932399446275814169193467608140988231083284601
21 -0.5398966673427588605534056454730471190141487790899746554653342429968247632026633095226407308481150172254195651094941015492438
22 -0.3963996174492755117199223815514343621539548465105052171403241623587024486605298145012287663496548642159280006860217156319697
23 -0.2680313278776882722835796083138866619246085619124310896210818599540896389671747213802205084610123300891565176004160053283292
24 -0.1547928268942928322003077537757457777677680220044695852742195896770567535574338998823605950096216825691190471807444596672763
25 -0.05560605437543862316551264922083460345750739132805928552014545475507705983655316599364414553861894361950960492378599643148483
26 0.0310146229651419362578957793859986213403216199066775140037484610174795102963207683880971996672172975558878698102602432094284
27 0.1066272678128951045466870748793783844212342264090725134989865552763318999922615529256947580685811160756687205874255018044737
28 0.1727054341551422139507299107376446657133970582988855075233209890482185051021663143896929786327513516151736273220941680735072
29 0.2305739094901693168786097316144297838301058898046650154074310211469902090154989568199343333580018325959365958892008131263189
30 0.281391307906578807985413533576733655441873246501593113716778901845419003726941976305075849401460823061065415589969862614594
31 0.3261551738766183038056821562562257158440928345516409684663688847274391560722699448666099007629306641729469388013567812256489
32 0.3657168393815694327417843655937101846803554612407166303891980321073900263901622671235913373806959393841501054593966536936904
33 0.4007994992111007418409234912444257646698036525336162242116196300541042031172494109538294201276636031186153516714055615798019
34 0.4320162940931364786600985267561062798930274513446043637680444199860609239843539576960259278627918621952291411917131563991578
35 0.4598869498347597502715197394156583606393218101021768084359653232183666121222052435352508528522630816572985528291872011578271
36 0.4848524330806563110649379682192382646707996451573652468893408115827526757065727028718193366524169054122653345227466403062948
37 0.5072875412444654664539158698755541947632979339720625779510008012149265434497115418297803991219976760312975460905244035758533
38 0.5275115579643299250965558682216153796255518528383090352220321424499300394289996911387320102955079175200295283080051697390601
39 0.5457971915482558114243805768234543455678919407485500637335313266489413265877191798457330471844027116217080627912890647026741
40 0.5623780349534308589135417230388228360397605003357337100253272327861825425669764643335342949181197046257489454139996316570643
41 0.5774547756323094845327360246696616925741309981943951029944196295593975633257497665807167985982682665106440882086602311266963
42 0.5912003599945879201200846142865456586365843841048764075451634710432969520579030428682392088101807815946829654931591505101796
43 0.6037642895424626824542349485259168674292684097663681895335477137864973590351343938014690782036256293852209142929640978381897
44 0.6152761984997391896817180373122557290271873833415407245596105182647831244255559507573477174326886678225421173214627692291118
45 0.6258488380146093921569659956919571890108893289472618247606247862907099296508699938463990920190347509078859527411074237802382
46 0.6355805704909870650621419302445604435030677138083152864869524115381229932731356604514350104752625788229443633469135059436607
47 0.6445574593498883938963304406581477496956635011063497802673518320511097733621777586579138398878678181937683938802740910154461
48 0.6528550242881067215704733780665033484055498558730463255493844067021317594134067802125170045286758425674796311518397175130281
49 0.6605397195146810363487387603507465829528206588891027183167721923978167717203927879851917089942114692214274752495812709765111
50 0.6676701821119424793841124352550556763921610984134972211669366153680393408824639325729334602178580625800380446351347400142922
51 0.6742982892161462631091694019356488540294068128384871867580506757854485336818527178303657033007065099661100632679616803058298
52 0.6804700558142553004474025760218537116247585878258766480133831653961877237816964799662854429200199180643458213158798155784131
53 0.6862263993273371063799409145495471637738648851635958761844608389208638413520654079058960403582748153944907494568913763349371
54 0.691603792562107359539942320729462373258539216943639319148028839468465236196637701560174451223541600169192451627999573917968
55 0.6966348228663150917095967011532173026471665929138472523320453168751401942450180398392146255416811066312815636092036246689386
56 0.7013486722621690051633894355442182713346218971009062164700054868139309338700522065901607597936593269968070668940789074238335
57 0.705771530825765824992843661867548458869474069735814586900563376974496333484290185100974664100764292450542190556940372458306
58 0.7099269535249134009025705229733943846546807765051109585430145816127847776710673798348100530538093104989309589549182324260033
59 0.7138361690382822347526522278969765716020077546145648419870012519178343458705917243846836493682539108980578839555737469022485
60 0.717518347687163259025674769026382742813059413302133323314932920773461259140135749107952909343188883228032764865281287008883
61 0.7209908344620873998643708577491028884990787890216266001045446272214589490249314641867970923713784752069922459444440770013118
62 0.7242693521755910120063851839017308584495680781079081983192607101799179213795061709616282207885966538172461812943042996780157
63 0.7273681789834276496241084911983059021288346471645301931972429629195220051889577000217144646863030199198253449329910799375162
64 0.7303003038603201709700165691198951268072507192330866476056018326779850548081440627842164700487355785857487340777982763350142
65 0.7330775630692193172746920755495992281610026953529266469158797666369828791889100496933817230859536458647214260689540878888382
66 0.7357107602057240858882898773603457630515071587891736648147477792177935150637705357471843625523050318649336295868247417771882
67 0.7382097720161392220733765685747273886787125034524049895145420400898081501092072888310233406581595746391285218229564548855158
68 0.7405836418657947919841698228465692929022414407936037003424049055948666296686461431342575526747111922265111638242144324355328
69 0.7428406624632626016551277956329373453395457727941351600650767610070170866588405222873509388454586577902218070890506751267955
70 0.7449884492173926309634085872213851422340867590671810195337737606850665261667185281807489668671086437482885250312432052090215
71 0.7470340054106096052293642704657765188481154596592029870964499248634518453038004754149375834373034250783462998509942280719501
72 0.7489837802078501896599999270737533038197904478108919767277312905791985687078032772970118415000102492870863609331032109077664
73 0.75084372038109399542819797174114919729427466263876996018440322846361811015309175503993411204962600823742446082499098504156
74 0.7526193165106833814195313390679935051820854458666785987406566488897096330623621346228310196639358891795853992400092204550239
75 0.7543156443232519276253985872879079157095210816088139083231805240902494644111385902546262405906224810923004919145269798008383
76 0.7559374017393587518740676836119106158974279887784674689061695529656111323874491501232577190695178967090948510954754341892381
77 0.7574889421295811707309090842405927240387420347791902400991484186844075692257610429933155958482248238856234283207873872201997
78 0.7589743042139530185499916621649569924232687911932184633372025637014990127231787776192952401604205325736369447999674402815117
79 0.7603972389846618950055679851688898735473355515290388476828979088530639242161277073550314399890020827906763669795588617800245
80 0.7617612339845039873269776532129266385891486948165534522131814861985640454191574175638039172733551479152430243252351871452995
81 0.7630695352326209352701627979681250373502714994465225041886454943938765496469392751180824454388548008365101771335037417732429
82 0.764325167053567266172979199401766355513177471589060076899690259180475606020284060735106714153619008315636247858298602013949
83 0.7655309500349841987649921011680909650101295462075564027418049952106367601903965586251032948681550932736159492310320434285855
84 0.7666895173124138840836241300166764991000332272942378503863668725837604060782629628661385796411287965669712147655135705100234
85 0.7678033293565078974902902665658657820238860986618501442916080124613648602096874299292231026014910012283071522517699437211217
86 0.7688746874175815397558485646046061229776399401847314238409973977979383163292760148535921991265111384954414279522698853921633
87 0.7699057457647300136139136922333523901381708771989199177576407657232145532689983470488884512957464097367386051178575854482364
88 0.7708985228412033593200295044869183749171932449269117376198341652678781521698150100596973015486719207273397031062483419258543
89 0.7718549114441349361449139950127506130199173062474744305753781657833679337572714261516896616480053321561525471109233470686529
90 0.7727766880247772753025426036347858833878716065388155513919754947305814182630608911980188313439928657842383483506341882914825
91 0.7736655211948999692219345090162700252451373364707041174813237907408581190587009989087563834875643650364753538631925121269323
92 0.7745229795157586117098086123150996106077200716704017901171493859279429390467287840048245576259108969607688101239612361010929
93 0.7753505386378897404227413370229479520992394055665564612850265494669573539968046060720446842348115404711247102354511910255253
94 0.7761495878527847707032189303703837615710541130679888448597275957400168535588195867168577920017751501347774510212816890529939
95 0.7769214361111256873650572813770920706640239218323619692577934414447630001448054965415484996696447875211516985318366724358428
96 0.7776673175566227494204051825278067702792031867989150793255578161721266056035805277674098195422658607879280194966449932618528
97 0.7783883966194896032186296642661421667364752624786010689572459846331758240622008583094886404707449648323380866159695067897112
98 0.7790857727091459035115625043065673305691475821804144050495327058123124106040964715438858301435279244726322957782678899017844
99 0.7797604845417839947908390297626904978027812696270723658015106223028134114838289079905231797288554717064765086467401568723419
100 0.7804135141349154240848895528657699031288090889494115690134879944185501648075229837623939182207131249024310659154921120738639
