4 -0.437760008416630907970098472470915588775669250589123193174692479977895628862687510158300072368521010143772568130154078953853927902179391075392167976138
5 -0.509261505974807786920447098142831375611728607726531046197060800813313602623822208939361417628190124360102545229846045996569066094820942606287164354611
6 -0.577350269189625764509148780501957455647601751270126876018602326483977672302933345693715395585749525225208713805135567676656648364999650826270551837356
7 -0.0613047188705501371166355710720557750009355911033663030333124157354898736684263036214925601137189622046138760685144453957361118002760793947080173829301
8 0.345021754623889862660681710623018761140466757787638765906596110619265287895099779481736629408152032613478767396195369021329135106244390190881210384741
9 0.589815276754321444266337915939551239727438729271218007610530037412663366734551412698958085755347481428142859800610100117617059479820647456549650201445
10 0.729128202980358687715523324970221829247616149736987258739060042903862467168019497631711355276126341444481477069913277890874873294076045802117587964646
11 0.807012689557447842773101729772041326533325924820033387886443402824107583543241984746505446274084148716654906816157598586946729380569458128741133907566
12 0.850116123752422471598504654902166813931244357517015700768928865867138616794312956177689533474876438041254553619584499220807211050606631456042247025514
13 0.873550242376556854059498603750251404766025189413431195715240035351205111194072660850469519584386852970538067947647507075606266021303121150169213732016
14 0.885776942232562817717621991817384321544448492950552805279192424897307491496063918808359182230769549386624451346555099910772129721723938436662481496826
15 0.891565344384358340485691706721977834238402778007575517578514691775282395239682717381686187576959536870403303472588945280377163403180969793704789204997
16 0.893640090982695351877971442164139154013522671528328695873737724364621230315176912159860833104681039557806032179151363456836407703695130579935341945561
17 0.893581624897410669199326788944014050586206028654743530174072009150819796159454758687837483601129986427594479562903559828604735279948714924592067288801
18 0.892319545930715855866073341123365307032183202128550386800940883092814187735481233252592825905260616070167064078634466653938611394354419298755262364568
19 0.890406615078305814056806877632065977592143387082598051177554779832637437740381572895921178925816286379571782664039234181221823902562103448288695750777
20 0.888173620017524497715701525564585461869822439215806131245590434664767943103187374250962400136491007698434392726545679368951546615656797156812266027165
21 0.885818555777310584748764116641514815541830017861192687618416258536853964758875648775082605119789408314028114672917672428078577242185055418169613189681
22 0.88345893150411641487305213997742597761167252304357159554751635222738688744271767836132958750884023910374296913897037070420439298733740921210198151204
23 0.881162981095086182512763990071067246798118959103071616433974804256695755821536122300988820646690640644948616539166466071904109888216992657226489862763
24 0.878968577038183022522600410256495259892610955169800448891435015226975581935287219428481449329843275498770909335371696035169395475955900201840875527653
25 0.876894848334331563854610652530239161894634495386296075206015308498538212984862499631811293445677581352781568824119174607465588520338710918952889585386
26 0.874949397908898573316291538606724266689929667206155976933129539596945220984451809262390310004382168131317954238113226589061254476493710740946010801017
27 0.873132825967161502086327364304718601347653772568730137629107327956411749624757107284915918648324152195790442936717607553487475691595301120513682199988
28 0.871441581953776005683017897815539711960053800378482037154018501873355449636278664172020341238542342452647639897805349189286716820604856060698185953791
29 0.869869767533625552306865806976953651294021857982150400319078457656141074270834910868349119690338771155789348052478370547669158183042425400167469746015
30 0.868410274807176942339227159953990519097277555019910767549864434785806312468273704086599111784149712563119021414702092054693367180520338693598512285581
31 0.867055499979897693583486331588428872785133307096637506551735687991579906561374558520014287092923248349732573820962229341311322626784081019582594126774
32 0.86579778439390348668993418144841616614430832210673665893404433257363468472359674756228768835588527999191034438642297606516463484623906155332229291943
33 0.864629679942696720968284613920255184253937739127912407359450095297577920522233968851929924170840191495124990086993757128634159227144226962827605613839
34 0.863544101359055835153480133203402425094363441161736089240129612362158361955268235485314188887367388906268894860752261689346744707023165449713389406664
35 0.862534405901827926588971279619782561553495945043398814863388053496513396412274942137035820792533595510118646703404881498574376074149607051877913888819
36 0.861594426858311717614517211710221483839905291827309560478676014367325525816541049305111019904870328995829623952263932433432238820823746958538521702336
37 0.860718478137045236112982267205428729852406986283370364231366758181168070200627936713546115119591374275752721566579461643032131975139388990291903105319
38 0.859901341258217851182166424219359039576404415935661921477431828992813417317978238646882303950895172097454693469898060805441640456067696601595812257154
39 0.859138242129384720707270923572549147840436340356180052440703238944729833347965076682288880455568661165078200239636945167443977223757481312349396176845
40 0.858424822407466300414877609104668546554740836518625182847939933925023980148754224309852860384577117196562805778625146448929875952141065939936402512866
41 0.857757108535372018264454913448781300456793491060820936541054438223404727230317054692742908814956585377321791358984558062163693400005547672948608467834
42 0.857131480405946148138326759047939626177529126536247010217618508226070145673616087370639177964317639592534651011807916238414412746291683861236601816171
43 0.856544640853335252386877265818498105567392473835924320354007131166155061382147882108112498909306260888751477081063370178104725259620540564738000552524
44 0.855993586674700328968103380521963071505316427461226790044718963924232392948135870433460210542637755900626404852427669068302821006953614434659397701771
45 0.85547558155889680280653910207450299917438925764354822059665870855452254971716459864852020296620147972322556682956054997811718694450578268633159117272
46 0.85498813108697398758349091842730069462820818199427240419332354359376542653356229540530632101218707172902693420780782038439988553728822341903490797704
47 0.85452895983435500303926564483613695842464539508290209066024252940928318978273786533285957908902003477435937953691656763689878799449953347479021390855
48 0.854095990520954299495969085641545669260984684177621313298888897494917238844326373461312415505618786220314549467842786194273735234008588086227084902658
49 0.85368732510613453788198859015902984330074432398406377536961318318526792986922047760373054999390427779500651048487733259177479994568543488649734841649
50 0.853301227698706712765867783765442211197007034489927944379641966622489394162346446457287393935416776894426825086251854818917101603102189242655972907976
51 0.852936109140291663671839944959480437775135307743500234862798841801514920394741710147202094926965699903596906990412097105597200741143587777632953153751
52 0.852590513117980973123313055355265286380668542310040271126028530563702580330482373575934968854508080193264387021902111453311737486570166462700255543722
53 0.852263103665780635424841038190642740954920220232888717347030939943898780619833171984201048769924539842160976517381160201868214673554967607721413875286
54 0.851952653921388364864781479158742424159494624323245676957012005171864386599722461959242060934214069955825809153141354135805796964241791939604592219737
55 0.85165803601384443261772791862346766263132155405858253051840058811671169705037930895811087708378816352961326396934770666660036902849615458596957444379
56 0.851378211967453749723934150360174541880724001646607896918405782706219699022681598127897240676217663309599127779496498763955270757883240040882253077893
57 0.851112225517424093401172415253642867388119014657608036248429178150658517003362780323486617225560223881622051945532836989641519673099530305647521057302
58 0.850859194742475963170051671036668963409845902434213994366134179442271395969071495829442747451617859319597772883863712123698628176195164480047238466214
59 0.850618305428998839795868903324830529116962859792631745113148792474571999600862528765263110162199625087949870085044441601906570381698328092197052663774
60 0.850388805090016560040758624845333311498348878474707947750460333731924538339426009758902736428214087723328187372668626718290796016477839869944262754207
61 0.850169997570216881811736356018987743783781055782453352168338651836153860548023599439640658750720303655591816523475747849773621579771639722849157357214
62 0.849961238175582038835274106717467507331635892979625092371859237477739704364430168273526092054682753251043858826024704358804356932997434276282524803703
63 0.849761929272744091753561609357794670943176797864279382311822069372312734590268569861459776881410097203802208559424323249186436571603202330447954086219
64 0.849571516309115719993948462214903031746231350374433347043209864039795798927294818301792282944510045733316496991027449120538489228342497801007780928908
65 0.849389484210158626641612156711647645928856975252159508533820226332539059343346773919813322942119009080498542288554060810107542656365665447423793443322
66 0.849215354114897601707620162525284713739621441603311144126164193110009979455165977507260269143683381721376303736312526994663258693919292553769819133393
67 0.84904868041501936058186552843291108601560193434083936950365154819273349163573818047086909941828495888788968111204545696444696321074848806043388669462
68 0.848889048066661319620139374617655987636514177192756638789269802935349944021402058198914865640611529443596780066475657241587858305495750097891752688253
69 0.848736070147343812889174237874121972139231788123302959085132061097051012255784933688073682448918418536318092541150569451070751601973751615161916511773
70 0.848589385633473997415322793643974188069426811956389649063407799754380245911191961824430018659708933872873743142265779878774246372622157308523969498304
71 0.848448657376491363639563813329702634848612070737945969406018368713689663947166961936862266564877046681892272045918377809360478344169742949582703056336
72 0.848313570258070213018219043955421036963311916551736565874004358353668184029479248752254157509351166098562651215704516068773490505217318466300205298122
73 0.848183829506876933892308176808437102202327990071591702951951427417843712099907310814075570130973537858067726261406808519235168332600208394635848485972
74 0.848059159161229221653382093106714415356966743366418924632649972434266716457598002231785805490834588659468457219341353507376369977109032229565465307607
75 0.847939300663647178217642153374443887619753651890368142448843987476819757159775173487227138463992323895077698824961861759931974685325258035808350136459
76 0.847824011574746184030488955313110237272788126353949463182049957671893626185761388688202777437928694678120090658696411618653557555084055804232691372184
77 0.847713064395219593007402821364282775725999261186287763396036219749170575102590914406353292310291954914937213004019378134107149750733853311946995992197
78 0.847606245485814284156208245620492495613490731376128193379866278942110809896178084055270613197571594663764968384436675174058116123868642736188600122389
79 0.847503354076230387929889139665677867558040780623232135870203567247160689559613788887569148657706232131418361997518132908938150989922116606190484449802
80 0.847404201354792646289553983461644391794101700974822187507272146491282133205297659129414572362990380536399284653244511532039943777312879920626099420003
81 0.847308609631557713699504507349256804607982226923131932265608478901140659308061462996006983868492916983952014730116813128354497157147670886252948919863
82 0.847216411568250602054594592648711048723394658761720950206408742965147694003847474493173477374396356358341819893137400630268954752465155115256967283803
83 0.847127449469074420810187889044082723026468178331457971363782908421569527929653615676562323491193868469310558734370072776406469260344567891517720273489
84 0.847041574627019390824486935029063869420562548178664211534121500604597503772711512496843585253043145592426357213012201911824583459781511819065803218806
85 0.846958646720817604259858960338223042622670218347449598498285273342726677148223697827577117650980258163999686434613622761254437050818666638979536917575
86 0.846878533258156035975257100382720575672687161922850661186860177744192787641107770511624368697694632416543731949323770753206043872159954463760659878879
87 0.846801109061177951418536722419606376488355454193978064938985551538477036250262289688337103956802930073142512422216868764474480063474484956472388030603
88 0.846726255790677460622406559231720119308140926531360531547306753374162514953870908472598099562493894792049014626495946344714591718881682453923651563524
89 0.846653861505728272512774625453338856778833817791367585082545992741741986561421918928252091905827508334724367447365014924448762648439043927754728696228
90 0.84658382025578989474867794736356744660783419774598615262704169356543502566711187949743792586132523188292421804883501136424499074037159656264217219418
91 0.846516031702606305391379451852419887609714734391267465944906323899238423787644544889283527311305940857387111435559696758273055009265893774787159797931
92 0.846450400769456772624167953310434085505098871064829578081494513502757602642490215628704284386573817812480962681442351144988832242836344338762723581302
93 0.846386837315538922191074084661938019375553478167535638616086258737096680570797280065288734936345334619079122459854005369313043960174172563368509777618
94 0.84632525583346292434133405375995176158158843949941161013251229417950220708431455530984147955075871587405776554088274726107677352413082549002260941627
95 0.846265575168015077595245502836610991742009112826364665932725309510940099335288353742264781880374080959834215481189369091472880800973444265084014901037
96 0.846207718254511134244483247550348185780130986157168587649190598504787187587273587126049294371803494935744587553186597506672014705558429087831030375866
97 0.846151611875206244880634281070233677744280159904469376745990553671387452265282724852608868898505886580871915911004243678305816685368834445773061662067
98 0.846097186432360999641456708476926644898165914423983264380239055530494989780154256273197549953725514232103673645595586515390314550205291385461682759556
99 0.846044375736683139266342472887195683478459399760607564120177836407565815134913212765709760862827548202147317490887446115741322154693816143440367736307
100 0.845993116809973370635192209032655119290770680966073918611614932004546623119997571650134546143541351435110262652077637691206876123737039257721923864203
