4 0.108116330464542071238069983564734255427208171785839767138187457761067088105723286961126544664998942717875465549532781840409
5 -1.10339229348153325529972116009258158330738095203687209087860631189882401863350423461809858002666159826660789835803913125038
6 1.32577214820568567314825984849944465821633014580967025879432297733112440719081670219281480774375594874174190910423938764723
7 1.09900135445128464083157175563762561673558046807012024094475337114484420908052336840444729640565103061137236114024219420282
8 -0.464332331447852658331450481977411312569329040897565875543340244736410499315990092027926839256130215156763407752633736751269
9 -0.901030681222037266628678124173860399664092150471827777193495930043159655940435334525018536755566813463536408362536604333123
10 -0.747757996285560519005279754022079343143356363520261182916718963058968948952137128802476356642140276752163355485309630439093
11 0.540873914736977351645778576961092282551912546518609085079163708085835738057787464513350978056061378094818596343688649204248
12 -1.12151308864773993661857669710948950356666354894617682741820893881423359215278019476890318146944100143944034693938774881284
13 -0.209579513193188928318384040026608384577042254653438268835960987758239397194969624934512347997009031594636243589576746867855
14 0.594657460815994656350165925057053895247577457205296313628212380055286522313943943763476825677638474112374657038011271993156
15 0.836983607689506927424151425139513980478267464860398964820505653165626888771711681040412685623116737488079324537534456749121
16 0.733203609773758258661875200856108343777285762688696842963865950818610479993531351478113147716090138565181747416872031837307
17 0.492043438682250399695972040629681954369959884460698039232999697424488120969556952971978081503975346378114483903503159242079
18 0.226406525717463692527830804104989656606776736040738617966151652232490854284987225482180911723289593988895576822665055544947
19 -0.0157361236264830111403896000718348664640012993248517302699154057090715182528822834405048905530934756761505004858925813214217
20 -0.219333367258205733753603804280933576935895081870995096087842118690463644849363439177272604268603384296214623023814858153571
21 -0.383729959643359865041131966879707610185502011353331164547157088971151718079207529710605017683609338904391959894248910527616
22 -0.513607930863172187726329311886110577260971249310319620456250238065579564478169496807936764162181244422219210468220088130024
23 -0.614961422253080468348404507677031784482662535384654813624551180093555611794869335523564538759066494457750940938534292670401
24 -0.69348144385684359659184057100816032303204445360470614342062836600050474986043852202720605091292352065986818045324386447115
25 -0.754022855354370951935752486688932109100699028210633145193047659305956664870932138394599065444986846930589013859488711981583
26 -0.800525915050729848188074730496099176255295992592097358438538468240325785777546648184916025765061184527636213290646003129039
27 -0.836108310958800097550260641075897679236440743962518016710083288378755743260387509727467540155145538007568649870344537587636
28 -0.8632047750879377002672193712588629133415208902496526566932087643208651280529756860059402307612138480478121013869827631021
29 -0.883704798956077297050871537376486520623436391446625718681682984596736269565300892833195601663743951570608740837408152212687
30 -0.899071389748636916396502243348088775822883408532182046248206239040115657069609936117354842662663593406436997480655859994856
31 -0.910437456221665889441057404115059959956754269791410575295730408191952764348308371782856409851556669871891539104559915601803
32 -0.918681646784515466275267982567481000848327475234843867680120937397932570529138388875564340194712104704435019699712800665998
33 -0.924487042760578534620838908108038804313917951536788121238100265178877180306185009414333449681855104547581638111256718443903
34 -0.928386198357998213298009995834130105266809680158308626067169690548190740205442176392103376924131824580205687203859849661271
35 -0.930795573931862615723708434840423569151092774948615977049642975795881496200135948058338356069311000686470862051928139828241
36 -0.932041838863454942177348769053178459591471286421475264862104708433709104675468270057919476235995275303315902616765857887443
37 -0.932381984802099877934570842316275984437222531834760261991271906612547565831365221277483810642788382722951378068279289539496
38 -0.93201874027181295836087895057123723805559199703197395373809886224530123585069643318018458663562047578082428389136833020613
39 -0.931112419736571386094787581455680922935796393992573617293183682303989543890344941475848168663529255775599933127720823479016
40 -0.929790063495558194654781573942807374075592787303598879763285042771208006797133757099466503039039372735189401810878275773937
41 -0.928152514248057305384751798867159895687662428611755438940355263809141815621112526837651095251787850648979066204718583554362
42 -0.92627991740450339918895671334019112288493140355069964392483431112865685366629203082947838345514620847112809012376856273724
43 -0.924236013021096517270939450651340222825845124371860422507052371770801716126334078853308594366911192659303385288493110820188
44 -0.922071497879393657181562504639297860153095350140127701271833070325493268380919495793624367649581848883931253123580472122097
45 -0.919826669225569678491385740836349751496446687295988376254381868862039189533717306199752784998716885440013306260334251275639
46 -0.917533511356474469626005850093696630364059132943515704202677436124657380044547973340050538340547545409440093803854986381174
47 -0.915217348346628890932955006716717040750850573003038889535853246859496902396270930516313537516862001293771038624307836390415
48 -0.912898157592962802175651535095142963153291929853170593817828058677474993806325939581672403255640265286726213346256119004869
49 -0.91059161716778567005258219352268504689305243512149103434030790784005036109788881644993703450338777651912325197300158637932
50 -0.908309943476052442940515429505939127015993689937116077595965688989723873631785482496097933789177837094805801945192732981835
51 -0.906062563119380971762525318216011641385691902317610695136787797209828636833126773477024785355907894357997702145512869032301
52 -0.903856653216341450018401045617293808592800399178739023269228450913095967141632544861739153508003826985492718050269542639864
53 -0.901697577000443550183407383615583650525738960724379657867819766659160526164894586154997305480299930974622802116887677045304
54 -0.899589235778730626750521671363396611030431737052961009869213903597847934926973682854267435695568540797674170934074010009319
55 -0.897534353883388535831302096443194967632740843545768376599029828637205169624713871700030113038855557754696022016338304307707
56 -0.895534709783967011027790099985798954539355315988643135569065039228426132829334480429701598352860572964835892003900248431403
57 -0.893591323820252633647447081903953903354843128472494746633853627488575440600251356759555308952186841992931439026404446067548
58 -0.89170461089226131355518067270954813271097437263661371907650609697028763544881628193316065532658211276364113828413016444055
59 -0.889874504772324430290180423977754238697023707721599233065931443159891907935006891024790190098051188776450614615585344190064
60 -0.88810055938401768822661720412805465884086926893703726209950969822196415197559323660688082822539849806547720792798887917335
61 -0.886382031346394294656062016314833669302489263831993516947861256705907587272069231644226689676807447345189601786055365369959
62 -0.884717947250091393875257939404355358881800959042658521311656765267432147003900008897350603526964901546851183863677898016877
63 -0.883107158468365358141730792200171163013465270435412896155867357095700614740406160260557420833901814228939111576168909435699
64 -0.881548385775287507167777664412650268443722708127234444831483746798259544419575338276534440260552823638539639990333068586376
65 -0.880040255617417260948709005623183773213444600662869220370394220975763169428027722185448524119025059730202487593384901701048
66 -0.878581329542566701829650663673472653305678199165235880248931007815451274024263918014574706948773649195295722386023494947203
67 -0.877170128012774008045599938939210486833200159023110810339883394466002603617674043726922000155507077527332160368576714329672
68 -0.875805149604942019059129209421458448590057265239085372633237228391472768277701689986242740765461432359715384152086472884562
69 -0.874484886421224525867234539156157823584004358775745988846210892258958484844500845299381694362193078060448716419350868452289
70 -0.873207836383810119384728622450052354059281191259304057440289351243946667020783740816852472206086456155269253853833659212023
71 -0.871972512968636618761298326030353466239114524201752233174968747347327589568795729476007676884916013345374753456269621486008
72 -0.870777452834494244727020176781561576446745421924073111271049794952982629324214480078926393381937336804463540876145418045806
73 -0.869621221723732208631645128401977789217130242731617633339890750770127851781440652229742462499648047009967929582706126004876
74 -0.868502418945000272248995202357015234835656063782363160936581700934509012635413809809249523557909423003277831281342747795486
75 -0.867419680694427999840612384680912061946317708293687587677376771870345933029208189912242695971691544806667717313634687227963
76 -0.866371682427191826289411814216082548436159413223306243024388630174091695181560020633243468371287747299985322615156274328301
77 -0.865357140454786216297691981092715197327749435618143203040351516990022393063583042901690324647584137116179502111106850726053
78 -0.864374812913078470468793175663163972755266831903972165684032688729707414961615689563749918125873001587509580414837410260846
79 -0.863423500221234472242479285925326616790982035668635747816174893187276651890555387108170644788102955193594006928595721325589
80 -0.862502045130918110878161735004555173353194671552775309569341783487263219514581495926637793259412723588702765733596153209634
81 -0.861609332448027287205915279070689211153641007078482004450565871326607013082026418618577299219159479926911198292555001675758
82 -0.860744288495011547765002414761384392631560260344833534508539859280015282897554210068144676816671098859481897548619961995924
83 -0.859905880370011128426859147461717140312199846926774237147145669028879879000192017498715183108997016219544377561531024189689
84 -0.85909311504924706481075963935285586813712655613442746897838334875325338832771312402846157696170091960513672542993469272176
85 -0.858305038370934259975095341951872964864168753874633867116521758265762572902782897980244755322231359675299705715887780646065
86 -0.857540733932202001461609781912788002995418438376253329139007565042952250160323877474345488544647598742778477450307150941303
87 -0.856799321924857002297184030114402594524757386806627518057616423454700839580383936077589362674397533871881311170666606178777
88 -0.856079957931120766819135040822402976160124998708627089266066202101806015082773960770336980951821126011231294968127554703348
89 -0.85538183169655733121749732398787024233358002315236638900708506169124363385469539077721161059711447974653131587840072811181
90 -0.85470416589414783992275645601935517020055069838134656417977194487503730026146083556466227667573083730710526936185116408269
91 -0.854046214890756045502552231431800259848019388735179700362124193490111421647725378213619009216816342748476668605900488512037
92 -0.853407263524973176030997293618920361907840811429311039275535890414633027365853873456429118272818857635052469679863426976862
93 -0.852786625903456446522054451976707599552273348508357788359332719952187494662297793119018495194854354613227498177846604623352
94 -0.852183644221320135015382751498384265637659800409841618602391814632677085773520707927746181049946997995705029942280064366737
95 -0.851597687610849354564084177819960625377923072373614444295500422783338705515013514754223871728587078984157463675864202600326
96 -0.851028151021740823697825216221444182425207929237418248128962217945474636332929247054315759477682371371127676367746040241241
97 -0.850474454135195636215521613770122604935453699497428670658488908189956941144281185559477104638159733657471170972216092855165
98 -0.849936040313465785912650709396700525354731859565722879264004932224875152770296522409722534254610277548062435069422857708242
99 -0.84941237558586350725549724432391498912833695414744609778774786637297265198430951786015775320148025060093099011226653096945
100 -0.848902947671758981940111514450839988794492479406338471373850495859686655144122483541558344341711709623622873176957011642402
