4 -0.8875213242895388053319191060463689911189691458096038426424753076501086588318126784311354082415681807248101961386988535457
5 0.52828050005997134683544356282850584283569140108403447344164565595210641744154182369812692732275238322745755851286124310586
6 0.10825990762528494343177024758637661810470754573220521629238438481086848990749236854389716361189459527263009048520500372829
7 -0.16228510154261998742226161948267711714702220526171433445682877777212228572770277603889368634685200978735491849820178462539
8 -0.91503007253965258487910357182967305973033764723604724306835611380806368702325453633605173313386005684841599227612728461893
9 -0.42173220477761855375254538578501727155343100447236167493691414984205481382104497919689165138763404887042882069971136458421
10 -0.61137455471300368601065941105373455327686757401031235651490163626279270901766490610172880809686342964790120082438301122988
11 -1.3732389979402517888553255294766198790879357567533408655113991794624433037272581777113794819750419459725387824590314412685
12 0.45414571391388536840248990959768492203495815078786282527557316997588469949555704441593969793442417884875729486939506108048
13 -0.6650898700923329727236018604783607677475947530776765448332676868659699638590361222740315261094456227625926529929031858405
14 -1.1860948371194753764900722720232719858079996967099512346285245259736789124651010527767487220825174709384561834159273781073
15 -1.0325087785871559994768588443093186798108908805611056289879725380531926989616679891477182374505161502351876815187982451926
16 -0.63660610823676427847430763675732220578430770073407672447417317293722379802039889877298296126949249046361572860235620492219
17 -0.23890422375315835133357804125388549397131529212281327418465631035930314001132169944647378111272646702235277075140331908559
18 0.079164661679887383848202203638019804886847020339057949480435661761464317730966573196575739982958117412502053078117892236032
19 0.30779521911908947908353327909260359432055334122744683494114337322110568883564662156833096964523687812767391664862179726262
20 0.46109028208267265022753882071701471722885772247778333685711207137587654275804233151731254105649341042175204081020199501221
21 0.55746209400022532788291013256692903785795096110120544865047322265626004215149382752860980306372176945736586411108612074046
22 0.61307657745523929759072567822761966570989734006974564042680565280015768691249660105483885706829931574893422954803823746998
23 0.64042158168527879477518093666775834672208771190593244222405384015939113338687080163268615892410487086166464201441356458116
24 0.64860461342328940679197134683222284743297451487857934989803480187143863285570611881519308267629730821859955590547380142851
25 0.64407530819283222960069247485674882718359031727999042703057656232256920402097038349676510550748529551592777335825488290937
26 0.63132695578731672900514400566341975421313096086194529200232745719693115638289807304953813780923501370732991075550576572004
27 0.61345834440155785634459830724692755944569456396682155718855379199185806873977345895679179680580110004025874623263994109418
28 0.59259033901618035314268655943381916695803396353388005545261227117953128223749921633242130181179655321065819969414945452184
29 0.57016364802754231173975141883420261524081026503465808905751640736631219549464198454311967243866093447992884725040954947567
30 0.54714782468999972188458907121969565982110749316173955297330337930895114692423477174139405129806489426634291642440303621942
31 0.52418669229640339008889847620997397577161467157512589952952916004095231032630865807074886601179633083596070889155739531141
32 0.50169917807532090117630810405765178739792272541043039590944268628545499241078326830374420072000150541568733266028688742562
33 0.47994918510164484752383027176176769725648095584547353225562979288073950951282779711178977352179427703969599619070616111149
34 0.45909405262968814348491156547703803819009160587710368447548204307418476037920356101516924031140179142520183895139671277307
35 0.43921821793245906058008847366349753584501130720893496372453229134766951510615221584711933707311691773006307602158612885199
36 0.42035663563613349794692552579885888460363105095075522789456913645250855888858210669957954481509948004919960201446557037014
37 0.40251108992485939397386056493377935840403088544137819472678604744020440749160592262949092372124020030784766608868706699171
38 0.38566156014555611049064559525371974650082092748534374651362501481241872017244941275004990030264369932451362933797226317882
39 0.36977413264297599937008748639126508915864930680191894310082197885573379164428748968808199872727993568344592685426857574241
40 0.35480649393993937650471253296754214829617732682819512213874852555751002448312811820740634611939652648714441156680838242241
41 0.34071172581493016334048050624355596038696616877368889529179763657316920788265798950539187771479632974249542364862926550004
42 0.32744090588023136026762015462858872328262931704494461164991074698244355566274692325452698275899176178478303526460500685963
43 0.31494486701871194544330176153708521550160553688093399352149231042157292387932060065154130574514247310670912492283919569884
44 0.30317536452665886877347882847578185680597627204292910961862657789698122213219896183180125087793340654117180565650170807462
45 0.29208582678434044628276359628238832891716122136211726496431021142838088802396431898443906599433765941801093520634707111698
46 0.28163181402336749755420250155381894576960389646203865467806086424579609166034254121051102704090019492363104295476532654658
47 0.27177127363530726530813312074279638696089220885277112888271208004342302607808212924493933999776377903535736486507243877751
48 0.26246465490259061053865850496206986858186507100971298930087151067138574835174549571612385817840492851775901011493178511042
49 0.25367492787714140149730077659973777380567884595319484623325268708183541388989081343866109388820913800241087559484164284591
50 0.245367538196289043902839600828445123001392659124238384737085661789913435332374589504449652116054791378786291510969180889
51 0.23751032038370148519589227379326600499535319225694405957709142805045681647221324759700138270538465244841305509882666803272
52 0.23007338556628220069607990822639640355442243046800212408779529257994090001817153451363400527330581468435512913197431145252
53 0.22302899479363338882192294575427832086473429043765024130450347505651185624282107615234172841688939212694421382329448446397
54 0.21635142574257111020381163133696643710428287704679028106712372482760687861022968083370218050976534988238738507262648088704
55 0.2100168381472516667757269868218485921366845826254632411056574817226136388797178970109873881796642577281620816315073641751
56 0.2040031415461148394785309782036775782019680463089450065284102185574002386158151071881565901917223114951093198684083631068
57 0.19828986768703786463322513801097850411173784670662095682269154573193307309254085160321245087100749677150265657224136608789
58 0.19285804904313680784982169074030784685645860330723569636451857053170300239906435252813347640682716235266043115428878150322
59 0.18769010426358727600839124796435074601813584316433242317976712119427937609915597056232087945394856763097135477972947800515
60 0.18276973094441002699968750859557499907274144018135510212942877949521657732343444742653206925646486297099157843883442634206
61 0.17808180580102524118475828499359812113345959491468645955296627328150068063318955995682503977651532861655851477947745716269
62 0.17361229211951193347821065434591543822795337196900769489350888252601303672235979307222156881430827275697611362065575878953
63 0.16934815422927847165428933049897720845108457508435634589160665382093620770564678948015935441769103634114370377794948903483
64 0.16527727865614148943807827620896943275624362903292640247830076069879751088507192543660477011100659216855890710670960073024
65 0.16138840156697923760786764873001189253050911198275420157584189281775095529543873178492678936366853968760211718911506320738
66 0.15767104209451444922951074098543824276543321679542030148004505391263418169183970250825592802680064784901617673658531057199
67 0.1541154411256456467212566883063734914834891893590124988319103918422541087528663759478836069996346917152017691723792333598
68 0.15071250514346845411606487500595559647964856097095779990880507066026434457653459599356610578653598889598487130043166886974
69 0.14745375472765276393225844183376865577201391727326699751498075300128251536612515949290044612439304424582866325991007486243
70 0.14433127733725219028491347175624290268523771228278178853548364709166751199812590783173284554386980752348852541290796086614
71 0.14133768402223991958348125734932786864698524260563865471978871151119111385201094965149383295243180497807120706066369258522
72 0.13846606973362246564917863254592797273885340293631451792005873013676564673056997123863508133223193610082178431397110801589
73 0.13570997692585947040009487395744640156145208346031038172974046101781015709500288508440776828656627389908758338161365768615
74 0.13306336216881863706044275230097436399830561826030910280039595343534962497899125086074090251505757327541299109673411971583
75 0.13052056550916140659654635151965774938249269039237702954403168119716314036890717885521935626919606404729913944108610216626
76 0.12807628234259875046010707436341233386018715498245276279581398693297665636749019845606609843733779083568029392674180686916
77 0.12572553757871108040819343132641522812273956452732552690546078900382929296151553458463196245120294529911666141660339328283
78 0.12346366189891176201644210704530434978347599059259219206891299724069040825008062247743636834837766523925292520940609220824
79 0.12128626992563030553252442016993159358615765009267150930598431815480305621130262690433997578097129908564527575798527562193
80 0.11918924013692038916209291769630928254768182162885073672390524002928637000713249719751385875082906774484603834052985978398
81 0.11716869637550808084401226204094270936660295399958079276122435898455799914961517456056747149104412200484875698513390044464
82 0.11522099081485277438077757783420666259704120655163852039543349847054669831713287142800916924757535531923084509420936576606
83 0.11334268825717319922424106077022041245088733631005132665188978547537735580248999380473656300493264915718964903598280083836
84 0.11153055164967396696337078893232054492438219039406625978967424587631364849295989254537080388791971902586312106093199925688
85 0.10978152871547626940478078635053892601104381951068213541388278615715387773763916355994000872780223677482810732648886435522
86 0.10809273960509009330329720035520078711009039091895446693987284559029195854125668440935800332340472855441326289219190491889
87 0.10646146548274234632222174553589024814603204228298557550511800029930005707142064068040561808077638159351059590515760425626
88 0.10488513796956937828823182848256354452621871310570192815454879886898421338573649003320547532312145514196730259158131338013
89 0.1033613293726628124576759839019081920528910192768923043931012701257389348027662651236939616167613020312047495061460019844
90 0.10188774363528886388663257219549725726402073669227815812769149192399324813213705902087845984834075673862445430158233074594
91 0.10046220794934304051484080170658610441947115030570528446953800949311400180979851872886779667783187486227062420776558891588
92 0.099082664976309128067330744923099569673469341397860381217764929054788523235605270925449999641427009059722007538327077370492
93 0.097747165627713860604908166171227891234592429075970440741874915197042129631895044087489127899247977657301518633195975145853
94 0.096453862360352493564532868208231271255309045195916301414571904248110945661783633154290879716629988016486445930294368592909
95 0.095201002945447324942657881006139016472983873338698476939595381061166521047175556785830392447798132967185049554827445300767
96 0.093986924674428920286258467405904484656642469419500901614982822417391577323663113306702442731191689534700421454881738638041
97 0.092810048967232715722825172825942498988352795896793711610617620893648277102842403272244407877134129246800547051198902775939
98 0.091668876351912875472171969183188132352665510717082438494356945523946606443086082397521689822092333845986533398247321600592
99 0.090561981787018866459371400549124893509318757617361325050358785995616979442278144019510048328831076007961112838406350450794
100 0.089488010300583571757146243754185162575460911376583056325873145579531064901494536185223695420766234125396736572969959966478
