4 -0.1767766952966368811002110905262122598212089844221185091470849672488415598077633798562984417909551965918767307788640371281
5 -0.5840371730494430060173235995853403495191937368665686702038582810218284794401089315712618764813716513451188757158958915289
6 -1.285252265950677187274799547529607588146207013738587678915695695588612336240195896863940657307979355677199401521432916321
7 3.222437033404060554684240737583432768190832000042507081383162083628647442983094136438643203676033995557514729291379554403
8 1.335763720137385039100012096293146527607361554318656419238425642482651733854037207688512064521540611094644387330877356942
9 -0.144389568624044314050909801205396700943474454950749092387019459792095996881487543139132598800853723441991440627296701802
10 -0.1706853581347372966908368182407674344669954164338804855122462981053342361034339912789204508422611758092097781660160294554
11 0.1829374221700481537092644886036531037066318498045530466240968579442431360349162481693608544351637029079251012450160422203
12 -1.54536662586248001637645049137786943327856670939604443330665711160987517870862203425707428980834899212497251909320915442
13 -0.1135713131004873669302084018252779936235748558158599855911706568570457997776536690963820243732868524398549042991268624785
14 0.1643848390738075520406269814664263994573107184006785881221406678494527922172489417088560462995372861748724992715361485451
15 -0.2316804878507339800333333520878531659327946236517107765963539648335788946938974090600670137919717232190031091499027111193
16 -0.6954582585257771393616841290720741330891912333109659246107441188556555377556323247642938627410635873841057065500116241334
17 -1.021450788323834303201942132828675291598326514967613682310804694832184685925228098759384958676348160411643913818439037734
18 -1.195243002842528802076193808661366120902042662906249592188968431024272660803185682464228972827859747995322372034559366731
19 -1.255385046594928739441544998774797873354953430055468801773286790456772756293869320127944232567203714207660362496315097109
20 -1.242817795727571248394221080883593453229275225059006661765161957445031814679927706365023087343625997712053295955286136085
21 -1.188318235567477548163464397094057806493032948318486000390859826949768859542864844127621250311078765200354144888154071071
22 -1.11228444767836256486070854690140557565025385713333532472794745951645865873806707788538798506604772203307773770174335144
23 -1.027354982117441906039689607766708689446345353803505786973315684959097792684000557781515681686055482581916289796649957481
24 -0.9409799174888989651602182206191391346590225359494056904842012784169970773939311447794906007099304331419578297872793571052
25 -0.8573241663630632494847393004197740230562815295432003913899853217685357744764965592987500623557809497539323803714968930221
26 -0.7785401885474148449339102904324580633257935481755793847603581549202695799708235059418851544224334122357152546818815624843
27 -0.7055792937295292362809279604584348143804177516764298160216764772021384050647358344812356613507428890443581339321818553263
28 -0.6386955280028553397790904516541066017079406656449433253465414672042170618041361967243720423707889798397625699314725466062
29 -0.577753448165464168146924030482960866673498972376189778878904232109337472319040726003743073755703802680484447178189104756
30 -0.522413544458346133233390119344780975179148881874463824103198052980085614212860297997240614546374557916388875120581224435
31 -0.4722422701321967508733771781218037867554575606759530845865794605078772907907886192185043064268567625647063159522923274206
32 -0.4267759834502066328432128028068531651356314008696441183135365513210997667623126303418504299460474100389385870616619233274
33 -0.3855569081060882268195168205655137033043912726276053017058298469631401699530013310948680276252403687645479755450881374673
34 -0.3481522411197015405575530683146807754611621767414141123303074609085209595544558825108726790084366804999773259789755762884
35 -0.314163228282250778790161917059797321831352628735917109884549243766838093989880438513625369011222049761971211789023316826
36 -0.2832283754477628669530855422204973391617580223550395710450416210353324658504751852889891308863598689134466401103261529319
37 -0.2550233337107126850643453654856438374536606036809152487846045906025393398352034214677400056710435361233193824182903251598
38 -0.2292589942683611002290525699866160940060804261677052521285045754603182372816290904695514428399775663955968965595403123466
39 -0.2056787126602579077345595234066914903409722841025531490429184720476264417186221179424928236084755957341364458568613985266
40 -0.1840552037293647958507217741526171389885956597947604933142528349457695836235632815867974915034013143567364246902230087595
41 -0.1641874169707115097007543213723378992597817219066798991363982843062403764107410478192032365713287151833110909718913389665
42 -0.1458975608777343443243643926149260177012018866456491231211041849544633474518143136141114079658210013826095052979134867733
43 -0.1290283598760393375703608391582541123496100017373450171920890413985330541962082464724500771587534811606046309083405257239
44 -0.1134405770395769642645064964022238423681108840018602112703232585667413850190974078943326993390128220460725498700731153675
45 -0.09901080672669086630570401914154614472329828417576972857707761743470912460410567112396912140104059346624878678889621437036
46 -0.08562952528937694921799760164426380125835008366878563527040644129276259995155583892248470305235105929215300717407145217292
47 -0.0731993799550770408334267471028842353355772157098767383684588199460463941103471757223426040517060133580683260128014614928
48 -0.06163369265782680997864894031206750737368361450030369919591475221435628912615223265669323366406920321013030219659216311958
49 -0.05085515502121309818827593395038941905820665176698781503202522514227693255042051632847166877991075574380247425525360550233
50 -0.04079469164679399445761530204029639616537403476742798793548295409494360775621801473430209335554910241110768284565531153966
51 -0.03139047059237584660401833387609013832326708290686575597944527441865882472319578639912154352970994460796044134889487388993
52 -0.02258704198699989261141126344231891066651734949384124251796036466137337390782187725642695275080319033648401435595196614966
53 -0.01433458786182890353958544224542926228413746312086268619457753941252451502283516969578542929899300939730866800725438197314
54 -0.006588268331792245895483538452733661747415229255842282787022551937535758597754763260916028803232038029543683764708528530389
55 0.00069234883396627155373550862199318383538730474890316539687711646236995097897250815192566884035174626907683130213816735219
56 0.007543786497202733154263496835364174663683041801035278963695590082735206303180191781730171244970043665442167331310401931269
57 0.01399909401161499485367683431419585837910191007897196503203537866396491618709624151050251712665317062694351518799428211283
58 0.02008822904360202657715196542045748454110516919878582032542016340429662776903672646537636096670027990024877806241438264382
59 0.02583839257380500062051958009054051527931471690574683945889381397833791907292401396881735450024922672239520792167941618221
60 0.03127432329473526186144594342653983208700499945157562676630228566270635260863078826356788071378796269257623204515596545386
61 0.03641855675323373609768776861933665778479920247098654410374140939452262753351387473631665314582457875898284534521344802777
62 0.04129165384186802798100007931211555065956508227244577627586141944879641504690651496998319974515205229679471323375295562184
63 0.04591240260459974990664421088830465152493102702623946183199134389464340153809084182107616609885693953796776264506519598018
64 0.05029799677463764681334561819330319782893143414233769478535355959295751162580221712464615569558465328615321554799944999264
65 0.05446419399346970339291764460727193661327029740614719140095789754734531868278357955687041165135426987574318944788619861321
66 0.05842545625838472809903659418422136166340368107492090964701064248728231168600909194593092584821020185933475121830957050782
67 0.06219507480159307242117536697864599109149700124077154074398336210834771700479884719704768175171742685350981639843641702464
68 0.06578528130893305609456114891487328890189327707504172949144208513612307598321035487960353465900480166241332575541851086519
69 0.0692073471329003199886012853875201234655179654326623707347296396549419099459126971407357258481358777049671103323898569705
70 0.07247167193720710696447924731847392538069644524804792340284352270973967736343177182851525421202954693458674211776614613969
71 0.07558786302302147197275205575314867605792039995195663060086543789713437764865285847509131622385270393066365063573223309375
72 0.07856480642598810340378072634639474581748027733436432413052924647294996541736313505977012278396681842308012611176663999612
73 0.08141073073429671052581666664326162952338540260923947025797688671928870899228199051389606628514455237649996569258135122847
74 0.08413326445821448324980173898214723449424816361489142530438912684894886608945126440855629832748733771839587738644482374024
75 0.08673948767789405337667497964701817347645646426719630302642744902047613513556898700930061961621834063746550023775843236554
76 0.08923597860657687585973649729429617474928213385157141390960947847448401541464045258974199556690914525220797331886850234935
77 0.09162885562855169578027155022454258654006516057279465382383917360641805113656428029605876629150149332834645605528702082276
78 0.0939238153037117015527708803241311156303432701720595720174963062844456694780333855014858647522342389704561565398519774894
79 0.09612616677184507835287871404641772548712962426491970604308885181988519954426103252668042024808387673891979738742474622457
80 0.09824086293866677334589510143743647936372598218592822234748187806526853467078902915322472456830385435707428262042933471189
81 0.1002725287810086497486189609644592720107225906275584659531796410392110528380930715110051234397639899737848063591357852957
82 0.1022254870696372854343836050406887225043666770345897413193758527588959251548347992090028403364136807309092250524899794615
83 0.1041037817740990034325834141870956548775814486749976805712275852397267742250278111529209600704880955146232405484385210608
84 0.1059111993841454630304615851583675245964788267317909725858406159094334028651013447894879949488609997584321131967981693859
85 0.1076512883561086155453427389748141835743029671017389082990926902135885704402060018106289492191917251569317582062280867065
86 0.1093273768695886319999859218052351126291233313907181619313892406803375388419312631131839380724255319913558445704303995893
87 0.1109425890595776549359720739381292122666715422624064163008565532061085876719392724381262517767538988162173449251216621763
88 0.112499859871308607652965684330442650097068560943866107132121582534896020566088389734207800966475786633110239815987585523
89 0.1140019486693836690461312181953004262340561466326213493748874473858097717093217022467581739061828584968675624543499077901
90 0.1154514517188352788434710586756336754890969969970616935424429526149244669260410580164159094505215427510928758641157267988
91 0.1168508136434735423480753808119064881070238362607659803660056004722273058559164339610359774551061720728821966766257443981
92 0.11820233795597835938068443304389165374121637410122261361930835067764868779590006399910432045869520559904001599617071269
93 0.1195081967445296793796130617947175203293424086813044118540099135664505568413001013071341320664871829631263272131688338711
94 0.1207704395921848996216824371491056919866653149799450275963920738303453545064930310584252832842327378378854555226959231159
95 0.1219910017975780663154415101105980813360073423324017214923134949209518941180124895331754951293814464794712795432398192109
96 0.1231717119587175660392386176012410351320499541633072850340799213801096574820835338061034692389025331065903736030008762722
97 0.1243142989755983188941644051973929258792696574169692194600104756254512591096611556971370990673289421230246890134215098643
98 0.125420398521934591114098623254359141167787632040847398548598434519623628309143380155388079015447116747105468974533631462
99 0.1264915590314847996243065707928427333033886764760957727427148993457944357063669958728090960140588416299885029648342070444
100 0.1275292472401138752844042025882506705111996290762344066750855786257971120527396104166758675093359603556394446746175804631
