4 0.810463006024764731387022832726893640456490887255263965979424311588733801006024587638404346141393505882243854452309023695
5 -0.214424547147289770786717794392706108257140044477052317313416152563664074233803813153369734299057741264154031442829836224
6 -0.264219905384142430005936239577820065488237582977157546710425261090736658912216484352311716688027773446896104941303945551
7 -0.344280289445824964889296804466113032643205710325659232733759831786158529732679927813191621309765697382430835891281838785
8 1.44686721358788370200351441565977910360213985115763937055645479980094110822197013699111916346469620654808565997851927131
9 0.592043787944791462471911917099316145130881316175048100055771835023964253745037657712781008504853241241542967212349496096
10 0.207350659864352990200635379923833158760349669871106066522885998749363180699369175565047493841776878944608672988728473799
11 -0.138040275345274278744413288438194410132322762725477280379639395835240380564115112034311569784319566391131232758768005704
12 1.19834984796916170182106871855404863821909163259610477062046839115064016810077584744600244834173858624762323548139389472
13 -0.603457048445980906740271996311022305632602016416625849679115668707228412916750773769094188202798330398074812082229135388
14 -0.651854508445874068872287950224389503023386390124039260403996360082326139036662210305584553630673965248211700337560378749
15 -0.138969324509224566873439141181847634476873124381495115585844772321410961473887502060408714363351087578328915054002422439
16 0.239053305427414881432499454456727574409055619416996681423932339550329387034237036248919981043710717559095652921502144909
17 0.378016260485373130604653826233978191068078493298798725358123229651774780225851912317965156300287083497480774997879491024
18 0.347913617961867339348119635891509237278162262984980813039513709353853845948286071044335645575907428431301452360208506952
19 0.228441680201594869751833624571033858800146113849816093921089120521927594961944407872828649596936041797268378115985645292
20 0.0735647347042301251002144923013689540544366049844357629692121915991209496277531137881539205735003938075400355665020884605
21 -0.0863736260272811387112036757958602891418702849594866862021511296978884143907535370342495840524150033385064170593138092147
22 -0.236438018249650162459013853038613287048043197171774834683119866820730486422175693358080279730715572377240658607257767765
23 -0.370498682723182015025006974321654486731726281118497358199601574263939341200640809329082005564333969826541793646115741553
24 -0.48705628251054016407050462753240112073354369047172207738032748387171028756724992816252731420592875950497069078510348036
25 -0.586850150704601337765671882595083101966446193791229152387243843204658853576156119688286620115498574117105124997867487815
26 -0.671565623100778620753653600739177888356033637138910945795047317841473903968131161334860815193170041858190689314291273418
27 -0.743169195446053114662207812239874118549107627802251400226199298783931384839238348216562307555399061443488429348504532025
28 -0.803587250838214377617281918958290071857300442270349744802285506649995830730845978428946604346347958745142807098203070201
29 -0.854566776639070553583792643638551286366968235338910343328945074150815629823481595901211431331153994107669546759841762238
30 -0.897629163347912992277936834436059407914122016758762779723429323619484291345108303994374058988829948725461070265076487901
31 -0.934069256365973095486734871170063840853040461622474060599660737776941902976425825993639936647025076127462504207242033412
32 -0.964974476338107914398422212949180363008553223016380185245816078051966691248415058209532225252965032687453738397655226357
33 -0.991251108547057422411270420953297946520034612743740478925953028124077683411313163065810483693960595264537977150711964524
34 -1.01365143636095101379689436742489596584926148652596845877279867472578698067586794506447364813937973000895905235720905578
35 -1.03279885661047805845033476543245509291102036759337001743957683346319201955284591901218410728831853569438587156756105517
36 -1.04920989653745114683909928852207800468071771446965297731003658730066905291244884378393397742800795554881173750973704071
37 -1.06331293379783749813497054328054415290451553658908141348762615817365016603127065272717383464811531491067993120734662346
38 -1.07546382730614139268733748447379516254078618389645326446105394090801299140339261887749170026950947841171486124063064273
39 -1.08595882688752574036689594360259858639233043392912347736817099052458344842696717577821419168132072492728955030572362982
40 -1.09504516692118536130235492451378262553544872836481198447964461932364295872716799670878705394942993241927653529787441008
41 -1.10292972879462251084815844059933058007639958521398112011338221960557533987968814342246066415118494705246168833985952705
42 -1.10978611310031786763921522809188248538362343542334033448142228200143413898457990668951514421632692130524150260666105308
43 -1.11576041226418135063692343703625092212907723451376031876133110788557709555688221519680207075429173839815481634127989835
44 -1.12097592585858034589712857101460028174571396038459260149684521562701043538269932633006931335020457176375444975420710308
45 -1.1255370176568730569954568462287338801851801428303762337381125197483673381666709621139964181138657689621076428786570772
46 -1.12953227656376433126056643628542537628107037923227669946236517048721546775597243681995944806050381100584898703469513044
47 -1.13303711278187910244420326411126073000713625565031705051161110142787074182133514213583026107225338189201233338666901468
48 -1.13611589532522949614298835618344803894046911131470232343142338819423650164965957382678789657924861868766452613471240253
49 -1.13882371647733773996348610006515946685881018449562323478613098713248475527751344074491597099308166663324779755800284537
50 -1.14120785222965191479366899238757045348764333677211426383353310235422233218876656041553314529706471847026441801510081534
51 -1.14330897441252363631575836021428316400672979682797881479202717661154585933407430921873267530233238195228650051937097906
52 -1.1451621595335778624529853271459535105546284628966856527365879221766441663782283361397671365755510674907541975359284432
53 -1.14679773075502771413714236678794397142762601349273425743137845903186433710881874964498322604766768826367471938438344434
54 -1.1482419625529894987664954694523240954949480226126217045814776291382453274177045355854245293502716282650058465968265313
55 -1.14951767206860991438104686413274108957067027208908098692306223396425626701977996269694048073450136770808629548270888367
56 -1.150644716710105355535435271814897544992345049309689085489558752129131110348867547594564929223183290883539954871765569
57 -1.15164041397865632812740147962839359895174898253564265580999835624407082947079765959324343587275344879878168903587435198
58 -1.15251989659579908286062063092839490831748083044334177309954549350994776168530431520051916310843230675992346956458135666
59 -1.15329641366731190756079706488566395262465599670337240592745392550766235873451513908462053062983401847781639966046430528
60 -1.15398158671870748615572019528755775771911345139595318174350115693284400931104167159900924560195616437629811974974495321
61 -1.1545856278929029649533288892392024074097136072298144555198667823911995135129866914094547141738641936680901660603108538
62 -1.1551175263418617145095035476522876076254021443466771328004301095174406349949366780797212894704451194619852234182364068
63 -1.15558520781552424844609788904675294232905886256109984196214725600967064132375518579135837879486255725004592052020522571
64 -1.15599567160889663835180912760834329248729681004710972298469168004571162370208945311572546558747650288418768650925406566
65 -1.15635510833633580476162260324046755425585219645331105947314059913348862166045398255414606632851990372404290132715741572
66 -1.15666900143248923413415910715095373450702756122239103948456430630357251382649238890106459085304169076478612218032008359
67 -1.15694221480922710710115367828043230736429478274590111516081449189256871543121278349725403162068689385368261449471681669
68 -1.1571790687089092970736341106874717830535003732927235627691253493996345768366878874715810407464673561366966011415884895
69 -1.15738340547166477127615790487924934903098167540877990040883778238049314839911529924043598592707041947489255191682908158
70 -1.15755864666606463399302329214367811559686915810263852492677832060121156656498878619111233293697872958611799012071074467
71 -1.15770784280894689659613339148368131360678644356547254406540549888012601376837247098716650364096229326020161788605006152
72 -1.15783371671332372392538724748247967637414061269745179732587551402625469161524344147191309682606842257324892072363562236
73 -1.15793870134685492230666619927757478428826828991754598754710123786784364799686255641146361657763707987049089498397933136
74 -1.15802497295206737657782809331637205368049548033477578450715434936953391247888848649673610605531957639715757029007579229
75 -1.15809448006905312899198984708099380799946310431353298551743971219910235192853850774400216874451808426662086149407402902
76 -1.15814896900827331819088500369819720713207634218157047234362133432212540028805938465893690339010600168907777947214172198
77 -1.15819000624244092177089723544120158143897766944782721175821433567773148287855754083873293466497517877443526969395155949
78 -1.15821899811987033337313229761794826677973756992292520927986410607197233190894515305761196546181635156128093297238726654
79 -1.1582372082451989845294892832603298501756388510098462226832780518463653791496694108491509991524091650716584087382286122
80 -1.15824577282537698462298052031330291102434161581215721820489019727615137227929970777956976886971780775368138403829671469
81 -1.15824571423793403881734485266903123143991374163945693229646540676620868853228718407132871066353347364490304026595778986
82 -1.15823795304364539508880665265697075814316841025718514011794531851406065633550178879035978361928882167565667443441722006
83 -1.15822331863589430524773510799803558591657764927836117528650538370741305881222673158916458494854961416241024235957391362
84 -1.15820255869348596872653921647233346463119018503164554109602000580373543079693538806476539205830807944297504407592333416
85 -1.15817634758175330064048476838109798760753295354959366827477031613687408345324479393697769682363461936164802823052404008
86 -1.15814529382795994543309893397691183113200761018164403291667919305672604150033705127056760407271811788740965807668806453
87 -1.15810994678079024904739766628034918442329976391973693746957102531094081151856866210543488139788682698183944069780168442
88 -1.15807080254973181743918136017179394157191092425077203107346848635263469861793887019012129319874096309820710365639119776
89 -1.15802830930807697938607519447125442479589192029536190819533897888010614684562016546989035945199899932383854510609784394
90 -1.15798287203281879421505547465670183603455313258488903507444277906969230282331709205020283750682161073721250875269309957
91 -1.15793485674566146807433135092177169352622343336445975822885229614155446616592903898423426377889455184082457982008702247
92 -1.15788459431150597423548754439644938878924125606103119806814738125637667076272114966132886717027985510265978402550146362
93 -1.15783238384394096191291317621160382425600045800651516949805482636354917041588798773497673091927274511512689002454020035
94 -1.15777849576132343207554004195517916252071215867487781856571910169395402073869039647364986810142143885058259524580279285
95 -1.15772317453185105620115516093069238752241225352690975597300847702451816163896875724652272414593756181044330228433168563
96 -1.15766664114150416813643736838363417268681235880904921889572979485691496886716967789852047359550455531112005084340480764
97 -1.15760909531478122219898750033553454002519706181509867120784182774409317607364495964398026342140545614593064366082123366
98 -1.1575507175146905244924105592892040900105425306831747385132070922689298402640630795033506630798715408328273772400396752
99 -1.15749167074542780382383660138922457021124734020319923947973843131444829668899868512336850259550572175894328442393225134
100 -1.15743210217850741218482563598929438797980313534070949234474041325641585660597158074166244347814859711923972245391428915
