4 0.15162247020521841813345852098754139147551298849920862979149760759981265871011333424697371820797798361924794932470747752
5 1.4494455690354421797054727051801348214764141646088352018304590816320440543197002362923989444212044789603307341219027004
6 -1.3157191083952449198186287760173023393337896510776404016928475090430316745262112190258885074668812407909746176406027489
7 -2.2268713810792824125108291794133908905020714237178630881465285860724621312979693578764579343527352057994964953179141009
8 1.1576509878020168591461244284841615436822542014988497841924908139674442778407328552494519301574124647728580020859361336
9 2.1130006830917703997503382251175418304770361380743644795630522513231908013947790204520165254402363760170186211549832554
10 0.83428901949214726320300496479428354176328557322511273910367901121278678224269977457934625957128594443542817501490180746
11 0.63572684807701799795432673598117388202194387943225712727896832393154943139537985656527490365409799124091484343249392234
12 -0.54562615579629400792137211624492073035954820048626355310834470948576173676616816816789254898843296540405657494711166928
13 1.3165118373278591887445042181164544543587781224355246442160195084914736631846651553305851620264296838953522356960205729
14 0.90601074824581131741038612509302746115694243396927977241242750262797195939281820513776867064853079644661837670870925433
15 0.20909272431131994896228768586271451557814477982239675514905808848082845327478942917836845882604051931392909414647949971
16 -0.12231960455225029019486498752273366197573612781973453153257522640427804635288684140240644063984208335486336066537966796
17 -0.14804289698637613784590375459711342044158956319049014402627103991513235824313698442257783409209799992317368480020695845
18 -0.024794836571435249355305041848641154737451138410799099323459333164335910944677581218470247895031451553011670723641976733
19 0.14284374166958222921169304114488985439259758131537919536817902232488269585274419503012222393347736275679740724345149461
20 0.30356463639834741306829695246853967538030633001941780667568548642577472081311740878468032842551489993146867789600774097
21 0.43781949162115484677673269430212368438762174133171387558292899767277884101556474842437546030693933361848998305351868918
22 0.54163437007016990862380781575087602196465533605498652275330416244474677964220578832070101523825808231490323592329646361
23 0.61757645888332482821125363832320012512847823180946446550029050664853556308596280299208799934733707960260529922954585272
24 0.67033428141511982018333179839349080388517727887698812560355980306490335242270465958677335355492304300020737122370558711
25 0.70476704106215200869472835596910617139169418505646689986840311213114683458741343252909958575572325455428322621350603888
26 0.72515924584074932125344216501556702200749308274834995361257580254740317504611424424329007870025253021700892767930292004
27 0.73502291433239891547156628645782547525049496745322501404103009071073885991926598793313493205658595879029836804304562731
28 0.73712693056588593818902070897098722064139044716521834915463753144730983245749019368902050550067467734719296610994878958
29 0.73360524784802821660600353031428068911187191019459827359208207532585467478226013685436517146170821723599577874845287252
30 0.72607938440325517821769049906666855588162038933947169534304415254254459914854310227616774196829610055775187964205775071
31 0.71576990396374098823445380770620579290142059012533771533554173827421356741459713387212313425367573281505023518344126895
32 0.7035892005926439997109108225432117967030681104926628715562532502168753071072420047877927810346582952964231823603988043
33 0.69021530557011436535514681371716670997215938396096891888447748565086394700034099536406841598085788401095829112569579273
34 0.67614914051012992830167263783571308236505068759616537601573405122535022961948320880029051543945496185150199525994063923
35 0.6617582908764451685408660067209813582996939142504500866495818252361625077457931460541414701244532302148778491545582623
36 0.64731019577962087487427181252441438344082580077082707961223525945331709771440039343174028890002603959855686677315526207
37 0.63299719752096601631113144997396869296565299032840763039939313460150814888636571724503865318797893300188015191009415233
38 0.61895540436458104021142594732354153893436873305826495950557797985207343879058184998922025860925484949438708685706457846
39 0.60527888269267159465588624459787601989210456648212047232035834248986822704680522840106716998484586925231500993043249991
40 0.59203033535197182707968298075470957186990566047516457836638194824456945253670757213298130037068794083454466910475681277
41 0.5792491401451301394445599520021625457219780464551341672475144315027419649710594461329875348084691291871667338289206417
42 0.56695740512877174409431028977196677299773508765973420574728538917404339981246847001151689441902584537855226287171750598
43 0.55516453281063789697216858445405465839579786098307281998070070536722826826119197523405170722149522084908369304160677533
44 0.54387066172102565446413657889377414817323549895147824028816177490639714452495771191676363588656377766683180183589634009
45 0.53306926139179370401701293780938364358704372070804354375320621253458794923136596802601015672860377295852061146193891813
46 0.52274908778588072269784798277633721257229463223345682456814198301054017817800950819152049045098267343365911029089589217
47 0.51289565475063347720135467039258513514143713440564446252450287696511014677165873527822614001742559842413674419764462161
48 0.50349233864062431392122497762948747122095071524752470365279509439289301645345038841859731965322839423791285441577793482
49 0.49452120452175176052528010984764533967688696306665727435056441179385578801767838043505718912585604126344177131001447231
50 0.48596362083936919503063956836049318884365973503741242786388295784513614650540378234878138610934172067502281714079964701
51 0.47780071326437088986417169933134160728929909991062981574154672496064327236290506090340391563281234145068939708763603222
52 0.47001369625694843611985863457037922262558862130889415546828967887777983403460810878440570220046475580349215235575695136
53 0.46258411169684461005076271064315742620541687148857695765098373389057029228163853678170486357776811204445404221588762828
54 0.4554939969716591875363439671111649969378953587138547671955169787613790733627965948857398849046517615032881191181661771
55 0.44872599963429448057461227622554513856403356944458695592699845004922155590508724821173133303082753817767446169995663273
56 0.44226345172250514068482678082974285977840366039898617289162270221455485018776186456899624888010998795394949143848502799
57 0.43609041376844325066887141513406115349144913387068555713570126164272290797676840473951745955153457044871440000321418128
58 0.43019169618261835732723782639703175028658867745040001027124027281606868635428844350324649469517306543726578012472670727
59 0.42455286390112907302609060107053595742979522812673227925992268849734547479282768761320100327637169221093099557782556802
60 0.41916022880663200443312792652472894622635312888776367494693202433979974633653336744463003653075019068488868754344798085
61 0.41400083337359975379993152769654034570270716626544381052957299000230268883407364457939590570209336659211738382871319394
62 0.4090624281722551373593307208898184093302809063027853864952889815486559252840750101286242587504094497321565228593366601
63 0.4043334452364084845907724922212361123311824780712449692469418034137100253300534156036478223955597021349700587704375479
64 0.39980296881505611281637919772705283409943011650532094382445683140864387740411447816818863129677872302174391465529567715
65 0.39546070465302217853163154275218074967066373272894208210299649427223802051856634501432126453603568338084229771422063325
66 0.39129694865687716949119332904450860857014729903100955679956379282747267291838772956935034867366742838878770624587764338
67 0.38730255557944974415104479115312883467213642174920512780241078698666282682691397943092036520800903975834933124600252082
68 0.38346890818454075137003964558712732131438525285679326657834018351326023777725335609809483612971374001609528788439146004
69 0.37978788722143938958610657466768012680838004150955817227242037970196701918843753686628499517082889304521636108086753056
70 0.37625184243763597036544242994130144391476005035853523956240071224672764476903060313922170933500430995123733777703452138
71 0.37285356478083481324923171066627293891426124559268779319366613738982674269646896889215483476809517789952782775456898302
72 0.3695862598826500718969999321347964613117815467822590255334239286229917064875226543976356431725460664870992029964219486
73 0.36644352287206394906126024460963524090870759817641408167999374875554674116936989688424546446338357583200922580867872321
74 0.36341931453360928921354435954205508840892036751457230599239167286829515096192486058240647085839422093364758152002466721
75 0.3605079388007893508681847029115373898568373162959659037054934096718373039211012856797076975478265314829534723044765472
76 0.35770402155750338683444149889304129575864558052116184832758145331237061751090592661100863110171406520228224382000719641
77 0.35500249070767543967442093410813060413733623378930147888317530687284544828354152406064402886285260820678345530836865329
78 0.35239855746468944555107227780949966549507312417585610337722290885349433335811165047184328970821003178967574967534311709
79 0.34988769880668252813289658329217833078680659580788911362779016117364515169266702678960128519096930056770417871422050438
80 0.34746564104051139986286427769289368037153506417161716096351803636024161070541991213621454296001227104564572974395702714
81 0.34512834441571557978396217765330798443058823670108106075184752007300604370522073432175988271935855859410747921637883185
82 0.34287198872961279822599451038464181097241378367713447277436763648076396130616953584582180797963163828560021607758027508
83 0.34069295986543205653870917911562223970866166442892743147820792197988633958833405276904399705566899058349074576580510214
84 0.33858783720685112749806481276860504640780560469681014232552816123505577270932487263758045160550667486261175913735613267
85 0.3365533818742511764518619813636553663779619311134970348486950029461309399686857889871531402654945987457190220299224271
86 0.33458652573027253165869600459812868802635201237852621250118344869403182820277493131232687046604537624053817736783415712
87 0.33268436110473057674581647126670176678563460138919613987023467871848504647714215780248812132507009219521007733850855638
88 0.3308441311915366235128140606804654688851880154093801959083192297376867727735122357258169468228257461107198457238756822
89 0.32906322107289565223979852876339722663993146731617182671518446077067712003336213575034489079917242986626604126289590661
90 0.32733914932866904429518272538896466796093093747073836524228841832231626472373863951787713385674889928074090217714358785
91 0.32566956019135787015149888287897867766368643034584500510043379983216070512961444882607745226458825688316770157495573651
92 0.32405221620965375317843259052920413270143199768339288325958453331744756836844074616330226076524075141001779392587692247
93 0.32248499138590100768171556342496678101283265117967464062524924911683412544434057855837231854255019715880550800825408234
94 0.32096586475510331049284582610583913750420481461137471662152549474676995077960051823478162619644982390084109076453379071
95 0.31949291437528321714607398843537298615768179898619850407668347898668697960220727175002876959331390635746231720565163461
96 0.31806431170105974084458056097408249883615810084015918958627517341548691476338212060965382814274541828854634954141640468
97 0.31667831631424716210147300457666066570142681082859754580483181171805909772233753757791282833085502189783724925918787584
98 0.31533327098709850742579994318143643967694262761626882854596415223494872468755987800501642598881746870489324867957293871
99 0.31402759705552252499371769834553250693425480100848298304287201903300193435458952460827747513504717615412935056260478596
100 0.3127597900811973676362670546729363419007947331482123368274468422620725678232544150596751206189271486811735299452782856
