4 -0.404183087515535618307171772192349880654820702639503441614766557610367109252577196877714568394638289142410519160639185
5 0.262476162462028491389440915140374867579866319829144210448567822642417749336339533461699068553962437168884328522438194
6 0.472034746903792281896349460540053990520650199276891665960760992472909336791752025903031719376287661444362665790486442
7 -1.4567615153801367501484910337653936704929601990957198660571407640731444496865913128938643551531641278987480750424182
8 -3.65803949419516586853928191498069936908391315139755857590206943582729794617352209490136931301448941529055170254981647
9 -0.593276896571117517647752596948284254888310308450314624108945429502971459468198714710288227686618247656561502093263497
10 0.121008860898323993089174208767764828157443992010805507076630074578813321478907809856055408127680038755567077796306535
11 1.36370547182421940181180472505280372677084982150462899215341207464632852641098228913275022575662041487805507986731855
12 0.720753935488442701859282507014177595421285657763969477736252621951255241366931247695214983331969475290590355091585909
13 2.18168659698366456235900829208972621874702280647064864089105883200014324708984251915504613442411513585973167752638876
14 0.693936437703757294752323950567909297053146950564858224086847631705568028472185512174731396607988623023673097187721821
15 -0.0782555410634772485701145601646188840008887129371490944774377563511880832260120329714998310816796102029510819309094962
16 -0.0823459799972801217166827971243112256710584674135004820988279852465405965676292758267216162880912014829691248026855306
17 0.181002643165579317704907988189925768031568960936479954190829821160116020459429311289952921404975333593194119301346279
18 0.445068031214186633395704117982603400611452804035120704405130584249845471056196794048305399163345793720161461315920344
19 0.629316051167473887506633932405635311817041344966797641896138428476325884585557563147989894151538198933658313918542746
20 0.731612785545171333628622746247141743844819195535187422847117087807426087362608283318973689451362310157905956595314066
21 0.772066926998279206549535283528272091962824019575192437702809735227307221018139134292007934848956076698528997442547615
22 0.771859117889984291800686450040640707627364117094487670839888721203372698822861692675571876067469571217350052928791857
23 0.747408866617633899987993812152553987985650558025396173634197230596065545342354828605304507568037176439841682638603595
24 0.709991905598946466202648637264849295824246144319507869800472715030877058571439007601194081241872480236020951990754496
25 0.666839193063018148900830090962139875711750825330737141603456311024781105458950784832857325914018150809986262982181519
26 0.622353747100718989944013816645508098087029192664998231378467536584647322254490780790837119070827204664199035202258009
27 0.579076517371398802624626565886563151373381919858497261614917736324543693464238607319184769899454467133287611343653976
28 0.538367776911569290621074371297481878501839657781681782159875758040777037398843645241579106711217450969425534929194967
29 0.500861112720711948727231499722350245019140450349603653085533727723686305599069540571018568169472336035508584418969599
30 0.466756183907822716761704789940336345578077187659152111628380111391002368744498501777335352179930195911533686062663162
31 0.436003442697213242059297443783971337261326020643124972780794986496705114756782065995922384581437153062921127957703492
32 0.408418649405305343871177515223039925538800934142499699925137259297631856687708400085203513887962419816833866933860335
33 0.383752600295644979090927246577486459745183695164699889205434583421675336216706299103067339078548650311230856288178861
34 0.361732642847562447190769595306280772877230371471740112731149651643800292698359586602868056979279548271580294201620495
35 0.342086603399805673511756992395453986878850936852148740396186290270624445055974593505655958367189039713043725001416515
36 0.324555867955042139289186685327704117946904890874412267085469375841661830386874638742679629722009180975246361165744726
37 0.308901862578957229098370874666730068995038111360161766368108035890951346472697172616530640743197682822562997594637045
38 0.294908592838458520641090101021268426453767102134258360185671374238812881717292453377410005497821674698213168595287778
39 0.282382897502454788282936285281627199234811976297020785210752105656727377979042375243255301768595126330992011361800376
40 0.271153438498079728656003505182000338173541070818607725217477779455980848405342083313617984850825858989605667044025318
41 0.261069050965207491384981969166538211227591475771317552125505842353439963576179292710283456902047207878324738236194086
42 0.251996827721017683952633884308643392878415339389056570624741337045539146057956576467676942014635319545920244987639546
43 0.2438201567647409526668145924241846730889633130607741087640329434925718645778074532311089815237006644151862550618874
44 0.2364368339846704537108678228351357710082208202127098844804106744418632991127775900583427797391283648335216760219217
45 0.229757314076504221738684103723445107086990029314735711504568636011723796541632745670790830753707218316960221492035709
46 0.223703126992520805291745109641679215658331067757180779874256945675175796107560445745777958960279722415198428792562601
47 0.218205466248551062200716814334998400387683332227503625736930452665492395878440723163018689190963832683634899881284712
48 0.213203943570960550637014891097328776888675332034749401244906572065993020841235644223085276618671116689862673810264641
49 0.208645498158248762569862323009256530159486276585260556084185809657819992990242438375534897708529673725566710856509066
50 0.204483446044490701430410315415428392564541546854914929358835317535615284932019664502118012931728021515665514649817048
51 0.200676654289805166093918724156804595258208359361252053263452860515787716459702254877725167355673802767627651203796851
52 0.197188825114036969139670652503796392470023436825865634458240126319620542318169913625939129824415632301925761513051707
53 0.193987876093684499931495027695346619852797277325197165993966823413531674650931202948452519501013053383018461414741958
54 0.191045403829251449406956193015834151995935449674980930116555511524541480535727427419250643487634672875532448749704524
55 0.1883362198642715994986315245414248227894215902842929771352216588465881250432465186918694030152367350743927999933822
56 0.185837948985523829710659687970114763546606906976243649595070678401744605533211995812314060097139076263115554610755853
57 0.183530681295751614335103651443506417784868761102165727864148550647915391613918939479644152864957162427437929801961367
58 0.181396670596776775681712769499980997626978250068836139888613321774803007382766048369934181693115971114027568041150798
59 0.179420072642634952054828599387239505372005604994730007063468534017256837460281476378916241525000974987543316928641309
60 0.177586717720710854396618333876710982531912288090201013267847978329847947788854571871065407873397004431094188954501593
61 0.175883912801289753323106120255668580104463513858749163194444436353819077207744061730167675852472841298831879020672375
62 0.17430026917285960561245577872673484538476977481359232791096482146503968480910492159740799903236832341245142709195366
63 0.172825552063331707140550556399403788532110690926132555160284562595899373172112644092825443488651700859984450211660824
64 0.171450549247485821734288074828050247908131582965373624736007427284811242013737355085333043894167973686891291346958782
65 0.170166956069130649149917049902484489773386401357079842149698076927494624214683999264852596713005632616396943400506986
66 0.16896727467250161310555429152938088506442972236901923446488024099822750693479550267485051405287749708574275163964204
67 0.167844725550039723431252309572196176084779959908631664562681258068894080264420728864545437259180075424417677443771893
68 0.166793169780593199426170026852920144089534909895662915306654016314573264732880955192883540940320183219129048114467616
69 0.165807040559940075669598889565548358164693665109053642869694353858811685281917610893207338223174336101201150325597191
70 0.164881282820110493608684373317302719464130553041713537123971730295735191811729526667631841628502421217771466549066316
71 0.16401129990023794698696337563322898058326045442259041312882651022130775787221801747280817805733413156837785672482096
72 0.163192906373815397185103010999092461142989211056987488385793616180621881655241194672977345797097984823648206447363335
73 0.16242228625887504276884754213015512056382111270739673633799491484312507570617496627493304036713212837145920752607049
74 0.161695955941810292223777203777888816001010290647855686294378967527179432949283865682984160823996871580995873293825054
75 0.161010731234913640730572672387567349264264951357588118186978458845475711057812210011178608217334485582233314858833773
76 0.160363698064418951067164742864844945714341322644632779867568362243165875482877148260442219191435518092593343298625461
77 0.159752186351780160033682613275926775467233596602507097610403153651451627148103381986228831993508155666862205813820501
78 0.159173746707675421746434433328220398004510157581817665421358224963178187517075770370020206863141435681272503492998813
79 0.158626129607140100432598976702908073731912051110580990229945958180946773861023327874255302600919194331518077399148214
80 0.158107266756444048955212816937267159587295127899528459423665553008314573117770701799107258670035134172870973364593292
81 0.157615254398806200755341133076576477799476013242380946687611667877483390230845172198814408614299335232566505028177522
82 0.157148338337604982625271993074343891851520105402973291788116841535164869701766971503090748630394640820321064528782215
83 0.15670490048309563283145409688787939905571674316363444598656950467156659213124095806135640434667324433283873543425189
84 0.156283446752380284708428118199509065308366747590294529790527456278212665584132711356903657517734516991197704803769437
85 0.155882596173000671077057907171676308581770414913741402038131677664754385731231524845705068889486947644592774369822702
86 0.15550107105846897412538234051840094270339088670367012221679604113760003667789770228791472934011987003249032912638202
87 0.155137688139688968549335975670070500893268139103371619327549281388317395891235688779529969979749693792006885176718862
88 0.154791350549862893400663635814606834779619448820594136802252864933078664831971126851950636408193695918621764691210304
89 0.154461040572399683451003826966004430758645058441145515701374251943509537324527174609937097813799999322534587674122886
90 0.154145813071768906925420569887481443574618885532509675964332133395429342249328214616505726069432875141146782045144554
91 0.153844789536380749597060586241796770622102001067777774146026209731862533389767900920707379263311361078309062594923471
92 0.153557152670586434713167454264605661132084922105794929040269333986136712528640640821091567300869805888064218475496648
93 0.153282141479932503292596225619109425519623734601205258632488496811624655561987447451722814514435475037448862893300989
94 0.153019046799992973437869570123485120016265084074128538786790437178058422088762805858810808173651274614083408777310532
95 0.152767207224554729312587888638137146815731264620125851916826663577554115006946615704120108058353393133357720286281007
96 0.152526005393737856869070188738023917483041872739699225025569026086750021303544050526103645530038358278160965790139563
97 0.152294864606875592056344013592710405045532454577745911376627524376609523730731502116334918138125186646149720620302644
98 0.152073245728728691250735988630549358873939783659493338113439651972657918002902891579624740151705665907642576021993158
99 0.151860644360927595781691071640714105694439779371861178399565275363938322524220502406413205633066435348110451787428516
100 0.151656588253475891056116442282252280465860727131218792720948823972651926382562714546803653315946513901361021699996286
