4 -0.116011717867799561821178756994103650369698526071737894581070909397942434977631608862609381950897438529526404990509
5 -0.153595884248080183172467467240362356490492189238801736545323002262028958415831704523202051260471553759222020829411
6 0.472731505694009173994655403285950213683195301118069703158402858324215387379305730505846364625313752889499713899892
7 1.08658281479844289634216803090386839545051629580096060300688440565069663672932627512431536772813552682284363955957
8 1.66206155883615126133940815565677968862291229105382512606322248531412583015133053077529770311777492983808572728365
9 1.57045574435724935245117890525885007149610529623697314256305337064958095716563068750350202042177633720288412979656
10 -0.704058839203838861914831216863574775981780082951243844124584184210668621992802515294925875997089406785364147302125
11 -1.13678748700484334771481830262837557468127409708632809016925376315208184377600222700986727768756857202205234925059
12 -1.43520176587682048637805711814681040752978018484871442283509867962039065613438916921440229573108322277115896747852
13 -2.85064235105112939542179086596037979519030764643449880014597989813893054947595377329033527503216583949510565835619
14 -1.00338962331006897195415400174105858202476160804348977406901104091271633440394738117248361815685639666604678157194
15 -1.21755925550770032860931324181003241451677362439298786605032666595156402139033650621600060894062328721722312312786
16 -1.7003016766020412749714296683511895826543491466281614142619914057114352756024544781534118291480046747656991114703
17 -1.79198484788079930568817056286416365704751004634137416941229050994013992870510895895171406919498943821130680893974
18 -1.57190908955192164021926376801612100549892159457918265991989904795840325976475405854655311690028208552195808014051
19 -1.22244942080177938405695069496159132370148599965484120763688231830366185427906287230470341867904106632772151861435
20 -0.861561411960003154712397604695062377769488202568546527020227537390848363315369319765196345184671577554977510345283
21 -0.542723473657350329270475370040132883156110973976871130209542137276512157874220796878329115870741984300257080182378
22 -0.281828883335300109976087828801305689462641139976260815386688719177666269316564330966664745669383607136892822647221
23 -0.0772868042084752953648233825598800533021111731899260034999158857905407320710991948760980720760614243265448219800189
24 0.0789662869575680291031278284530273810401637994538417027932166131520378154616020656334129791715648358802058876308249
25 0.19629495441055284844333385440509768388747230907924094341576697487974733317504895352995223787134949079745359391711
26 0.283266084620939229696184742698135356262644144174973760929584023805834841018861694588250323865214797418141363014447
27 0.346999392800900031533994594815038283413683117905281234844664646853635056943864413151522935134712491527497107684571
28 0.393135733795646460187245663894668866016746922232882451078657556724124975516056672835722859815088212007592785001336
29 0.426030282845402860383723717625889507670062902332785637319205759747195001467866655527090764314459270151992288968448
30 0.448997944357219238409549907941009164142889938990312020153610217162773356827016626556184507914260769930752791198472
31 0.464542596706140692521316473030809039572504643721099214505839165937991055599110687854029902008753614482947538059491
32 0.474548518514658913201943912875539716007450754404630413129692336859268786079530922501213963281355277440536854899493
33 0.480431834073469987007279664788578610115019738901102429394997723297255469189813594589852052565671372833408294152083
34 0.483256916645166998019923206234060845868667032791307643809813105022598309656565232483381885790361591978118656801581
35 0.483824441864910986075510014680754412230570338503610159758118529629945981321016557130846529188403230144221546175034
36 0.482737427159763112366423319880244862802479259208731319123255773817737885716304430646144519276327833015059715148771
37 0.480450558588163613637202410649838720377626355403563191381129238661383219611679510135964976120289138182470079521227
38 0.477306988053692414496371249447522444894181779559460923050987569400177684168269530149832274393652515849642329215144
39 0.473565798934985477525057018929968440163289481411921629470456085833107918898540002339992261087301164285746780019486
40 0.469422542229224519576843967523925619815359125497927510149594609720449524436551039301546425338770917278816267314051
41 0.465024629748738109842244445659824967669868651101606222490430985915831845078109488490329529599495714488669471737915
42 0.460482906372797678393897757514142361641905526719763002681285153753558356131080764729196444191772398261090327501845
43 0.455880377648941243799397254119770262977586695054858505240492142468060670458165062162294652687799501085214646797398
44 0.451278813745303630572261886921583840816718398765225834357015265417503300617844988636644224921944648046290736752487
45 0.446723762949827866842632842079524579577686560962488384510192452945876618296572934243363967271194277725621980886629
46 0.442248369927830049497678938657509930576729556420437264845210711748544005747440938332887881589727237253431249609572
47 0.437876292523456757003479928909568034755130264822606250899073843095520509614285219375921017317626213204844092593125
48 0.433623936215765326583769149439202711129146206044802515419529412676941117927200686897234841911325379037820215916177
49 0.429502170227186981949004439294508449073056790396034266841883078132256390210352551348371719164240134987121007992739
50 0.425517648485371216025997467368699992480738027286362186102461541092668876300763849157430330943905248079134159812944
51 0.421673828338988025578997248505821320867387609610304799734530371395381628501090143918967559163006076556922721728425
52 0.417971757342813922213000965836563930935128461820548985635036748879360083611704081394118321140772775535641738305288
53 0.414410681530220705997063188041064479779849184075903158149736141698125924226345152322609939296698432254795059980317
54 0.410988515901575301720106910839475712925595545548435585307503972603324873124523553462304566913859621954267784545182
55 0.407702208291035318867089324762693766971246918874630007567524989649181825906068240475656913607246663189429586144191
56 0.404548020535647675285150537323985232004567700732717049913738451143564077703085523406384222079585967557932537413902
57 0.401521745372856631390205942932554211097520772765612448173769351731120918575300620642726969134239034243345928751593
58 0.398618873301660416830927236780366346229643185099188784169581135257979192099094152605935062002232816654230444572849
59 0.395834720436719763055654491453458944463205789402984695559456050648873154113660914484418140258325759905566744852305
60 0.393164525923830521822417760136518225809585949745982307325227254035219994351513109543567437034134644025691281610779
61 0.39060352558994203702691710502434083778302985582722138706954249709701629608615285896607751511251347256313393978017
62 0.388147007036687707239741312313201662564152707835217979014022214001404033124511338333446637646186057308927039725943
63 0.385790350251752902408751207388234283967753109967757610368848833107876978057664613340923196154017674559014365131327
64 0.383529056930631368022467256637766308718064826114697605347747463760960719759593930540007668538200658395937993117757
65 0.381358771014201626709975100106680644406125750013243312064705956406983419214383440918921374412108362583612075454677
66 0.379275292410755543005794099867637374802416359251679296676145766361616804136531887693036114102086662800569778470085
67 0.377274585450751268408522970288255341701696476512347372712458742965766837832173793201522534434045811386187147424971
68 0.37535278329266286607973502985472035413313341722845566491928216023773212518278426307051067262145955573661260857254
69 0.373506189238873423542317470899118209127763286801837721208249570574788005128698422375529233744075414909995289545991
70 0.371731275716184115988694811617458350785070562468064797170011496729012889517511621898284084590229000705747032686755
71 0.37002468151424966370034205537499365824693807032740228332042822303743818177459150136254932005212358178805348062874
72 0.368383207747832123355326354521860642967209111909725774509088083082371731877432012628209179768914835731515812525433
73 0.366803812907973626901793526722951515987388214888193010418454836426796609181145002053308516116819303531399264532459
74 0.365283607287390870099712605537775829570754065605939273246863565597604543529161015265800047351465193295760524471709
75 0.363819847002180285147781393074290061826194266853370922104202782604349146526539679123269426067707011055444388037227
76 0.362409927781832857174677370661542596955680190277735544464605706387351069545092455179807362548993044458229065665553
77 0.361051378659870028678674456670376894491312173898982692534406171402188376065607363291607090434281141094750645437301
78 0.359741855665981770779087667314801216799063473928109414804225622739969869185833199850572034747200004594949759356612
79 0.358479135595679939749524666531590682267030434813766480916067884365492759065817748230845256520111225549043440300329
80 0.357261109913832992734407089987752444238182621355552378332758515449148797472092380146300058566940643615513439918563
81 0.356085778832958156539707295473706712747295162172984898636665077704429494554888144997300601816746757227198502497812
82 0.354951245594969090214659280871753875919374112140729167005117255484234871637060831379641291308649984620526430150358
83 0.35385571097553849618070297503395135853911033360592881925683997334803000894307863492417345860745333274086805068089
84 0.352797468022800177458117987633158411694300475935067369456411734018589366486183095617150173683240477132079702525833
85 0.351774897036356182458513014736036750571283541146147723756548964346325217639277689778804453591902428325789016929036
86 0.350786460788130426654809899777927407265732945954858113886319292341029914101720588129834812292771006512216528609737
87 0.349830699983247490900913790735751904158644519701831749705403769929957632176071600130520783985722520393059139648954
88 0.348906228956595691021057206215782939876463929143777087352892354037639907802030536478716203707490862553441677582576
89 0.348011731598882072066088247366317780821148815488910799234685597217576037806339980017950566066219315638440366132421
90 0.347145957504663605290177722701424545437411810979783898255370826133569638153008484633311570012346515915739153159117
91 0.346307718333931333955325802908680631118593335227861530503173524650586534730777380219004369814866007960411192357508
92 0.345495884378242644086743943579902448610591433820185025487296005092527804981885093385761376844659860060361736521816
93 0.344709381322069270969604610707618729259965657561054997343668909200786992574362325747878945310136747371261932609915
94 0.343947187189897527594905351581594679441598989421865939219214160055703283426379921056952364155429264877092822297324
95 0.3432083294696365603119692779182376929185454593902489289162812391564896924236275041088449002926680224112895902298
96 0.342491882403023503135609633191423388226449346308727914961858947677177291175800548552907951978473320789133353861219
97 0.341796964433932000403398689064713285864398141710670355856348349564032481767323431269818656758034518629777803180569
98 0.341122735805769501918294375495824461590909084218324428106957558717331843062985170635221625644143033293709777375127
99 0.340468396299470652184420920984340159642853412215110378061835572575411732354781336513574075747130876944130162356025
100 0.339833183103944537817580000525110154616931623782716326573539489826128027819798706567941269621823997602495754121213
