4 0.419217301115422242421791072404229570672025522496664933991738422284866322986360898659495162794632526168149824424
5 0.1242716556903653503976072001430254130972110761025947587288354989674787366672622902652109342826335084452366793
6 0.803938339601958700021535279637571528582975523374038367918329577425731151748844568844141890576247108892029803813
7 0.686309062594228059423355010830326387986753124755587762757212400265492962860606359992935695208513897216724261981
8 -0.162039800823889394002752402286238741497516667472767171347852789047900209741315143628154795990198045306889856175
9 0.229936171773695574606684022602900961303501535938791985769279356480000475058880991274080574025264065100240936132
10 1.11328873807833746995726355450622479631093031319653903769616151862343675099041031092305114945415728105403138632
11 -0.201607873811016451606142426696131185625545654212887652831644130199854208444026438934430661411950507889747477771
12 0.915527053633682159495797381103880985709230524657136085900553379679999916265973292801388490919414817258467554396
13 1.34843605512487530715872244183130674548185717353603573927334382093846251611784705681759685517421761215726735345
14 -0.252161901086593677482939949183148726399466812287897802343597216750004678487945528005096356310358324634321426859
15 1.25812643525935151285177378862753340881950273670970116490862652231903076046634706797978020752495071039792181747
16 1.68644170330072271164509136671248606827685024332090023104338295623249014607632310284165685363810371721643626689
17 1.2950537863016242487127121723663964125252390366728293062112699724141582170508902421612558713700958639163220618
18 0.768378717417613565188980606036226310948049479046458531270361328641652246513294420238709490716393223170201681187
19 0.378012615077156110083937536499255925617162850752904927722120315701591291881757243778799000143200966158063842861
20 0.153815228471165310168474274645648854985244231720140967498592604936042184263574836236327960597582718764947013222
21 0.0516687229904711100760420248257099168237979052147160493373959917273877701638611564048402543089935169369841197569
22 0.0226476843129014386658632892546712880575852023006341150460253345899784476094318728819526441647302864042192797806
23 0.0311348038674857904367977983154157794267585306782844500070990118641159338027710956299947781798157125449172308164
24 0.0551303454572158807656946715103631583658246749154798350118483150194406992770972773430657223294893990838842939091
25 0.0824221133940839291251032905903008809504374356125777882877105419350228552348377033140572777233514159668483257765
26 0.106926143152879395521221728886604351556794964442039936332886084747597483986808734708549935529199134201625089303
27 0.126094992987676259003766433781956273943941016093561747436025125694070018606157179730822976236832338258612195938
28 0.139287760732835081681819447094077770933863948715777556353109796206738286542400194436477903266926256972305231228
29 0.146810930784248740437551779016929264677931689652997541101374121899796333779781433034168788315660110058835935434
30 0.149380965939880962201593960507841826798465353619853270358045523807115628073657525414295272828167841301090768457
31 0.147837497093250744961325941460725542231807731261997769258450864196227351455578744178153313578544798839000581654
32 0.142999831854919644286949727392618254039837504432698280489497732978024875973824417156800593711961715552010365207
33 0.135602756046629070102958665262254627523163927820317901932357385383563356512450714270080685957633960737362518877
34 0.126274594979751226250287476833172741359899442421514548509594338790300175387474766669395175858558234185296420649
35 0.115536632959765699644843543632699175750836854801288427902330731169591101270485433676784207959835395428959631162
36 0.103812377489736730928056983040893306198115829811243812008429595820893144440985804948905607484264542940486612894
37 0.0914405146532530761773710626997872971748208966604506766434947747759732669731425454892770005490973149583616658051
38 0.078688410806544107640384676700606931384955173168410018725692589379530530769861812537256171164656521638473446643
39 0.0657646728661627671004684169185359385592595057686787955472496908716960721466003992598319237095122236292283899563
40 0.0528301694759231381587472386944146470644181301131781715797675004936831745000073338314932319217806571861372561406
41 0.0400073752888650717604531731074475596047328217947194197511142550899964640040587506810796273095453977199583154816
42 0.0273881231588147441875690920871152659051406215029390781789125377932928694903057021727344180131104407500999181566
43 0.0150399433562034269020443821329923362814351964130173595719530357355342149838947070780617293317632502645357236755
44 0.00301119625338446098969525738746522443374415375365625429002967511593091005534520114774582461736333219214078649919
45 -0.00866480080641725462990458676255584625355980229058600626015746278616865688933306729286910827100789175118350986477
46 -0.0199664720935998763855106550601558596032038054843312908433131595580756251739965025775037264510933560574862767166
47 -0.0308813524066859026984866893896117840864929115574560511661587370239228804511277169998484228631757297408531887511
48 -0.0414039964337740172242287653991068951975887977197356631397631933450340462040443054964113838193144590915943611202
49 -0.0515343216815507497431516760919017973908297660915820932548103523551582506693887258166805159325872198731264897488
50 -0.061276298033486174361000940027977803263413248137356614039722352844462983151672011707165227627970569202495684225
51 -0.0706369137712601542637745379409233953918985975420407078837397131820660347765705452785543262571741809858170509202
52 -0.079625361730674939268703713686819580396140339985680571879838491857420336023362570724341019669087632927033489344
53 -0.0882524005333958085094247318608690548298785874149171552930328687318449764439729601155689989525942126314859856573
54 -0.0965298549358152712033596118681207355894791549255620877763207123315649792783518821240290821263453559928125000451
55 -0.104470226640945775884090849643488573200357395661649669118025414620572852880725587309045949605879990517110037521
56 -0.112086392759636646778281084669706869175301504885770666931669246792033531873900757928278024510013759672147003894
57 -0.119391373765110955616681018020146074516301683211496724009743529517595951603535277685279916334856461541703580622
58 -0.12639815649347882185793357024260024225228230628947654417678666389486457282913077099993998543244699813172058325
59 -0.133119560693363747680766179496021178455296032534066320807026364042918196542885285432432272676357959489858638091
60 -0.139568139974314139481542580961925549416130816985502312175286267503163073977084712642922087985819104845210950795
61 -0.145756109869991951367574201529263835457694331914864276256350752139470007297040451367847662972545429364411447102
62 -0.151695297216995268187727643034615336478091197642402152740124896006280669883402711220381466381428416676691463081
63 -0.157397106232150782958504361749560497300212007609159727699333140265644023373378234258250438910098383280031046433
64 -0.162872497612578817121219380145511300747934116562094721661492618370963575890414149322425563699884517565352801617
65 -0.168131977733243182953916292935248758788622091575391782274687571610715657078128360997194462665888384684611882714
66 -0.173185595615241940976497236418971532166697613544059481208147927714977631059094275237340007562868618121847069827
67 -0.178042945815828597834331754688175305455010532227037082668024845597385083062179043936490562604797451748927057419
68 -0.182713175772693597590703767798538751689546228123348039343887137612753815962505838626300750243453297679848483399
69 -0.187204996439908502238622964886575348124173044063276926114898284914949728585386328241706933168990364081436224782
70 -0.191526695296639793685978920362321965488928665841850682570870619299844981118873334704259496572430184185003471437
71 -0.195686151004591989231760320889741732570529552032753411210764206786818924265358847600952522133003583114773963641
72 -0.199690849145938055870087266531861408254826676581583641137499531605186687330247752079252237680610709550285122472
73 -0.20354789859804161848227503724743535965363947432034103204698365873247817960825864628951456249049714153345036144
74 -0.20726404820079186298085323621359633406546883659385887517893789012132819062106839977337864750549207868632352704
75 -0.210845703451825468216444041372556019603543140767281742043744693847066497053602812531249967761175836814951125787
76 -0.214298943028270775071151675783328999396290540718375210494542359887806420610577976955910984496221992807858403945
77 -0.217629534984095241906788223218908457609163628989109754066846392555283258482370250871795168568785159150669059738
78 -0.220842952512213978346759894604531086904185193121311414349508876925746270000406259590842967850077766966909946508
79 -0.223944389192266947161463015410760442090393197714689083244340641620140051956716061073961091439993126469488843821
80 -0.226938773670035042426239230687598412636901365782229319758396398764190302707379642155364701290344073046326347307
81 -0.22983078373415862253621350242918336362773982896957167773569344884883064929341820266179623550493730036761662939
82 -0.232624859771206381122412452041600175313836497732775545901742438034082207218724610696899323743308681110868769457
83 -0.235325217592071166526997885794717254438767805981849110558864704807065683252522268324951877806668056244311280868
84 -0.237935860631830042944440517985403146257157123341908644928158414515752907426574979909205910707394859993801646676
85 -0.240460591532152645654668410962887085560943637932396812150154699710450861819949486702329697775256492737465367147
86 -0.242903023120521474300562228455442925993865422018579135939975093121181098686830139483117550388554270370442388308
87 -0.245266588804300447996546976761107578440056172973527188502254466182998852016650767993813327026909522657217978034
88 -0.247554552400344314561189533562905378615836880736825694262364939112456945336090168263551901769203067533243490178
89 -0.249770017422615560475099457303145404866784465121135650293415251030391486333723072729181258969704595293267014717
90 -0.251915935851356024496442526128385149727921366565988438187894590228290591898008395227829467129697364012481025914
91 -0.253995116407899428703027146669266133079895374233752183515144771652805518237901753013835879684351511013937915047
92 -0.25601023235933072462090448407500320568735129423587167910415094283073226958627925311432178626030580326671323652
93 -0.257963828876996669039358780431500504291482619753689507628311573190898192022661329743226016643690070213801256169
94 -0.259858329972428082241720191139472864780759921133160177586673685466557118983795618096013014342874202448190666136
95 -0.261696045033610727431073871962986766939645809097589279682166562230485872204701920379709356952822368248180353602
96 -0.263479174983788853663875745639501749421404807297909957577479459143363207808626422238488459629807378744197360567
97 -0.265209818084143012404408690438214322729652064094300944957796535192534526955895638827558374241672626837665629289
98 -0.266889975400783287867219930197069109660723707591990741876586482457691650984080240803047394775022606162570996788
99 -0.268521555955565324425533436290148796523472774777297381738343761812072066398559566930358784419704218169135332889
100 -0.270106381579288794235382455817128457978509542892896374565896654074540160798280772917255951641272075791848395069
