4 1.5996013497142820980087456749754963065647400979433941168857195004525800733896021942327141731053876699476897971
5 0.31648729987237951498629800330795810434679663270457256320045121720907849640444184442620804551075469102185020914
6 -0.10753943699274900194257792374468336121316962131031853583774644758742308365794611049195524709597780121658516443
7 -1.7500804944515226423032317162593435175141050525322205959631861113854504570063982799421840206554703378701112215
8 0.59886764064795592979171824081075636477832460605843132125173636967486740505789600001092354211494109938988044642
9 -1.745422675452119508304290197293874982884248805919886477041741161273665223535176640578838067867055489008197331
10 0.94740637587030994150725846612375803647137957886506802938238708444121559240956081276890918341392307064018250021
11 0.83199128717504890396317899407443599131220500460265498453489046192462936004876490098558074882104215312999310489
12 -0.13580971488614696255417556206267811522588830374976945910508978870477479935994740290693075670669195709898358555
13 0.091478004628090386191693810977389570408953367457700778845272342969688720254547961306544691006472070091209285739
14 1.5931456074189377904540313334155644098663535795153663369908633280418022538487756702676522632908091048690965027
15 -0.090918497120713111278846390895999461279359041616640323994853473168186968259172229631069860244120737432512211716
16 -0.15737553771850937655418348178616668548486308065909892337122583371441484573219247220230555088639145477884943091
17 0.50055291341100195179017908975814648297631321446333678712955665933377881177415122284339416293170956383007080426
18 1.0593420475724853340819170325961644231054359391303456587945448951764165073406229409319318014401544906082953633
19 1.3356206385795405142184426864654204186039032872497917483505083005395099642535245161582543862362055717866278893
20 1.3937974032889590039617060942334163343524345838991551873089992238129864896272423088853305049084344882044735678
21 1.3310483166677542444221758577209518645388365694435613714611273179438913134555369047664088285364274932002730927
22 1.2175284703607463623927466129162714249600387523628048623265343150876398698567829996069217325927978098194636971
23 1.0933083476647369718361829147124300427081667787429908884459101484982767541287123114218546312729675785951319674
24 0.97783895387191072364196620075838202764203598766172330809455754630076895913334630265280913362929381712487942574
25 0.87871699603803675372472266846456083040685344451390252623608949292039348650652630018204165121995378536621839137
26 0.79744864753798185202683773862419636183446004657684177795250475320910176351248402248251348225981857575499528973
27 0.73275713263673340268614555701913779088640751113232753722275479791886911811663333725073311838194362656178218949
28 0.68232843966998976837271572327788453873337547076540413794760375448299399293526650647945639096034722216940166937
29 0.64366529201695254362456973364506113566695225808697555601116862892441332545305719230671063080821545633303166499
30 0.61446396071075916063263739556464415823143614136111904832018195571071358994128691537747952473676428004138090734
31 0.59274913998035879225616910288583526706357000141853276075735102160031645349745688089484152873872812207753568828
32 0.57689363949771332475120273047827435650023666494051900497676823360972989838150761699994568662512734632121395866
33 0.56558850882668826509101553937320799444770178806047076614606515180311426283370802797298805022222569515006613017
34 0.55779615286191137625838829199095242758233707875637764079393939197930574822741391282832385503482067888992959958
35 0.55270166731397233221535648084015387009759914031808538962724970541969188985907380869560002892452996834283059681
36 0.54966880739139981285697584549151366333039564841878225285762613478215998786586082678250507782386504288559435678
37 0.54820268560165414233813893350520640758400782538050013763211251284339588241294189395644042803010554835023410074
38 0.54791930255550358996877878531092515333653685343162961284025396168068366838630897118001723428317917365139399736
39 0.54852119365085001719654946709475634534523960170417737013722484393156279607212860603778300732107551303852303628
40 0.54977822169507976104703082236300803046267107014325253929807793793023561716484912834514216944255507848587263351
41 0.55151255171447915908574833586430093448526169814737663566636004510402223207490922613655397790421013603203711469
42 0.55358695468103500027574566492199508674981633730295988775161045345754443895588940075291569468857215575115598217
43 0.55589572715328573304174414480359907192408868609087878376266467080930248238678899316378122860003355036085012681
44 0.55835765032354436145136398701405451961520445239834308116275771758488461322279089346325595122231950670875324665
45 0.56091053152946760903856136423855604227655635601312626717407140212529438307890736395849206325479963897033628662
46 0.56350697051876186910934700174036153190231900223400633073888551293415585134272828748853012335721797821265059773
47 0.56611107258355726758192891558128669673197188267720853294688539741347939801690750095710610237547807087929387043
48 0.56869589368647967474239208725896313981637428553090670062141491095252871244493854789073539502110591346488878395
49 0.5712414518373211145715317514374049878870598434570203615201169657491992681280829354042954633000664646296454213
50 0.57373317701453079737616192500996630026261741485979024675905849274728065965185918589118176321885580180545763476
51 0.57616070123502691845663724869503027890151404566624881881416017644303581338722668000226016146305318823430957289
52 0.57851691290492441027549980890121824048674050177247802391217756420525950397772463371164230200117055020404089944
53 0.58079721688282177181778972728754624849100739751975943258932678488024310777447623763080014008609482745192994157
54 0.5829989549698677875999499825227384731326462979102853419706360532656708894635479269974430230153939632371165303
55 0.58512095174652520734324382004489742900928750143931649900459313470584992826004574807892051633327157750318106416
56 0.58716315852709671551286482075336668686933318290133860350652199839595400336222163229631774577774694178820710945
57 0.58912637425258125187068950549519875155982708640886658692392865180329333436754240237084479853127557454684305081
58 0.59101202681246081203779265691947521024980878505266725430801205639887053833921063975106128778109441349364609132
59 0.59282200189857889691310359330048726511568962346726097033827066990103373740829284580387277589856892873980782712
60 0.59455850929492480741550919151039656537535272045433644650377170230723625634260199930295319896185452989942380969
61 0.59622397868326485763573335220344696983544291109417598664195496622656128878437659714880382376427418580585739944
62 0.59782097873930863814102606433956685846801133605874934893880432292059522971343693769705612105321833481315552181
63 0.59935215461698539394430804549448041490224521743164746796038261244687232825469029180685290211635656699159875805
64 0.60082017995337643814033059838308787791951648614481039675050680743848602998494254905083241243375932440715736964
65 0.60222772033837549294452233013865146597710859596784128998916044315327085200660178373650326500313191400593603377
66 0.60357740583085323912977830858205739800909161930394600723955972948471750692056811474238950500334725303591280738
67 0.60487181060526725174017168285954825519266003103024975522440844838591561164871381591567415019768634905127271068
68 0.60611343820888619044133155750208135653634750179459244333578949594792536631056740549314854629363062904665443453
69 0.60730471122303278023022367517298896813484327133525847523782270990465676533444295952671626708745243821800764487
70 0.60844796436982170786617082181387701757256524412557737087830946720330768465965545019325457228739607924330073977
71 0.6095454403026613040859375600128426421579479886298083757804812705767162103763923609749607457709805744622323449
72 0.6105992874751420265189167236502726116849537435542894359720619704268828208789693688553070128169795195248839729
73 0.6116115596073332277431792659799086455712945847977958129113022924545323617312876806011822170794634896913301039
74 0.61258421636760605582458180445715202123451221640335414438834691629374329437928956268800916044893236988319786229
75 0.61351912496712510559160475312206006648081401013554493676775401010541152010035613035701327137267256607150220368
76 0.61441806242722549722791957817335761674500883260048572795181847802966241626940576712117583036025394480473744921
77 0.61528271833026899808497985492609830851638803049411745779352378501013778405199324605733964369711877920223042589
78 0.61611469790482677699156604766623840680548745150130251618098602956165453423386852528744870285138921095958640051
79 0.61691552532820804780563283500753110111436478852753421882617953553455560349790339922502593457731432114244129922
80 0.61768664715506405137922174136861401812540137695028296845129286455778308900556953790076150156975775782399210564
81 0.61842943580133527323643556701978719590784372208286903383613522107162579371464678318852388074437327813303519328
82 0.61914519302920455319340718448490701674153284509376527739504903180993817250117405307563088659542999008698430051
83 0.61983515339179063572702737972214798965689536616773451852764654398320311145127039204465374608602867234422715107
84 0.62050048760672211699194063407986717116412339880785929925699775299515432208327874902031653157646530603736875784
85 0.6211423058359963096008591057603090393456156750072869666594202593932727262347317680937745232058581456651662784
86 0.62176166085607278080044809173469299810982586342622816275518735370920969915473852946515360479262414911556923068
87 0.62235955110731564634919582785190323752297910798243612422027930310519955027425953628798150420238821978108878816
88 0.62293692361595413500116820111577474000740011959180571057508571106978820791424857946654599019876116689496410814
89 0.62349467678489632730188283185912719648900175664772298577077361062645452437459090799611399672965854166322054372
90 0.62403366305218254299899509403372908152949502625753755577591019713461219248961735763051700158020527999222609628
91 0.62455469141774460517414946924761406066069880457618942428357924536717308342757800780107123648413274815675393945
92 0.62505852984055963138501921628665708956217710801119556614274213527054446432114682978631986168756495194108806316
93 0.62554590750934442710138918131902552700714705135740104160450478475331365297602666018847556661853374409997948243
94 0.62601751699070346695649969795805912307653110175667008322096666414811247114238600401257588609141590923904313766
95 0.62647401625917992468631207578354069996290514872933276560457948700755208045255189518731667869654174040269627307
96 0.62691603061401370247428698995795395503481865469582341137396689175015092483830967520496411942070947610341621526
97 0.62734415448762196450197333312067105211719290429850930818820922626411041459513109573032043840074560023562028108
98 0.62775895315091774564435195794352931083962733555029102008210153043219522683792591600413678344843022776595774808
99 0.62816096432059608081466802540989199846933615310904146353350462207492311177722385157038853399327342600577635601
100 0.62855069967346510006727481772551514959815051264151374909655496141685034730344424921114562212240429160252451412
