4 -0.282343857284393817319876158307961672013551709107637023371159391646615393584215536049340417797628009205187786
5 0.284796308099316885532787871802438741267480578895311160804877631361466434948291252694550586973118898681339745
6 -0.49243672004980629537399648034697883516362874425881676650528304238007264530644904999669296749383054197162933
7 0.51878789141109107166805639444581162889553566814750985826175548761381800204963521831238141504840249710638109
8 -0.95069411400425881403286658203066253742603379678706608450898882652896103790576818651828735382546238317533373
9 -0.272365495211873724785265078881483830471382888439764356333655613293015273967095896078378348112283044905426084
10 1.03734098218495673470521902994798208361989219169560489720451217905864105336190599257403912461959316498170245
11 -2.08056097768306485097170577658858002180544364207937658634973907678307709404132768531962487590946240281420018
12 -0.236708191777182446221666101507648276223162719032764054763410025060608656303612803931524288950667889875616668
13 0.610762239723346648867095884125598994603905428380877670652606381663831363166235657689017322581509249546952686
14 1.20157191931175791063708921310422221386529767318792290794403127702852084537865864118368169238938295886033529
15 -0.751675576270865901482082332589482855535302547509863387401842821072967295387712894816060038084724440501878498
16 -0.0513444403723801566561960405484176795429468258968401451500639962527448967658412809698753794811435581780953724
17 0.807134464628889114403812544514133500819952780058238768021475329437167633800051707813814825202609835555399907
18 1.06101274253944639488161464250353162393731963533853594740459184174855457450777382879835192742469619324428376
19 0.899382379936444544029201438937976232331944153055916601390970118618234119241263469229876344376108282266283874
20 0.591616660591947363632989395356048072108328958854940894072141951877966567939317724970665022402688741387424516
21 0.290123342375948200821945072376679698939684414863734612193387383542933214261607122647899983192358172480750935
22 0.0524692539553486580075107089683739943712388100215968385380408734458017255077060486661503993847290153108005523
23 -0.112468877408980419455159827423777154439174135456596483873825702704276289435641930402656727757367371191192732
24 -0.214877662612146638876356757555595212312199870750200285422987299178051931700891353980475959954587176939177427
25 -0.269622882317506291293821098265428550983111156309385731442961526437580344036752889422201215586591247963746189
26 -0.290492921036434755549225940625875381283567061105076943842429945973305659002342382977041898155845024853155975
27 -0.288490013900790638961111315260386393082611434492022799342038547940850368994306388761027934442506027378955235
28 -0.271766661279707215961679685681322752557595545752235129979682660780189279310745965418268979538866755162273126
29 -0.246104166766669725067825928356975680198902315259504910456551699556644693940080745849881736913414520147670533
30 -0.215479558631704302314442151050106078173503966892747924161662405608708323103652535460591537994324019008432066
31 -0.182561121910632651092646797695740616312164486856599458197392561513186380767227853075529033657448122052986867
32 -0.149094906592735119937201206934339099081224364211519441388589294584127690201892187341520356780636318623268112
33 -0.116189611588875971054196058289866935378079158606502539754896444830212843506545991231966490637303184419953747
34 -0.0845199647160367718141102361023768979190272214957832809019120698532780757601427664798879906560847788561363551
35 -0.0544691132285259492847919194994712883943382690476529262035290514138742905975342852443006839825109623156395434
36 -0.0262270486246826710628902744196653467156803271456607655803763216111174483063229651876152634055307071296471171
37 0.000141980970585838532517866371995618014757459539323442162512226885696313790639909810416549963356789507697741788
38 0.0246536461720002022735134965583589511838749420422458453656643917191266370314257407813907996934489963255968671
39 0.0473726135005998935619637921800580905943759270272999604054893957010520200383224301175969803663019694306926198
40 0.068391851529984277136398132306083770558924447631037859354376004111660377294501519143924074699092709199215903
41 0.0878189292187498689804838228495779361856037860333379621001781460912920389346625173611469455159118106667763013
42 0.105767076321098053696061733512265236324507462281523665959396865155054425210297866376769511900295544483184405
43 0.122349474295245758242404587856431105832752580694307055627754949372666212466086662356649947496476266779203593
44 0.13767572798353629988780768930695678246463818054984289861699312428426525298842000835621035404002667342484949
45 0.151849799665861317582380911731415735119859630137437649215217428872893950255863966824241987956736765986588932
46 0.164968914561612240578629051034383344128640877381824673775250055085787201306249252299010811998833768618695635
47 0.177123102939722215522346272173882458651616720182255610062003945574578659712901936771714978428633551229259051
48 0.188395151087951925413011177834679910475902566543220534934725539891479708436315897711631224770414285169374975
49 0.198860806872813891589393393511180860127291525306397398149763055182134594450594415021400670847232778656967868
50 0.208589136032200906735548633398525431851217156754323251671890199931186842167878936426576157249372685590926139
51 0.217642959905338268751186878351139271992534705341409028430234596619351276855618819148665350006483497621173026
52 0.226079328968773164608941082708571038856959349828544646653036288634850763685819516355763101539131690504929124
53 0.23395000270935091467420701501565224250213217751910134391592501619036075338126819563786324590424697590403713
54 0.241301917359992009977186626637779095032783520216727108733634288050452661494346173835048871010734740343748835
55 0.248177630458808809366889864984851122208817726304640487175741859183318697703689333614134916474726445081303901
56 0.254615736175091148144987218146702707596876937949471199775627612251539961775686173700323200529554010859346954
57 0.260651248642502294429151559240770309908891202048667129048493003792234429542239496004138621250153754773549939
58 0.266315952679861518483133494350804282123908033742549424319482254297884230607137009852709262485259732490465932
59 0.271638722629528044448246583755191400350799564890505391979512413263652258707937013483914814676679388379693213
60 0.276645810856257304074259922368827957925682620963666839684875266808230332395368671059582156303678827152986979
61 0.281361107900937289593253510817675650772055755987494906607275216849826817411524204202365578960568903756471598
62 0.285806376495047835752766688309727768131733981571902167628942356429103560910397626553473453964112558118585343
63 0.290001461696539557165826432399606498691604491795770546956595687293440714780446118478507635389422071270356609
64 0.293964479363408640827462486894670243451812856599985378102400262607808715585684954297589876788325035226115471
65 0.297711985076625506340424861580405115792888133866816717527192551943687552525902243901227181101023435789781874
66 0.301259125485667632298355175084568308231179328071319051232645485589045866276652965058539762211901593679674105
67 0.304619773895328438633909976418227879955773760488726058268337360751069602249859123486244967347922618479258782
68 0.307806651753263281160477246890997682651381754697889421044446162093566938525383849655906578403836580190474509
69 0.310831437541240334358491061421400706427420212553966392354285295559903562732599846916139144390694924701541801
70 0.313704864423771790006155707205886998961850935902811254795235635630691472087017221668641751669440002294181482
71 0.316436807868248463691700714498894243333752640287709779054921492943325166224055115789144881320192995594903027
72 0.319036364322125761083112535029737208682801762833833653778647478021657866467746296631728043831392770157460289
73 0.321511921915492373941922046785901640969460591200030645260452328640653663294054338098921906780225186632409949
74 0.323871224051328945412598799006169941319479685009908472238741269588023891030473414370337474057950555516952106
75 0.326121426650430451041300715624039996768825757561745157043677162486785901347398915897556253284050829743123558
76 0.328269149732629769823725269946128434303865709214976907255475737182953384603210069760322589517921557441166212
77 0.330320523939832659970606820483283934810974287120919800737086335645485094673060397869682634498077187740012437
78 0.332281232538636964297214041665054210989325096789255611995797933252914221222978088144135705878152021468737017
79 0.334156549380152278555974701697249951036395260862943334544369016310462766847597493284818064806006739004375988
80 0.335951373241286784935385226773016259247041419611965205111523923702528526282862049109250912646736666650202498
81 0.337670258924501596348454860643796328956509573142278787813579525259810975753409786927473276565473501313185164
82 0.339317445451183018285117537669911942193248618172370643875342592292130925622377600088777397335011502152959936
83 0.340896881646742473325924672631288591805247265326498695887627349870600426488252203538299675769609743363792381
84 0.34241224938277432454445376996809518863648585198399762570853657281141414386450400610727627618253382513425594
85 0.343866984712591860004798780683606033197858861192918136579455040079715264650476152282022208047073416252712806
86 0.345264297110782535736883025171627590818372461288648502366893640752845634657496569695796799642441553621724868
87 0.346607187004685211504085493398456670999979444436149108499995171881672002509239559849251391605443139993350284
88 0.347898461765548890197831757397613117427436654373311966911630137631765396811646410092601538142227607337846392
89 0.349140750309278732589850906068109329568607118074924995956391773749500695143459963081294237440596886730196818
90 0.350336516440841057474827833434722122564091676781740536200729463060895995399718982224478214826744476237277112
91 0.351488071062346799417227665946246687459078442117522739833848599880232779691476614739178260996302984035749149
92 0.352597583352352994598174165201842451723878343383721622436970405853705162445521904875127209732351265690633248
93 0.353667091012829912868394911030829369322664730065463350975655069201019485234691541352578635089121583064726897
94 0.354698509670375221604027066295366576169350823834544424698499968847979603572678524578429645140700948983650002
95 0.355693641509473346661530047184388584491271633567085677212045342143719117455377569609262354307351592744782483
96 0.356654183207772454924780593350534163220156705166737712050151873210093739396424147621079334682954664036212028
97 0.357581733236372783068910626118257352836556119394555269363813804415814255190588617466601773062217692009253222
98 0.358477798581891195014981266191626447854193760710197014765206938869718932779841321801115656968536835225650009
99 0.359343800941502317552501357457579111171592096513668421121048931648194121225632589551494543930255906840522498
100 0.360181082437181040299938301109979973380608935080154264915783939412574754219757419950032916308949928960028825
