4 -0.109440002104157726992524618117728897193917312647280798293673119994473907215671877539575018092130252535943
5 -0.13664884631823546001943055513999919479822549534279843266045098352672204301683665339283277268457529703738
6 0.237148366754418993959170265825103859564354346879392773111118389897570752184864015765324005695255056581538
7 -0.185502829596857130999045326865960773848587678513008705264610582361921270729720732407164589809906711282974
8 -0.0833593330709638029248940389100379607035475120586833626028030201885642549537148571822204471237087300876821
9 -0.400895628734709347990532819042552752957365992341852356075136980455259170914221464103860328766245497818629
10 -0.593816346327053181178918184547809387614546161506671246803501461649338889556598967496216159277009476662223
11 -1.48247284790375847169863772051612287255292990561674376708297121930214673126548130079248332264887142557553
12 -0.00534661603840812733800268357911119282281480062212916064967394482386502582935243390396884336810999054994661
13 2.15656859365691187994173105467589255148933342329376874749143177560332277887435350230435355462853834807498
14 1.34617378907275043168298376277387486101424598441939808417293262146708625142631941686355211413755477649559
15 1.50697502280096597506028341458420793931921228017447718544478002812975995048305863339528924718622110250677
16 -0.774236672877002720745261836633830218670837783508176505544664578652860884877277255513711059080232271479969
17 -1.28587595537903088685693520860248702596316096696660740645591433841604974677846114153758703763474800184586
18 -0.782381357640494619196646768415821386093048183818180333067613589883463790983220394285977508004598465147035
19 -0.221284062858113933269705800948904160010752668534425798263356580428164860847521177365643929490719710972008
20 0.0855184520970553996091605969816301327912260232748553200949439797484797598017223023527694310235034798284458
21 0.152427123112579368952572228582759132490396444258061335714400815445769769626296841087594342052079463222942
22 0.0724306288857883821076513280812573405543494272131898046805700115882321859021125111155108218970891203196848
23 -0.0739174959221420543870975872687192036638738857043617419367373712238072503714288726705646917324224865559672
24 -0.235711487711809733752619519944421542110425604431467192717054950122093377992010491858969511639742442683251
25 -0.386191177421272381678906859611396197001668937804524747953752751970718616501231677876955502445491413621877
26 -0.51394875716907191873910819231533548565105905397645653133789153161218680278796929752079713620533595838932
27 -0.616115291832948882273224852735639600575256883662879593854961542377002430272631685243504469963577917269072
28 -0.694043309489652623366871075763726069995226554861460356656801102487486578550002775314912382307874602853819
29 -0.750844500708444248418738396990804020757942779778181425132214502042843068803893765936981550088448964441363
30 -0.790094317140384164096908764483472579667977303765249039099707126702230467812316152528274648528571116715148
31 -0.815209824760905180460177689285724578727023115309316893673324471519303632914861081345114903730123650441111
32 -0.829193056201676820546980540261143145563981804381207200258931106350480638172595958871508674470784900318847
33 -0.834561435318020483956563890644680369295551553540848317347981544387639116202064232186453286885720627650856
34 -0.833366721543198166914627253278049379722678710618578363454944926249919676359737836999387819749580919176271
35 -0.827250286339403100947925428022705979842195507707954861044814478835695659216620363067019067789161929972078
36 -0.817508395189384664404177769114108389243361348978127292695821390498837516693735281058806088846438486854311
37 -0.80515513821053000043957611845685292718472028472217467994814152880310195158638371349938862443785620387226
38 -0.790977952906552425032352675306913176706876683781043007629175522659049265234053143019241788534919054290615
39 -0.775584336311577111038873769647724077188350630175911426140218204980448161973478365079167499994822125198999
40 -0.759440050778026562258309315951904898751933316794908271329074821600014695131739796755058605264604303948504
41 -0.742899824524479309743652906316792619574605071518032281301636560282312001290746974079125806921080099285143
42 -0.726231741584079323203053735287708627929514539951612113893308859317994254695884523081995131822691106601689
43 -0.709636474837528287114036115546515709843691649194947748801079454759254067054235325394928495839410940629979
44 -0.693262379357728070222381262760480176204041738436942077726394786999229756474340845127663885343076529690424
45 -0.677217300419683070738073478475481307591128123409595598354998623854397856738043175416078525400257739263202
46 -0.661577793358380364208315318265725722724562731284443588575314934020063238971850924548216507208581857720605
47 -0.646396314035896478567545711007455236587892610517996226755441205853080092739071450808275723078842703017255
48 -0.631706822586376371149699872190864349628274899888392557113355749960650547895318387109995853351883716442319
49 -0.617529148528481303239666276096429788318367674645753135845970706373500100039523331576513793583131646535213
50 -0.603872389674524480903024450397960855013247630808407027705234067688646363585083602798401788421921963999026
51 -0.590737557446509643674225525847391246448716542704912217247783135697860813344228608841254099636851975200491
52 -0.57811963427321878458143291809997700949846333631813768324149133755175911828273277312515319403852567898307
53 -0.566009172092353643676142133538305585266135810404324085714990263487380239419427703026150264523366159867616
54 -0.554393532446691596610377750527339212117272976755723845156805800575986425452629709505282564584721713165911
55 -0.543257846481054582960181492224844855778817394016381395579861873362106835867505900960708780433743146189925
56 -0.532585755913382338729082675241477393455732893724413289076072766925082970502254614695205525828350119616649
57 -0.522359982662823452464649378443497610400184706001581342036276594050195670266341338587132884210024416815848
58 -0.512562764407019976177082880970891817833548038365158166389369923592292947048201722779153285272666582217845
59 -0.503176185238668216937322934125376854787910728784119145255553716650235383908572246650561335221822627396747
60 -0.494182424278228908370588839559606112826173632228077511937505971060168742091494001830999090322173713176731
61 -0.485563940173435569496312349334373152678012465901178873501873863303439321280880932658631638822916698729588
62 -0.477303605566483081171560917956855324691224414946682929740901215186318980467537338559563442772153827885933
63 -0.469384802596541902556601645683670518997805522506294578217185831797199667271464359661358829425241394083575
64 -0.461791488143056227785889640507139953957444862442993138518673045717583574617119298680511283365050014257316
65 -0.454508235660618754533843815864525937381816998212139411180177946478566407556574521692126060313800653479426
66 -0.447520258997864774702542887127487524975922205132379365641110582397583062758321134526820928570399571474659
67 -0.440813422444502154681497784422216433410473921944970074305914172909807618398065620447308934344650440773128
68 -0.434374240345220572429124216809889278010939267701674415334234126405844770248860867730264007364173755768649
69 -0.42818986890457923801878924160997188375452997284303090765902246519603199301824983348396827310914302405366
70 -0.422248092242318555196170430153829098203301472165948378283376295512775668530590432146215412311975836934879
71 -0.416537304312038343193680012514900319176145055682935196401314369140704353841431215612373225788465097256904
72 -0.411046487942901693850608218609761392066355159813008068981171767589702239327254145857448957987411676240327
73 -0.405765191984399679546112432043504359623011519932717193528878732888563503027309309911293061468532149999121
74 -0.400683507312874097936070078560874715336716199213320097204569506832836677442181027914940076214101761777809
75 -0.395792042283337230933926588286252526784321161267608826436180747591448744715386906623244005164325559185753
76 -0.391081898071599470865239740904164270142520505004792728730849426048676678484043047608081134197786586440397
77 -0.386544644242271478104969379720756811273906355809250754134354876602770944103214445524391617265382538593812
78 -0.382172294791874601357078609867038570314287729941918865621220515666262207189215741868641530416526267180642
79 -0.377957284848336992492605442985302565831392210440299788848460745751335327364556602336090687438972596057085
80 -0.373892448154814540644987366034651002529852861558951124096199817490897266911175212252152668728033801659404
81 -0.369970995424067579706012996467230728467887109867429664652821592362819298049758471351155532643674774482907
82 -0.366186493617168245426785727922319382198812033237326283792613362827344480956787691671558328590865709937696
83 -0.362532846175214605596427231788922324535584954985832118157681979570816931409658162631194846531482429315706
84 -0.359004274213475113291474879190615059049147965940381279245796608062823348725466432051339654141211938123662
85 -0.355595298672774380192606640796211935002226670924908862137314844779859058518519896729669160475866630033146
86 -0.352300723411995400934153286013723317435154101490006575037823830742206477075394530887116187911956453219517
87 -0.349115619217544443849248429392347111114940541112778853300216322410307435341836962235707454692431919730331
88 -0.346035308699887665585287194207459928146615586421666137544275048234372542056871510412903389955154718886438
89 -0.343055352043331425161355075350181943575477191910107951017605055308040894005910841281703085091508396416358
90 -0.340171533572688397309519222163702808605192209126219500281845071116612039686446472072617329618560944553227
91 -0.337379849099035169499189609069470955600299587158688961331927993917088502061033873465708750114384672940625
92 -0.334676494006173713636695756196105085975557161532051183070199257566435601939255033921104153645202802612508
93 -0.332057852039459458528837549644961488716256388175641190816147980162408629183404236551642894766074148446651
94 -0.329520484759193948936996668739931893876689869292074063440908023246401797184392469699646014953516162594588
95 -0.327061121621674289909725834887137480743235240948250798739987430518672192746420026547710403233371820851467
96 -0.324676650652145038402717472334854855871939777752607250607667183698915895454545146767651063795173802201952
97 -0.32236410967523229416959037023428397262464290062944061901720001020424364927994648260252538934390441426368
98 -0.320120678069892742575618802366171172143875913061953009250922074229512690388398994542408345906758314419362
99 -0.317943669017434150663613254446195449407029901096061520374139141513920032217199266879695603021380391840283
100 -0.315830522212721005484425054676759688434208854288274651577792806064444208394823765263629582274210217504759
