4 0.83415579773553387341394050987381399438627615723412892283857370197967106102496413541890540401384135785735
5 -0.15556440006406018972075005232945593698293703074016778570535970958765421818001094081930691322201971431971
6 -0.1974888628667052099646486035796657541647734580563512542503065273698073540399724434508388976167859470484
7 -0.17467940186968120601444425178111850747718769670306096424273757945938810839584031285114392899485636930057
8 1.336991826678388653757502338738552951754810591270174861879301711030856857969492185092546677734979093166
9 0.87234378626307819429740324135571262098082082965958148223514929325109948588572470538605997561530902640911
10 -1.8280258761899862993012924691704860208633596632750972965480939581551087831204270147232099081081892886678
11 -0.96990847557649872396330256617803356690571779359768937963887099856983387189151808616570509617737122051686
12 -1.9361343781289770452347640772106816873113176537342446749187909557001608969411157944175458202739932357671
13 -1.6729902824059111672908759198645741281095860179303990315762135722835637906768960643040338728895354388547
14 0.62967402987250807022684001995326619631235134937951337670486899128396137160682181119951870639600971955346
15 0.712684281628311658671479560824734256148616900934015329508966050451555539754695417834848761350185187044
16 2.4910254689157254114639303056274227778818203040693569651194949095420583718603512178426559789812733063873
17 2.015846910410350301484086713557885598850677507172499132037627397679742650996694837248326592610260669396
18 0.85455556660689430044165915335542082337885260013740750525314465201622229304221596692854083089187258077572
19 0.036158142897262801298676339567918620114576224343151904244618253061687964652044220651037725743449217594835
20 -0.30803944876552284966584743663085152635638835471447317245706217971412549602731323683997016702538123722639
21 -0.34061120427906373009183773690665422345031410479552712237041667548889593340805530069988064522421405871037
22 -0.2279670042469729102544353533404915068798227470474398011290126558888927923634324278498886053560617942525
23 -0.074891537117449298580234996723289573433254215396808855209951942091056319842006469324918322693058893734093
24 0.06654267938502403410376187229792728571266016034959524787990815420512414158742171322303872255557464413012
25 0.17637756121809662435232476918598689340585612883891009567681874794627252519943992357489412224596988712045
26 0.25111892096108546081750679763833950421307691352230226799223822148563456937102022272211034224711964419036
27 0.29445325080570122384632694850977747925253780796918952741957282374748418603596226104032570494853016448758
28 0.31241641589384322302365794024583712318462705464469359205033787190515124841912109071505662065949121200594
29 0.31114559474383461235891706671739115110373327699276253736142926328567779862186029925080217043100346042186
30 0.29598515628736606714591756911011193081125221384422230544180882346842213376172457867720131960184023482783
31 0.27124603043699680346437168653479439660966362784164386028255192112355283305201905825071035552808984213659
32 0.24025038880242735307786017428532793919795666251527521810752170158999528436643439568167603831732266534689
33 0.20547991560442358153305866987353668939450791325146880079080519335931269400011937144977848694372527312937
34 0.16874402617688349653588418900247557104808901854516171098445324281556640997214473528708693054462620783142
35 0.13133349440363104759046946091278189907807041398398510109491844089284209311322758508514262227741374031145
36 0.094148309888687237129534862935138643977352309230653430715092295147105765794957026709908061035444625550003
37 0.057798933223750330989794387967727316812571968208122454401882651032070192623413931956459760223498461552906
38 0.022684138390575439252120061961091851507174364858297583792313162785828454806486416805959760567896648999939
39 -0.010950274470490069958129593668992756627989571557524510531997296484399354922967600405269986322887851788612
40 -0.042967766328987099122231197912419989568110606679932250707303076270882982674751154952293533169985117694544
41 -0.073308819406986278532416895911017245005107489943525682128895458846571991046528840114800770994823261061602
42 -0.1019673341943878608311631132586637978772384000087077442560250579697547176846661829249673513486329036291
43 -0.1289734603037220406382575838389708312585837931439828324524823272676801719167074854325887707154512430347
44 -0.15438118556324100535156493801512871718103471772439184313114323625110029620961686521545133536263318043957
45 -0.17825942592629257273743521483143853594522389739468201093852339863476429518749361111503440919548947490742
46 -0.2006856808161270494904847959578635746982498276872454409103714812777325062498995972821063629329360300607
47 -0.22174156209409285380062339686910849395730287105466985704565498996438999830504402267653254316410016930059
48 -0.24150968694961963363090621569167434263515888961099841337558040110484439311917913111092638730358412832199
49 -0.26007156016609595323749617263200280053324726681423208511710793293604264917535680240621805885474380406858
50 -0.27750617105164216617132468183857257541145316551414147348437722775519046002367891332546729813738181699801
51 -0.29388910385143083148752549485711418717345944111401124506628508635402253839416772143770831378084494997461
52 -0.30929201451529662157739760479868296272555020464385551262212129774700913667475096175363738631789639583756
53 -0.32378236639721058901088024425338342107513252571049425418686293544264742711778993781863672469459724457596
54 -0.33742334660786885391566685228796395213287002331054922209887826312225877675090617958584125246755663918258
55 -0.35027390612950644371434996636110692638234967381272142204453089990618219364584908668927994944570242329566
56 -0.36238888249360323010874569311989851988782165907297890862602619927419577851363479092336311523736541929361
57 -0.37381917533028728841705032127006547085737611166234576223246586125177200717740129385310087443626991444261
58 -0.38461195353292856563783925031515513519360681829536744761973944022443649217714385867545552713411665129249
59 -0.39481087895697801767928085074758974326551903700342025678963957603659969858077963846789658122172839653455
60 -0.40445633608624477009222985375762704365193459881989408399003569521783494361420473300118400862265046663838
61 -0.41358566039155803667373190421078520486441980162278874421095303101654262646793986307099655379366599263722
62 -0.42223336049894119661880071531319377680952604731521928412021473464597840992366038880017594783361378486653
63 -0.43043133101463032681873316319612958308858654820893499207222572060643315803120359422870119357220318610844
64 -0.43820905409756033132206192204268801206048184840123087811596517923213263777406014851258413221872852181914
65 -0.4455937887554281768120365275450062925294271556911552512010883758229837022398601770474846040187783084934
66 -0.45261074746342160287924126383310561507568740170824334180819024101181822579819228333586842292693404265349
67 -0.45928326013555461335271185687916935594408124938263915074808972248251572136488770100346291526246693049823
68 -0.465632925769274594138357796966438690486222015163363529923596228973878108859025182052993271583133118887
69 -0.4716797522730122069044629522082861266578407578036071152357011389508228819791549850661909819779268912624
70 -0.47744228510199711276012270314456010740927156098544744185232614037688371600694007182569725516622582927188
71 -0.48293772539088100910400673823282890729843231239195374333801379155488812352916233663938906416885906568269
72 -0.48818203829789980396674068283206935655518690583870691677966484138097549192207443152977228357768283040054
73 -0.49319005227578432913747420151038081294751303246976286772304755918984432728903951089183382316636118326069
74 -0.49797554996767543554012578947252243632371189805340170038834947031047157445530823608573969522857745603253
75 -0.50255135139794644458990124275055070326522422471876352285340034861583120770227857685089362209238878196376
76 -0.50692939009244813174275232481385364372317020761273039487281532190470717037170836052518568448719206168917
77 -0.51112078272339870648109802443100138685832401400541457709601079651093746322272867894655214632034840438463
78 -0.51513589283316154182188122574917675495743796048483737822062176300045624155236611237524563877773997257251
79 -0.5189843891500324379413842118308768281893650839481838176035709951404756227046009172550007708260756118122
80 -0.52267529896894818105375883474683199335253141190339628052738618162010639986865530171253602213156660118561
81 -0.5262170570314207026689204900518215980716703393652950739213252979105239818518571550246728577682595296286
82 -0.52961755030242618532737091234530690729978410425884709091511830012581753314628061643409781676623263844683
83 -0.5328841590076776842285303309048181946354205272724990098803439477856696805571622374649656524062300773791
84 -0.53602379426279112682373909850174584871115422008313318689821687373946698908073776765992535323295020798481
85 -0.53904293259633224954324787661951816718456091424852652046383612157315148775240345033904224429213194997726
86 -0.54194764764155655288174826592979374901566873539077527487456125872801045680731406005054550718087982589805
87 -0.54474363924673392315969027829924589166194329308494270411247140096953879503823468322405805097558988320143
88 -0.54743626023116600359603714275075679175123101534340414797687248912011759322005534724712040086120541048587
89 -0.55003054099322452142591802686070928541003338602267005918491979920663010333945476473617029881492465043813
90 -0.55253121215782253855994630144217337376961314333335645013552374827175969572754625550270004786742676333006
91 -0.55494272543353675881076865483093352738019401729379455956730424992324303197479180756412105626385999604847
92 -0.55726927283398908915840943890581196087686834355976516740568461904440238729116596284415289070379182420105
93 -0.5595148044039364246013942598468295022395876797714239429831075174018762659421315995291339944711938361934
94 -0.56168304457768285727555854833169340849725975965282733613570569763501356419496993835410162913772713666026
95 -0.56377750728579982861803776360051148617328974378686500306731366679742753128356135018678511854023028775181
96 -0.56580150991560709036813864164131027980535338218574118412577000683002973355473464141221316979628997648063
97 -0.56775818622132906087679560564480204365331210972337988971526460375576210774787839163135340318293713057807
98 -0.56965049827120385399012988014061140577900045371064112865892311674727828587009116913842131099110027840772
99 -0.57148124751100045619465849099970041561200015318989455315700917318186899582887869492073098580500055847822
100 -0.57325308501631530086099260609128207866302670817169293097333372244240227727417493467112903022429682981315
