4 0.309543070483679834051658862754397736992074962076866884297482683132743889193568480531112051846553485891668630982127314331966456356674492223338229206
5 0.169033852735415551636600236403403621264519189417935511948276938592635098519342280550261942526080994241280054342863545930469771175433318740666401158
6 -0.897423021900555889249180450994918904391239356561077505814005873127423173207740495011954087377959725186092972255728796513369018987405196831372852817
7 -1.03554562742904140226190627477708496238153180838754124547868337405498828140410322743487192825771156512378671205082939375803248675637752560544959089
8 -0.760776568816224134852910396590570953782522393996020747345867812066945121032153176058037113569826238932421110657687059424677332142795350827910768245
9 -0.483581459807768486963438761975713785131007756906948865569047168873855474388848508556433857604990367347645867249754986219300474701997563943759646125
10 -0.260421635749722374198784894539348182236227565192639855909150096907661303305109700446421351497949552819958371964163917106212617999809901121728356435
11 -0.0905091442715959267974177844891646899215457920611035820764139668997607386871845969139737823602764500662057132309726379209999159695206150689879068511
12 0.0374606979129702850625783022237017321437500929526300853629670575392833180127756882209781006052011926060211271394684546482966298948397371099234034311
13 0.134437368955931663444047534720826896267681779270915630919078256898056275605295670326885558945832004391825492287151319361022578137369570983367508151
14 0.208889747030665167495740404072384904034598196340608554149125449784660417007699226629327405154408148638980081459708790773903694138327899354557810609
15 0.266934902738426685693909129376359679007664612423780162078046106580711001946660519474438682998157939551616689654876314629376043015437490979659888376
16 0.312901812710880036634535756870969200747129819329696697451685806931570946279527524258530310367009449178909613985998711242090370500164864944859026734
17 0.349851900813644793959763025768993540511595654894927878160409078436126269735076135655177497888992944013897174942648320178507032920093193972584398971
18 0.379968237561816531883041548299721488906785161109557201392930058782879660671395899653135308724334196575510355045902587326374346491935922569044559583
19 0.404826998790353277083456659447613827460040186254247052339203780538550790419857690664706902718812618285061435628347714003440502105555198908297464821
20 0.425582326402777000638083628062727056434550299706223055261162467066286186827787799860146852934717763086907918342971247907515120100840003697971617072
21 0.443091656603576279073311698775979240210186331962695950112189507762252603547206510006892310883940890080640133502198114217330494856679912331912673094
22 0.45800110584236887660644511189477167697004580012961293333397736364262498406646108456148844888837347723635115230530937576894550225692010025103811105
23 0.470804205936664340658516223525100879656703591115959327302283155587418030394964023537728353507355048314586889264828210827030040998418523292275465645
24 0.48188279070832382583826040031313990170191888398227647756267243691401596506052799403561568072757945978983008653067817565621737537047868763050953897
25 0.491535827334330710390291226692450467681407690165871005538861577992995981922377054151935446739721337336509042630719734301061719659531020782532469719
26 0.500000015761230143116637102684536098803455900744205144669556597768283078492678110101115506245362791369874187627088354093977057084515750794102758143
27 0.507464698565009512305423021466482887451324872842605504944407996277428729481380810744159639816544991381748628558280453466360929746657200682884517397
28 0.51408278894092843055978434389484141604732869722198899466766933490409112279028572829439566114584795889349443384078159166070197950219423830312987866
29 0.51997887693474618948413106033164116311582794093196381889833983330138373563572509522026923999687979363500536444522404305816856638221648924359948911
30 0.525255311457590795401913045147207771784392500549404343523797807354577094860994508008357349727410056653744716184912466662545985240907744975613882124
31 0.529996812985301651351875646796758420288613886066216260215361705940944996832009272903839787375613918982495623770208855265194359590496206005054939705
32 0.534274007616893205295284290907956589200544868230275503457887302009687547967706014447910905081883573606666714688374000484932852696938594388154574648
33 0.53814616072909389835645294690854293399125417420490844365075155293857582990956268135844835918124192785102067811737866940349828454137955802179794625
34 0.541663310598441534695557074150943284584901882410029319063288608563767636206977070505636188876204889232530538420666466972012862403971916070405629096
35 0.544867947831769338134680668732312385938793180482774993755717238385420481551159454839139274423189601934233174733244550436006587926890018494587823751
36 0.547796347839925432151392534338286075169952799340522371402843797214627312636532821671057430479224825033000897893469148825958158625015881807675369591
37 0.550479635969954848219330352084522034374570420873237000505997443916194233951594445274411157032586939541385693912989945389146233927853862325680238569
38 0.552944644951605616256020211193298703249509074812891645230400071456332195997795613884444382567382350703568933746110727773321839924557168677154660315
39 0.555214609750893212755275764471657535246931066119069737618227336321386397505473031438219394082909814724570906261298034798982906839079761746303622006
40 0.557309734199532320278706425952865637943245768566103379006478789392397347641476936877676640708854284291106752708824125323016395350140817008734252315
41 0.559247655802677630865830399683007594495373608828024778906236172930450348530487856779477553295027483122365391303466058292550090824325965214686385275
42 0.56104382915986463844908817455354272077803620295077391387213806811244475161380583952508252699639748364610289287975180682800809266139200282898661432
43 0.562711843928053005384206824128670215536640065219925559787441622911583933414485123201382579935056116639969921287775653790389733927395015791749591529
44 0.564263689827375424360105998538428959813135833115503668157038775687597243675970924114438211409552035368390703883078956174744894137073498456449646967
45 0.56570997856291122651656970328987049033229919393667631379396727783973612294128421246518570101424885579515224592287804009297024516904096865171231076
46 0.567060130508459766707646105231806738792554298987583783920315712268072566900281557191331088532437655888845949274270560224435177307782485295527810267
47 0.568322532423576235845691249227980766655066518870488537155648801015743575213853989901518070754675544870216479814569282764503572210018912319690393734
48 0.569504671244305888710337402773291475828290941434659854286484009548955766601390190820501107633607447838964159197322682528498128513647810958726689542
49 0.570613248020241522808928641844798676517175336282889199247107819192866856107372672235443835997967737378363326167559791679199595173947821931411899748
50 0.571654275305169096462148826118418115102450445796066412408260479186075467290975451148134170455964836361072272899532618237243348076263592923093908583
51 0.572633160699993919950849373013636511329065972828707583426491911983277391467280715868493658044606399228634051102642932851375462665357700243805271027
52 0.573554778760202682143298811070709699246307495469519816306920002082277432617459215707716101847475589594724744855836285646942885681019280408144572781
53 0.574423533089355247597952336158370102841700656495359573900747739506381804426648125638510531861610024662004466371029481703178998289280669017732602161
54 0.57524341012469060424131277432001322861295117224307576752056239882069548144293613918000851755577990087681827198390074118265122844888466889052642297
55 0.576018025865172927997621662515474951572725239621482706866018044059554056135109212715673853762555647081024608576106883270991550654774132545200068934
56 0.576750666584000917567216848325202715026355998663482583135344453252888148822497892698347473813692988671209467926872528054928696240731885096379300922
57 0.57744432439723344910555288448176953199256223348522170305113161884350764375630505872361680941077207395184732847451909232422783030473449914498947038
58 0.578101728420273579536052611060389183870921495807105894771565368004965900246931726814830717463482872666282012741204650875831636475106917638474945215
59 0.578725372128607063742710458593958059450015422079786453478004175737830011298399843478270698611130057278866537739731691735253539616581685491299917865
60 0.579317537443740937718102512719624267057523288290377640388617972472808757321917072962747992556066580299798514345988369829193217701805158473066727067
61 0.579880315986015580345676189660440264916278035275382330228391600287308459206402084242818974688944217738180965703995237849448856183904722081602048048
62 0.580415627869898970397926004724568656918375298804219789162648260459801684812210695761965712644101405743282088295383445819751220933280262100056553985
63 0.580925238362129748715112358982371576683850465179027381424621197003691711954314405445008115747594399737939928856334706402337627452435537166081324607
64 0.581410772676734125204308104639502908522025400862655053522016584902767439366366130078454112366137657177589639605562268079521744088996304655946588051
65 0.58187372914194554376168353590748972224156603391617985593011009835371223652135571537358313249754988303826539604169975213110462688028966912197002351
66 0.582315490941142416477901614588851970016540866577732994895515610053035919537650671590527273317430784535528560436428415968693219437376086683610583006
67 0.582737336602058801459387776133940340332834493440851577980370176204838600404855436827740042537319404393528470547223011333224515422812174874570561915
68 0.583140449384873691367161221278708059851883848497554214138484047340219458680729987398299846152824513278728922234063501827818638863493079119284087477
69 0.583525925699655633504448979152396880773117313158256022994147907197549809125615266882166627241035102410624595795828214139234309325860487653140411761
70 0.58389478266646178690573083359445215653831283285742286297977789076299223701534966987788162468912267552457698077965838546262446308048220527451304718
71 0.584247964916694306694952264795654392578738184338458708649925650550153496972424624834757984658454002840579753808960483565905101720924560305505657
72 0.58458635072171278170148915607279463350843017519977704169862977436631069697290914488548324805299298864725936630749428898291431305884988554542421613
73 0.584910757523865793661143174113316739709810041448493105515269987330502557242580128498431165510132509982272953781686589552573186983857150244052180939
74 0.585221946935767879886568636933175694965937187063591193720394606812358536298664988728761892144648214808726484845009626340513220747516232065253177257
75 0.585520629265584929994400509097086331451297055940057608077849540902973353449575797473130230099642328378356783888727472865785720085810880334669505548
76 0.585807467619112506478305296409087397323352878908286961495539518008724605186192638840205563534729014640516092325948370276336411194923786743457659285
77 0.586083081623379103801601041446733591442737686797646817005181129206417933864098842985914482394799099361540392066569348434726108038119388269732260603
78 0.586348050811246322796169145106457905253347794298466554850742345198201526425263867952168220996570435588469824496112345312975105342333782685644108382
79 0.586602917701897500965392256311784797752575531745849095838352103519996937095840422612053117238084433281295811033767430015738305598861476824244124651
80 0.586848190608109997610131287308020453986076667428516482630230174302925322238548081499038555104963073803699334755709531126803677978205411921404274956
81 0.587084346197713056593049026569340204595068747008093731383184848819322582231887885312520348295994261438380263248763347752210340690546373601105314431
82 0.587311831833574057325242935530445822323513906338627173811280598813702633618410999772514821472966528268412568966378496183838466582968079764751424439
83 0.587531067713772297218138842334351783358548661674662875142640171285701872651982697116100714017602883566432029401301467929160295615981702919917812977
84 0.587742448831261077667130855647255904864663068465957808712369592681878287089852511869950841968781788040450861411573226093962211071056655653085566383
85 0.587946346770242871659008622059609053614713964941710124686620400335055124460872375436994663169121665449225734417073468952406937184273636282591945468
86 0.588143111354651927990896458016671085616782093763875000222079862864050810382951996248668907601336223947701466956643931004185420759411132829758633777
87 0.588333072162522187935733953468259764385032440142197586258681818300250360953193332989311904563883636861992122300652608949511398086852085698856993889
88 0.588516539918588626086271610532420545530055455888034009482965562645386274281190569793530933356053035578307324628066720860928818747039801394791173715
89 0.588693807776203591409682322879424499064597394345326457899313074048212012517676370534026045794053874256808962495965529466589154626477117495809341266
90 0.588865152498526121314017807271011023734036602041187646741015874008654046874650639442261183964928044002546648234562212872576417804338793905347963254
91 0.589030835547943960654558738184528952954244412633112556445638214699848325993164003360849415602039750203117980734085824356560626673984587654727768429
92 0.589191104091799902129718020626523413598502060280305964784043352328984556178410771016288839939346328097809080100589871818255477305066182686144552017
93 0.589346191931702838259921079859154699967450852121677317960312830471181399000388532514346768079827406859276453074027314623696497551485752824739037938
94 0.589496320362998060856231930755740831684416540702302771026887479562464277333362083604564465004707650160306175383843365380692248183544404780972582255
95 0.589641698970340823716655933459801241407788659427848481582564536794520513706701878423173886671631841086473794024197586490513837453075999064180327379
96 0.589782526364753235865932826277905172041553632573281509421277962396174034548281368883460799621124213413961886989399958360160821923121573697232278689
97 0.589918990867039515153019088834931254033031404307521716452266911872880020729099124510021723724801469114772707812269209702745318065005797320545411332
98 0.590051271141981797527404546185195308520117519477824107847155759071079590598343755222334391334194052361625069696416592274467682079458525410010348931
99 0.590179536787332183600180419018747785539913101276574596258157533593708056400416300117881280117230547630197693350753081323235032133681432999380784694
100 0.590303948881251345503309056010582895470890552743359298031351685737136449418640107321648038585296769337124553760024789809934061610346299845842999412
