4 1.3543100818259952218917553797954058752099616389411558161011306446926260959833612711402646833460914457628531221900777265452733520377152260308962294
5 0.50943656228571049658440961549904518992624825371442417565497776913532242508836103432756633000074873602860663940182539417437590199173927366007678459
6 -0.89582985947851436307526304543004163268617347464393664333408414956182099562416349240569581822452033802170292162118412104037364555970235524815272341
7 -1.3463137875832831423832625458548171130523588792135539385674252111868770417719573329083110992033582739625183476098668298567423529254470387725671376
8 -1.2906787710943078412244940436678825658148873077671133751124350728589768330039528786306212930987423669628904435320089623629273185481280389252385519
9 -1.1784884002036513854701427254867264740275944787985511636077555745628610661597042159803864865777226006503863931232402932111272492132941971406506011
10 -1.0753863176903342182644720664745849746028552596705896064973177923975100445196210153029262737767208510446603871521189609754659591094438710654790501
11 -0.99118716992181410893334881384604401968628765311887560614069442083983220463434422609553274117288645854137218502631823403118072865556104650545059825
12 -0.92441373170006380366734245778285906590190310367589343861555298329200434158538089133491167827717301727604649386569664113280584481781794644429247189
13 -0.87164635338439618563560590420687530931241580168837435839750924669995011446210443909478453541211145419062230971977041123753054851804955235794572119
14 -0.82970229495820851766074781009623529932116094748060030215412327992081435938427140436944592605338039940762568327784462467061226772989619927801297431
15 -0.79604543695870295544525473525210104744573704504765352229525353074327155186162025345043108203372139129361718745052018577813360828024548937483179407
16 -0.76875003597847658503085814257550131820412744561585790225811069183994250031702231699579228648785294593598044613781954602565550187044348257812695928
17 -0.74637478310421877048569739351861935293776841424150905411000669608514233423057738356304082425857662843847453338766859437829639129736871041268156623
18 -0.72784176886144915743905224727029932646537561131458317691870918783956513482358856261650732306881313479177698424401258301919290989393081786465324723
19 -0.71234048750856813151408772184948735069099171789357128312185605311873465801391589924911929605591144707886789512405485137234844816873601704353591198
20 -0.69925643098469122397861894334617662863074606602984656391692457008448771334260101055859616800330139361045332217727707495184036391592273844643896799
21 -0.68811922148088904143050819935834895616471372085486482993272405780597963891300403441161701026510152612144281001756065637712023035378062964192927141
22 -0.67856519478153232220456510826884983877737383668672027860011063095104497305453562693249346107562622960143329722297258296900942083231128628480092141
23 -0.6703103758099926353297143183219557643486398671053753108871789381284356258100894229354978326913280462092688759432551743577402182249485049843873634
24 -0.66313085558135545413415111179855247834233580698568829557934759492640362807739133826515786207633344017133441908449515144445235485682589244320752353
25 -0.65684843537137770165735797967837640711898282420935170986736883418264691362680664502112652945577609094833960970595193986203300090176672316953133206
26 -0.65132003389939572417042312732987301343878700398963787970548101725049071681898319649872583442784910981088171269014149859862742842959660748709224119
27 -0.64642980018235925613295485513911733782996600142775460082353227573951490053498936883509060121630302572362776746160506704965221722722915449000677282
28 -0.64208318697896365035273553628529653112143561119581160439097190526756685799227238886556460408820420420313519497423294022376120526737878986553881228
29 -0.63820245696994290069777374436426205125346187812866787993868048351287056894321148273136465334618883880025592967072404143026283694634778619354533582
30 -0.63472324510681410360783643641316862574103576166882746467133355180625140730452944894306098034870308617950110510994242858518226616725359967074221794
31 -0.6315919063786503582095007759481647610627156935458952705581916941645437400117302564245665335388497369006672338198442847338765199364870908526216491
32 -0.62876345271653789046423618498448241736113326906047157171554946061469150164177522858387755304308596716602400578161109361562838128557317266581643033
33 -0.62619993554256311288674129859304092198863950390915985224751656993066074394354304410373619266398148573253203390135600938082974416495665468770571484
34 -0.62386916817884759697210724238304836700626343487090890174126864320263654612111854220984018424217390492792563398522384295364424925379892715611071115
35 -0.62174370948608989912750311608318685729764022992196381410818614350023579905932094037446099100539374257685818922369554432737074247466916573142566174
36 -0.61980004981314129047141621787800572231933034568268272180796634490211598851108308021017261871126654062118599822001550313537118647992950269131928533
37 -0.61801795476406722387470914660614409892225399778320072513836598395919525773845771270294131466069593468909021825799324677397162540340070973934305721
38 -0.61637993292852357997319423020128165845887225468184388199715866162284135732700003319571818541119955330375069321562760367276800183004224942191921873
39 -0.61487080162910149310379493871314832236772468595766901791830990181199608773337053473759825858030993567707933579112970426127774538374820468540408231
40 -0.61347733066089626201565992977272670736674189421089295609320833028166385490249198123133363722644851655739832204921874554702993122156878250883707727
41 -0.61218794846495890275286812484661130739021574203190599640679443266007807361414178773164979431772228447825691253552812591133826728613607606279055432
42 -0.61099249856966912860769874300145052801738953200090762477630564736670793781301570645888544308071826143310383512928425090788534143163530801389416178
43 -0.609882036728063918856489340164200410703425385961435870836607046430197255537340949034192136245019752258045541149568003197167392444912612472243269
44 -0.60884866117553406895788666331627967096651252607253463113621430684459037658296847705873915072925700866357797929176220488702948008069281177308261457
45 -0.60788536997833244803157988091560644308426837870587247777991088992677098977776626188815313230058084117589334211756413603369850278101899112858631337
46 -0.60698594064779474749954504352618248264007618623515414992510501858257400501292364881079810899813122610561631880050534302233736730455279623826001254
47 -0.60614482813893232678632229798270636989071284359139309513611748991775742344062377243471284564516187832928472965532113772884820949083754413259497367
48 -0.60535707809564108553944635696539443488999544781518850886996076266714574506737303365325385361571323310173977982873172478409885896678846330616824171
49 -0.60461825279375719220382039814514537645388597639982459008400294447571689291439149249038341067970479120747780601467309027106800449888789109958411645
50 -0.60392436770210959830954309469006401946964471650365426678074706178351453724199510996436901907811861003055874625444859880631068686983164344834697462
51 -0.6032718369568837323774138492192332805169116867481295585171641329747250469723018789613198642575511988917818728747033466161054655774456662097955538
52 -0.60265742634618584281327049956478838004222820527144711747272661371568911154953709840934372047094358384928451968743319401443899378919286064754523088
53 -0.60207821264522127511599800871280709045343183325209368226101473606036897132409953506535499574214252736396023583911342307674210513582293334479336719
54 -0.60153154834000838356702825246821799338171907441569430626722476796039678631277077739129761608384817722013586662464679525415494200214099764699591443
55 -0.60101503093841322415050822187814847349729538443361789912903842202569051395361247128492045204146582952658504116515487714432118423515492736663547286
56 -0.60052647619883977700506878393686131529478832543169554814794877286618422426922365277071835827531289076739500363270358813718960525784795673078975991
57 -0.60006389471490904401424316267453090425724537828475037130927572760616896161106655746622926100148199393035744770613457920702846118077007695632302126
58 -0.59962547138345876078966704556889374599731179824778670185387898751792916473846508765273389526037962253363924833489885577218152107063339810252938158
59 -0.59920954735680323313123693715583193241827360063043572839612914426345804629515521282853754910747614846898059553490027207354667842377982763789038819
60 -0.59881460414128522853370800311700945810022859586406975471259419548794971757765669429151740784224564240928686235383263687449983834101072425882007351
61 -0.59843924955502873732055003370491059906701261038152748262021742570613092237733593433492235900342650536372968657290229084227948378593363538343866521
62 -0.59808220530030964524135070996813837161586681823690576826171237289306846409396272872662948024237269997377500731300123438149796757532960740543388915
63 -0.59774229594158981117789241764328318001985526339301532824062890416910249016397489504620755281746367350322163608600478361311492174568652952194117353
64 -0.59741843911021348623572208954091182536971291893336095012926687912446379744056550713960872939636477809643595400511406427530884099994044569224824194
65 -0.59710963678202184024761685794968595730418738566689368232211239895149071102304577399273228991624539883857809983308465812918068405766074426761367404
66 -0.5968149674954989236409420617005371450703865386863862520209566501225344279144276633258821553671793503902054864999971240993129023532051055948490196
67 -0.59653357939617268982273669821377300341282745786610414163627687501554732727700612527159133812545119398146757876965624113371649108134832242082758908
68 -0.59626468400839264386055333550625276814046291400226820897843229850866505600204488679457339902139481739273482339609191488309580368976734416562031401
69 -0.59600755064873150903579455960409375174369376192960972557469917343086896495427258350344310719339927904241315495209662750235259532211816743864745344
70 -0.59576150140647546309356878973406190055582633952172142376428296139109883440238303068930480401448443984510277253693124296122407308852737322530623412
71 -0.59552590662627694239408533773605031459215911916514551702925128301562355268330126526697538630342730390968312562710194707785610303281665917955903411
72 -0.5953001808362956708020233368631455203872192066006080514064033762627241684993010491789702193379046209859267853478344386795030178841784967571716391
73 -0.59508377907225557907163430006307141703554991909831840492727646782278606122437837186307265778233549252997895415682079851069200053553833639524241796
74 -0.59487619355397145211524744206175711587267151546806919832263063540252518700692079024159332810438238059771389281561057179556616431613185369625464336
75 -0.59467695067619501028429035843080432712669513699349623937589178066091425160091274384809365984738000201331585110935634055744399625611222975768005714
76 -0.59448560828021786913116542296039973522175298159902750407554542143278507472157562477717633055813143451090481474259337938774052524681250685321984361
77 -0.59430175317665124889330316684563146142036219733468359034494216426852218321620471065974296928562653165744522625294279732105315948916438032418096294
78 -0.59412499889326616293250198497164798909454431380252571441857031196138827372122453747446398026762101791191898854173337391649136410626211960754789829
79 -0.59395498362479645802961204690846354814412400230359749090776472627911336987878839603120269170659428460951198883234892097772622509065893922842987503
80 -0.59379136836424268499097715485078523018188595164781034966335134075819225009815364511996054132816439567001452923914846879161363226332093670456720082
81 -0.5936338351975201656532778814164942336589608298995161812407034679356564655836490977341242557594217646577453988864143844496571345530117037443876014
82 -0.59348208574531476257216598089213625370836317644285252401925741398270131679649875792877198790464977974798677439113714544731598790298911771139681846
83 -0.59333583973778311964709783873366281007353838765504140554777488203618239851566539383231846052150018559570059845870652167833171164742693737398810158
84 -0.59319483370929333076345506657240894919090413773873670530909265404680520512288213986542491181613444551628106558407298674141246199536262764840286436
85 -0.59305881980177521400972205284823610722914243246880100422871565459233418302618481342126637790437542405935388142598936457329533208346746392695074052
86 -0.59292756466646074672424866860693831358161039632585419966611964888417598245231660470209525157007384080891853738814131192943630675737594351248551021
87 -0.59280084845486550124789127101205870660854489260882199784919149979090499052444247206810960416067640113723342456193735512412488927738709764268690256
88 -0.59267846389080899260392470090159437048101957219453184427180085463036072055192172918841016834481584901732406461921003997032203075855179345385554174
89 -0.59256021541611114250880788105962944673126405929835055007714424544352312842681669207531166587443573442770854589179604887025306678957063241566727975
90 -0.59244591840334692769671523099960114365981431964122170753599270515722562397815936976806990305824757077137575900049432147532794465659128163901779617
91 -0.59233539842970327877794663780366885776037862386010315193798052628238421699183281134765640609274977629747900273577800119677828531222330338640729676
92 -0.59222849060657146432324133648361245797348011639753130116735934837373211108947939839367149312274432386013191587713768678960670069032745219603755507
93 -0.59212503896003325706862931765894773128526093733007635443269153552041885424139806938337802657363827675344113993993412956528911691655675106366936062
94 -0.59202489585786773038532997454007838087506678523962942348951566053835940073008919243439310407780300996178720984362315212717051115251878514316454054
95 -0.59192792147912419702698174005798928129285020377872351497546524886122128340447353124207692155379977853600574349255448315729892221682677310338266175
96 -0.59183398332268136379200597853130721338866540994296930198701079354991376491976987877094433751569837009065848913876711906283417753132129962238193172
97 -0.59174295575154829565075409921849156880004581334816694539236659214491984970925231919098369098699225749995197203790245736655384259062473422421606411
98 -0.59165471956996369434986075045129456784462747142903434461795542171876997103419254173648701610165136797298974662223257229280636098831716508280597294
99 -0.59156916163062018892400837732978850938513552160263931866738513260111209188032018674762789329693117960311432670696795747703302282698699305724758796
100 -0.59148617446958322603989483978635806338957011026494248861819772533185446093669338283364768595290890089439035599472949654390205859086808776396651298
