4 -0.3535533905932737622004221810524245196424179688442370182941699344976831196155267597125968835819103931837534615577280742562312090139626843031610307
5 1.007591311270617362270742197102533468603595948515603086139302130879946398240998468349730218533842163208937029060729022628400289883785679714154907
6 0.6467850541560811363793918194073120000534059172334972365750802102778627920970904537417685928804033350858153986831762632540741352147708007150459668
7 0.2631129078997192849602338655257548542255301123006234536788564343622921510972107895408692040394812911934538636176901588636988266200717369953770254
8 0.1559922434215144899912629408800779269717422256916281843695774781975890291760386640810432940710138369989396498305347826289106716230272318636993816
9 0.1452241442429641190379263065625209300919705518816732708014365042363926641541100055260794158684287738926008106119482743534275462164532402907188216
10 0.1622801517724284899367778755789099513962168328469582321976554701573591538119414274668906483237869278725457882506871365657755499026026536514750144
11 0.1849537659397111030625248150986946270059316418395242880221565379564937591209885425687134074009568420095934782436415814456379893920235444621531043
12 0.2064769032745078101669629252505535336834923767199344151104485486683892534483962265037080220645609620771263316978897657828483667590145105239388871
13 0.2251573055774007330427402791858486388671677231649823610765402150474764284827918115188783982563197316299411987932995232629938691890630390590090109
14 0.2409146752446331692799166303068917517333988950606983837967629371885819192833633192550151935334243091995498096313187133785761584721465951352369362
15 0.2541185757842884081685334103644530747179442541423315919203969622240971982020038005095445698481753164311883493692495333540045492395526688034975081
16 0.2652073206292985936915673262230047877108562345058471122883722591969319732010204898218371137125143225140236334289166721778567085163446629610302782
17 0.2745739783355559012179456071401909992252398294955584808385470050055346754874987387552319404920935841754387512418806097520441180587369934878626071
18 0.2825423094460892456251670738083893571116420546949474896691217146484094605232497732174793274275575927854890457919702445217604932554639551312212878
19 0.2893709562175090831613640459579267606405914479508015779845964513437247623255425059566119781660932163505770897837734075203764585811405095881487097
20 0.2952646535871257476254325808844864537850677854355657408267497900321686475290959058057920391010530797046723926189481099098854565431592830366378801
21 0.300385537167527157393246111574105325608156558632241601920808942614163807299022374868881467187989186768768604838580063171514294799928936171733866
22 0.3048626445865043968617291935937658644409953639610206545715858631025350217277545141997677939478332274906597044429010463831286470398500509502286948
23 0.3087993935691653795305631828360373051598516212168701852237279731863670218147553636833677062488634516951670527092012366004577546867871961297543996
24 0.3122793175480098476846379076448308686572366286687967693471566392716075470956329084438902718092787696744595716525943581723269177898962436805297774
25 0.3153704271511235194553886311197200993639390133438051853751306872410845947901401722614708619337299303902797161822085995719305973130087758115740978
26 0.3181285262268919246799527813338320861873140303124538071082486516279442883005300247728204653294663096533034092656769469384016194857300114481663619
27 0.3205997435322810408859869695007849986130450435095150689424016433094431862524736524330613776129630847510679627032795297227708170395602006699289328
28 0.322822477984957268798494417831121712340427050298542379695751093247646045659991209048986071027719582111748349686277486089301916897521048018400358
29 0.3248289044953460057926127429455699390331737218586261971372474800507391615007228014600383400204242695979132268616952138183433792017229733930358834
30 0.3266461488379255276243330500377628228814633959292047307904282283914054572492623519652212079826571649602105193657109791993696017378614512093264164
31 0.3282972115690328538590409499632394232297057046817620377521274102347569855779133033623726302735028873360030473998440050779494086288269387085824751
32 0.3298017002280249717305872451188556569195712031078625077079740492077682198337786662012935949876103904270998668604066798561207292299118622071401031
33 0.3311764139344148297870456154292330379802110502860081972195557298424722630428365087262567206468113916293100930252714335899534550032843831080793009
34 0.3324358134582209976294015130082179928301466746052348539264336268514069723370887550077432496109163065824517282913616591227299935324090069395147879
35 0.333592401751179743939990861168088054062231252876560600300319463992244137072284009847441489786488249532130907531043329189540109104136130225059842
36 0.3346570339597308137982706067424009545820240084810192061855555428226867084608160147755851363556923607425880785744567117108236619961334065614096936
37 0.3356391715090136220911278905536698354649194420597445305560028465526418010246095708626951122539669000949384016513345727077786595557576452923093673
38 0.3365470915313406811019705413348912072724865483849103121402131934181606671065400144110890540480117757158699876276230928846024231136336365532399457
39 0.33738806041321610411317158960692326765172825927327743452719557043793344300148686937345090279836322022405777814840097567198919884613431662662121
40 0.3381684783369616641243308496849168446021995089286149525719703521745326459194502581212509984111312468283821281018575522693991320468756878153290193
41 0.3388940002412342990744993178505281389306428240617228861855457551155414224681693837374479629596946909943743556692205956392255341598062998487791404
42 0.3395696375064468533643245096118081651873819746493876407685108954711411288247095167011665135390193896816083213874022585627103018526922623510843651
43 0.3401998438038897027849285521919932658409976839782108597972267774618168007878752389523733926954033958915304159408116025771542690255423241147208459
44 0.3407885878704625120141250721461306625386719882567713060585235187864905271764662175256432026706331976384391778634440045806317425442763567499745902
45 0.3413394154393100698096086399412812461774363873473336875426030126637479216811317186136172304809346042249545513363532601415294081111432279662717454
46 0.3418555021366588124293927979093944344670888702073491796969984215819514957955942027509029304900747485819807775187386759630194445768702821286111933
47 0.3423396988214580876260387495805512439390255466370574928096026147335177109243930688342326999666497495121617694840678588176550914988373639837911577
48 0.342794570577876749267956175683270022119822820051159265182700136965266730954964256280083329339935875364690579502927896218348252028611728682155141
49 0.3432224303566867364208147025521231888742324214788681197501134773210345961099851519197450533544418573265436142271629914332124504225680765646040973
50 0.3436253680888828862518302830512039542376804279958828535601747723935583951561405350746706227268233118463308052114800097302606439745827802587980784
51 0.3440052759549050949491671689661348142366080926384445385384830975147254976672367161420382122458902110112327616049948424127346383537260096893553542
52 0.3443638703788447784190266475189537941321232145309917478946407210678898505672151819300430479055353339806327300905614324873826536276029160570374127
53 0.3447027112238061052959408637883014286999015176261014189606445260974691134710979648164827354999957484855566085374817721660230989121956422321143113
54 0.3450232185880556321489262915521352640888623511306670125003560714025254600385326033823881050294984032006592521496319697118116082998205168509287306
55 0.3453266875385021521403187342641513666509972954016580810383941392271405731590632245417655317667729242563050089571856987897609211994691226049522231
56 0.3456143010658442233137569450461362950406827413658372697879631978114280178947118715106098267625529786250613341321711793698901926720669798372148914
57 0.3458871415023712135395839285848609286513793271866941023666393709945868275940773791219771610339052060931501116186030377143023212569231419736595274
58 0.3461462006072787335219743974751084119649940893918029359520027246523437611104619729504600879688507219418683182602167410106324826554338335142890824
59 0.3463923884941560204529152857453988938982712079566675122181434641655326084712908571791192641661565099880056190670338375294636372756577647493146892
60 0.3466265415499695251835592865783569329266248540017111119506314805747785186776093485134159166362378793310823964173001850100927057403015862767277163
61 0.3468494294735527999107247182681956823096611422980879162898271929748078822910141211630233719415400998696941102013793671381600729155785883215162196
62 0.3470617615436267843704741340257250368116741757098515243089604326388520546724746284879800141249527820497468134263426882131941298413979284218880108
63 0.3472641922111535115141812818300761480256061965549249800394262546694996827279927977563386044272056643441822741284605663990370777400151084767135266
64 0.3474573260979093833483551758433760617398742825719822125378047327874969217705024318978880255582348517462706694656080421230181525692581457179043448
65 0.34764172247217336601836841614415264664561680781744504321722238425719101295646487793920255648303913233320502789536667057409995276360239354709297
66 0.3478178992630493402463258516314239185988342728880539288331881258767810301291934094248474022926619145361780383412641240050378895554121393914139152
67 0.3479863366669231988966771114448092864809388915742661505463269471608113071179133895792201692091107353751466940003949236536332906628631236664465688
68 0.3481474803926809772655928192591961668447325469674255610748222684417982755360063631515936045887857582036804269538919306212352271981383605679884045
69 0.3483017445864072130585469150328430455761421452488594188982117131703501432099481434060204267831742309962968232336674996457822955700062166606383005
70 0.3484495144711952459062471185857568773565955866697792606177504077920973977803554204953209145124166280057809833038650415241281032892939440102744635
71 0.3485911487333099136643667281993925548646901138874752792275297286416833570201725550717750925299542395237466556316761264985260532261971326335624368
72 0.3487269816821447067059450211111707025555549742444694988348542825368242009935335529609011910669543967351587468838273486968929697249997201976695536
73 0.3488573252081230490807790179963313467641241112667630134853897810032887208541146830307474850822268339368433946550293705784031976090000007460968672
74 0.3489824705598338335249479727887825528864148539170240074605638332812248210710625440151383108552940810778139875294221402568786294238513585568161514
75 0.3491026899592028806498316323523435719393307074446388509239988086707536235080482056279144808734773710421297661378905689095920665696475834854469598
76 0.3492182380713323474599327635665789383515487732073416711922097929078725243398384752561015885747093433991267420642488585210626990975940627756814475
77 0.3493293533437449337832865087336464473893441483424092117337722107629263813693957895346628849268644512089264731593340607781349752231811614643388246
78 0.3494362592281113277651949144535148880566036549247520644270133795685506384724652157878185568657757098193187435887603965540450320718224116763735651
79 0.3495391652960855720715075126016512001575737438695678914334759628293788556444122129605474170188857534292307605128398753834940323338646288025082676
80 0.3496382682595964945770871387337310472402641178322516221099613158567021103671406434724413800644870243604173537506054055031070258430274699382209588
81 0.3497337529048205652115926801464425259915921812969217580571438141174917979280331308995488592168513033145153610943407104528041212166435725297979831
82 0.3498257929480723966826201920241642623534513312242840975289987933613214832181448553877581069265629818523719008764559490509631536177265793986068493
83 0.3499145518209763201844089944937721658621438270747599580312135340359875760403158054310700518704345986417420299003099882180618144114294220071399981
84 0.3500001833915111656453114218102036230183300232803713124099063636748351260422443760926041243514955492314764457522371247121407960843223828880980853
85 0.350082832626837736376486689525876054863282669291802600420028281935087676730181143858751607272753935477538746576460153706430034116364986491743676
86 0.3501626362032134137343901074358903722145544739215591090735602366876257439664003358696425390510404460233629026889507905166874754139038294900553141
87 0.3502397230677612741222109954047594641971584370801876525514648631809144154394216565621682550612274057510620835534453577682525004022946247873297273
88 0.3503142149563837405622567090641742644801527063659930992345617391852886677662874396724383758102713516446915741832263301029557636079942790261822801
89 0.3503862268716859109499740165015425471030150289074413127760556004113568965780245575862861663925063056490146358135289766316902229840356327332064374
90 0.3504558675243950317945525178232735543513287338918723321772592931421090454229986532715396205296570324721660246411445763255004219643350569078425133
91 0.3505232397414246554157558413672119528969625689234304133912706511100786584182117168393976320407131341718898202559276917583700197232457365488637038
92 0.3505884408434300629361209295945193430779689382800120162527416856832977829359694663211189237525782436952616618119821293917975816456452621320142306
93 0.3506515629944313895085475676331461273363263715966721501900719802083807894589316052750271446607497234416994586115461638916029482576265021355429702
94 0.3507126935258389069615695449289740037608873647806948659278436580448435305460247830417912009324474227785409866161515932872459135575514143286133308
95 0.3507719152369979080478520128457074325912503243360301316372462932530320596900174431678468536391410203517501329227434109020377619391436370418607806
96 0.3508293066741757923422931536763563427863001093647053271179505962139820276988365533372520382455327312337681029546753030299119477829532011167270528
97 0.3508849423897388128324731074480496113459928712139813712549177172976081400853334503878967507506414884471441234716948220041326650112801205358258942
98 0.3509388931831083362128170512570045796340745475310424223254030406599261785482037528059479686567577965831720371028694471600606881057803426701081955
99 0.3509912263249444882167966650771326894687111620124650707666373953670542943395969615130302679561245031099007930556252766325126713972162990699757497
100 0.3510420057658770121246734909178183785194732639987136832277069213884842440306789278069819641283684042835487026307161365046873891032939809398811617
