4 -0.10053782655909677069560972057264121328260870860408241786855304440548811906788156007020980933089482943818871385373604945258733599757381884468992
5 1.2771546989430087345806020773514542571775021240674159919885784561290933287512255050838980213584287386381978623065375813334378236298676349707622
6 -0.52369050715243773512194768825477096796817346900353497659500699688170211657857948264775839154045003949527078268488233560143299259480620803117671
7 0.60439042094672476124373774211367729628722583135994606000562080606526275782740037539280459971863913860851369322760877663789290763202878895006795
8 0.18510677704510420373394796323472192404551246550709971844901633667317733083127514939872737094665461524332305580679132057873959833233558102282852
9 -0.14431794462783403059483227158718783319089954751256264060852077124056620441203183352950564654111731759093805181247605147555682695487500311984961
10 -0.33558966663689370013648235121027649037436383231575247113544684664094658926598209724158343242647670883979018303251973792093478445467986837494334
11 -0.44488223805145931758258478286697236038235778822954788713982695799724655045281436128318018990948065340128979592823785590086318893301841290355541
12 -0.50907648924738313702729516318121881353644489944546251711135994254820343525174288911549033733580466720024310474725565722176680679661952530152578
13 -0.54807464162027765409998480202404154740630160452546090929687613652333032005239014148856156440022352271247739075380858680916982822585305947696556
14 -0.57251734646184332416905344326950816160556421193209790810807991015957922825997355977803519765712353426022430035215171674888096707708114839384284
15 -0.58825156829784496270050133245946637864952941645221002481959177217339688451264840091036857626778051433694420311037381928032239497540059374930714
16 -0.59860441216729404678768205859491968585524414509742111957203555565953472262553120178919378509082438877256573749153913230488783763170163428312346
17 -0.60553555570785043928286830201235874321883458551689721126834226261521773716181302004226295547222620088460170619118564894601790779390179765939798
18 -0.61023645724632677247832099010753353048061221065287534409692922987191731624356883577599530974170908309883881843425594872045137944237980736359613
19 -0.61345238628662958501214688279272659659309519276584497476060921011989237717100198880144616992424735788386779192764399746812473816505147665446224
20 -0.61566140933765418132609745959254227483900301842093287797296808803815357801868295017374509983786421610228154528377828380305224589569087561422137
21 -0.61717708904108720898645222234648446669882968286206730773142723002525801268286640377786905265949183527003051063789231533517625082810752584421689
22 -0.61820916439193133804505438684901809894247047377673997100587033576651000097856217081931858844447261658816670780011064779121331781953592792798391
23 -0.61890037353364206495446636696799910164582111807773557113149614532460696194881612227461305526674376698863202110302790940612426556821813246075367
24 -0.61934934596386387175697341924526699898935170639353805454630738487648332184639649520849509076624839223086649734071706489007744487973773113515771
25 -0.61962514919968038475548073800790156199499838513647270495929847461348386408015875448832660709864107083008369582836781181601311534389384053740418
26 -0.61977671737581908734395471113597001762506380480697819674952040548259001435407189104357354020484241939748995010184239844329155282567935911100246
27 -0.61983907334248309691896649273753607671027211298370427862032624562273257451625919576428388747224800215799147100332429776603453626113824152129773
28 -0.61983750232627677774326972321467460326887542865484756186820457431018284049895947579978685973275073257066391820951751060813043214134359723860202
29 -0.61979039344014370354008029977468132098997674514595488265428321208181280315825874587359392217687884113020345444065193681126591947525381532075437
30 -0.61971120060668731870292843515158968266834238920578727895274099721287412153683986365978045555599903878153954617660932251948313508759421154166944
31 -0.61960981260942584283270873522955552002867875382223632309797920284843004191026546009511293241484719785633021039897878679468373293024765592961437
32 -0.61949352117598937710343995921267605211673484740916619528423557521542521301745569112908589371992960411714612287611402539310664105350640103548356
33 -0.61936771211727304445452160407792727004439339207189403993460740411717645221199403293316156549058086542553584485896561178969829709670779763637584
34 -0.61923636341836722455446848037854912317950388358093013135856527810972957683662853195260327348928941335664863723378971567410228449296648860400411
35 -0.6191024073031003023370477353178780831083047208156389876671370273275561859725801449476669908703419289714374111403809596698347171647426475528485
36 -0.61896799549115712684937849963626981545981122343547249866061499410119967129394321234878034013464593839331776731570618400142668599497641268143127
37 -0.61883469492128546228990648044208831699848878433318558754877520406744141438297927461921638727548644543086797339906839161707034979994206063081139
38 -0.61870363310271727649377773985916564525987773031923560693961139399837804771341601955499533655202493931121534852864330919604994349980293085581378
39 -0.61857560668731091177928503342305635155222484693736521402583554318142392160247955947904844727609299496161450292493012563926308315535406295978568
40 -0.61845116299052687919683646649566219652083160002143164158535101796482403486675203962971678058181530806087338847780426267342257303162157903080432
41 -0.61833066148181031083817279565828955271240859941088759606129509454290979245633735771986407662451222108180775259374291423190617893273990291412886
42 -0.61821432035051314357809009559081964944921500916489172910488307572582739436285678578422274916763403476483753260515199660959746520054893906033766
43 -0.61810225188815794601728748465287465431337678900060311375514337019096415645443189635448421663856489320345579630698640458893787878991866534433319
44 -0.61799448944623831888986693826679032842998330826951541879060957661710389062583900375748438091907827443617962928095414674522016239668522958276119
45 -0.61789100801765052217414506297852045494262786802578658600545342021818879083033411469876772464243230404791211183605268923855745385380465910531052
46 -0.61779173997102442946716715834522473377092241729746833151228356379265739371118232205373729561557347448706762144533746001188679157386181927640979
47 -0.61769658708613060289633829230022421516927123728956087171000749764285524615934642622856709899794058342310149023951526268801246085824284764930197
48 -0.61760542975684463163264654888336584111709667237619536633438716791807956742359427854475624929929065574166252467434719029673634652978981738035212
49 -0.6175181340186834893049423302126847762111620498526111062876202583153647010215216943341071179368555765802489933340937524073175710743955040317074
50 -0.61743455690129704335428790726253722398167837393810040865759668209181066798470657358698803910658453646687522966046589820124730868277551011911433
51 -0.61735455048855592780351099062007061064267925647087594612241144680204491033250859211131849163950685391812818909746968574533453090210455396287828
52 -0.61727796497992986494284957396107841073511998500497518872210530999186684530424816032962507050257300324907982235884261180509390372806925777036084
53 -0.61720465097934327944876127327309492698355090830480944760939366062990861053129790833014126763166603757289696197121972647053149826860182958093719
54 -0.61713446118623620096551152325759073010024828775029378048717302563364263814216632906541095151566304696818287195489344489438651605278438452980998
55 -0.61706725162417272773567484385883616467839845692805162987396491150335512729975258509483664431671246666987483499552864839475116218756427857073357
56 -0.61700288251207939326274945429000412862751856013502191316608142774659895762015524654582553733096668842360162525385675789316123445779723347609034
57 -0.61694121885986489433292541572802483754348317452361960581525420558214146783068142945577233701402027253313257507601631550251626991158610281208205
58 -0.61688213085212525788786848213621744343792352415857319860679315496576103880124266943912220536944694509900678921844231541707446456540743762586625
59 -0.61682549406963609592895965477064798633998401921269016661085024748148260660040093333768416472309074761335830644347214319914143834087133390687362
60 -0.6167711895874396545873239103213651798948691911143501972629662650073394904450223559700359515159888395513844833144606501813600008105191062997953
61 -0.61671910397983777214764369541512515385718681839581688031824840244829980398120084631255210369169950245039436029940313621471913073274870502306498
62 -0.61666912925596037299377206371776433204297495720643089813040100448478693361039843818736960262677556461825438848027142097724400964984694193565806
63 -0.61662116274437764701256402998797012462920045091940814223630970415168534813225356026477709320053008476869099057542192610328998842028381524890171
64 -0.61657510694114365707196587745043540115662925887089364520568574461733124646602024370501820022332198409645069753719064336011496032761005614891455
65 -0.61653086933245385397524833277584937261910158271092247535249606613828071944703573680628636765752638478305520770473760133706501817501125220875621
66 -0.61648836220057859463781288674791269690639351087106101208651899577402402664731303219503101220608432195317511562785826720537464827215528831745402
67 -0.61644750241975158784754403477408640967760460937387101176240860135602597424212239016256777573118380516957762513332747265884277839405654228293825
68 -0.61640821124713128214613478960782821090395019909435132110531361474180817468618763724841349057315745351377952611609836680471459562346094978203553
69 -0.61637041411272482667752453743802933807178490982755792491345640856460158615046294759664794206892217418370959792715634298978637739955403290677863
70 -0.61633404041119814113530480760160933634258663266748381213878372503471128245061057969363898429884656117951269392535128518487958905198114767592396
71 -0.61629902329773671314194535969132245562343077038999862413572837522468690461724146158204210672981403721312560793159028896070652069649027080796218
72 -0.61626529948952665648410013941083534645888162761850610588350368413451776508442091503555226242849315931540810902602634885978036282396805698884767
73 -0.61623280907396014985379041778822789952954072479952577002434160555953412951513985720410683997181552467783464563686360534242652746508580974248946
74 -0.61620149532430665546014745261934725701349075467341364227445611019983682182679419845632742360537728299394291758426063958275601017884822356205074
75 -0.61617130452330994765953601549200657179022110436124516854645288100574447792333012773156882281937072655511890059340009835062703932292804730806845
76 -0.61614218579495405219263196086145675104114129449499850948721930722922989902410415917144062799376103020004741463724720587820191581653655737461117
77 -0.61611409094447528740481483420930514884599495733209847337364676438801106954479164205638628790622938995861089873413253402448652608394969942488156
78 -0.61608697430657204869720742642183698934152835180776144878805811557043107652131456879222425452905255420735931351816665797498477803844935097401836
79 -0.61606079260167030780543304003732619766266551152354519743323957488417197587719270362957486656712240600765415491503790254927804573743377193464412
80 -0.61603550480003426125043210327597148129815146511394625131811026826920990268422484696166557888567916532560175858107299695714421036328737245086206
81 -0.61601107199346278376719850531904204099122094755068881684455074895858093558977573836450280115052280866208357115577863454379642112043375340023302
82 -0.61598745727427904227669311952095354654671109719019739769040655771654794671700725494121146198570231470275706766706817556874082970689577999356066
83 -0.61596462562129939447336878219222922209708177782850127136061221300776125104771091619639918071170279055833946425986481243910864262820030510020285
84 -0.61594254379245581837970762471778581112102583452713464006011572622942055213113789541587104264070390799333886723456184296716512038909622909974767
85 -0.61592118022374143486162182544242782982340767457813858416939360167481937932656961499540817624731155252128137132780041258318913586714791506146859
86 -0.61590050493414947687836947316937425692052995338825975075565561966164845962627836656127992595658395215348209522647148414323196397112753546217089
87 -0.61588048943628096435282993787042421963487906401487276689849373820978748564956554488719076495174544451239404432396910426265653940248479969862019
88 -0.61586110665230428276948176832592725386569178478183412486931858915078982073390853630322453140595049502273334496884691132607978087175742167979417
89 -0.61584233083495998468229217785594404655444263179328386430489975705016464673448496045696742391856935303359278048567530470926998685994023495702487
90 -0.61582413749331576565084316054186102711780414919077760309124570652845098219112094950523459770525070668950282563223438261491339959852350610949039
91 -0.61580650332298918449961359631803438441413428511390082986854061655055574512912889078160947147383720549934269125394229519436330187134605355626944
92 -0.61578940614056889326075403587234462514463118457130973825452566429969437700074600088548987215340608585936669435980706153989878859784344077286306
93 -0.61577282482197859867668452333988738248024236427029353446756406273996798820910629878546482815520913541172853269749014015917596621750867543105505
94 -0.61575673924454145282430188935962784011867344302114497906324796836185082784572473642227532591262650032282946980855091643128561924340107546716137
95 -0.61574113023251588248357527066027790535000506117353492350132472732883393011332594760009635495800156552225398201090467443438051061805949231032804
96 -0.61572597950588687949135284414663389092962978503745608096676133599914547604442851627197680550768865333893163595414931234227427944668857864291671
97 -0.61571126963220938891809711467314516839122626769220102165607221367563230755374192427197567839030464517519721520468795313421433911573782720187806
98 -0.61569698398131257931919897952160910126318046520520865634738028214111112081622665574884643581077764098714390693575409328741013536639369450511804
99 -0.61568310668268541351260302765944000345722190192357163207048745031362863197467038074753981128273366445148255039538429756441223138362857310662341
100 -0.6156696225853750313745296133438240669066897147097244862274119550379594047137055288424014690874215608862322169333829463444459152792545695365168
