4 -0.58668852786270913083589873021510784021344893703490756880719608069018510552582837434164995088261324922747603872745825655812805828913470681606
5 0.86858311102680135661924393415998228312614464801568618026027653671465500887799833947182983109870335338697716592660702956559988141955331248259
6 -1.6162096295354821867102592948991131633171614493822557443580410382741711082804558458677717192451567134727967338354993006464047900110139860618
7 -0.15870536177083828398880455354710257623800791247817074942823828229724204763324591034472645216222725426446121870931608653529903644821848904748
8 1.5433821874293659593804983903894157127055754278103449821576281315381609643870587439122035340608848704827272037706768657283710933888549780302
9 0.83621086949756819611657598391869595228595087770070412350002073084266820931746962363855661228679209089794263379084849886464989308885773303438
10 0.26505282013861864784493167132912708843410297391562789957830580811094539434871884111022021779211670742291867393748499836640913426452997449483
11 -0.042577898855147633235600156270951009926020856053357869557141729010023962884416959375884859683036593631662061189130518347332185486385217965068
12 -0.19316870939450708282436374959690701878793438119905741591144772464700509627306249980261702987637207739537016969258997873791837622393893254211
13 -0.26182807512883456526794615155093950421177229431580214008500960121181885642338420531440410978283689603018657954024612364775205642126494486846
14 -0.28882056688189700404233147852867773202389673134533489372421850350380009218087143064419389311107661924353222410788065938611275467531371814817
15 -0.29477320365280716740517135260515770247349302820903182825861632947747639471912293650839993427940371200308901873093624325002511706093628425969
16 -0.29027158072182946320927354076480383359430068271572701291469595160285321961159838774131283365444396006176001461442578122030556344937630224683
17 -0.28081282405234639721634627345051650298088704345363579142984683628770034132375082396344937069096394582213424682938257548679241540053103639149
18 -0.26927859302219639629355105229581651442523267353406073450336290510234758421774772930505386185456653060938135674296154227186085922784592167396
19 -0.25717982735764010052645733150136018787884825424751072217870687443872594538413339095072001528872969579236538542997876378984328067593509498439
20 -0.24529605629093026449861256418918973709157925590760873818543356384380215811268996346461335873967951305771251963152114167918910382555327711197
21 -0.23401129390679338531932925211036929563033385011302104402080525819224845859272016879155967106136836041672390922560204159870301580230084616643
22 -0.2234943325960311268113745073088607471504455843069355296528062330482984887316341750091424575764511039602484446252972662078767104225767159595
23 -0.21379729712084103002428591277112940769923523639215593699926715630464185674464024012497778971481899252750593779975262219627249109922108852252
24 -0.20491027580764538251314756662206864986538279656452414811269834930006937230816569782174315662723337377361996485762166887262235687359905044429
25 -0.19679186798014179248972355793261324856461658954671366925414492989534028215223278864154397733567065057537988512720247233846417096623239569187
26 -0.18938629745895649176007922537961099893273739811727011516112248276774688053663833775189850824678624261289989608370539343501498380835044226262
27 -0.18263292978761840388013174452135631662581812627694368758739941856355967875145053949486132169260564887850280325442531910395298847091238531177
28 -0.17647145272365834861518537028340356831654691354846348405109522941622105274798948229410289909357005042175962495716929631834204730407078030888
29 -0.17084456902784239052193816363599243547935091017060575919399601418770966878608824435352027940274921601241547874976902692208980832208401310356
30 -0.16569926413699522323673688340629264740164860967170377136775329715051141464452874878504631148207945687995544671558379089101577434067066606458
31 -0.16098726538733654242611126124995762685031981451229749372467571211768688912685603420330531063861560584669459416668665880380900842186547908312
32 -0.1566650529095577220688375604853798118579236338346094051388396207084409620515543919206218523954267994584259249232685036838080663958439656777
33 -0.15269363290469310855767813978917056362285613549808364777716951175318258670920352359512752925202805105426630042304192157108479086026941346199
34 -0.1490381961404707188902967354512405793004836934200841262620882068484734708201418421627555480128532663395007385043073483122955319065781539819
35 -0.145667732469750347639064352757870575607916767768648733370214720653591494999042760529937903657755270318866009979895524369070136687213263339
36 -0.14255464123777227479729475324689936943516563117777557025822594429187417577068850444614234353817292665106865654180326691942995370557888750807
37 -0.13967435905762004958280912230949781327571973196737083716431733197738565636130891199937292295108456104476383486708597015853360801804180873715
38 -0.13700501556132227449057908882424092842528845712817570340097458714613189681941093151387256031105339890784954658082397075444816798769834574825
39 -0.13452712138527162850739268262973181293946325690558061979528542647725335390751458761239631197174662911104909036883714537822313953836531843042
40 -0.13222328902762656320703710455965543827634201096448315762646763063154195316393946912375539226717872269932731314249656309666583005718814918014
41 -0.13007798523661697318262106592828481777528300728551412301042533045780716679910029570268547612174867047354177948014338508711057255492387858196
42 -0.12807731259237810522533108881441800225785373876860598639991209716702404323284446853667920152037982855471783425019156328884973437312598789049
43 -0.1262088175286935860309105711224048601828701920876920446593845711172734355672497361581812795191622198501659882337696696296353219260760145692
44 -0.12446132195929241151120848983081829481644481355100417020980879836003489609857578927661630457444575234374713148804876277799698238338092503549
45 -0.12282477577669218515520425655929748559295514590175408145347512136781360266457914690905750697599567785751896768059574784158198692380852859937
46 -0.12129012768973549716030141770611596491193929404563738915532715648443810016348015698000960105906358437924912769987861593789294326153495670741
47 -0.11984921210512093648678853688098876533388263976145303923539408380951227505232981980043994235973046695091136515590867071219638338375858922291
48 -0.11849465000705360252900733235819157690182609739024717711303399216009805120703635576169274059781901044997565741500508514529279472771851734
49 -0.11721976203010315213740645722019880857201146944041902376939651900009667394589014430991961534569252198231237844515126110749382662035392376824
50 -0.11601849214434137311694918482263643675312794989021218346340656786322622958998097435621510635734400599381504771624325756057595027061113277407
51 -0.11488534057477117991339540968198380001974720933562623862323739991339036240124048052848599284503584712988697183875729132640749556847864209282
52 -0.11381530475785832374116980330832864691521363253922820059079841032045585456776829787223858655311210457059838408719539708670372241510403423049
53 -0.11280382729721697311554321567443395550071404116604468139309504852587915654150751391105160821217305567253761818449454804426586470574117824031
54 -0.11184675001964659650424563470287015785850448697942079458798908879292324889347172519335120749928475316533275371334015113920804319872925097862
55 -0.11094027335364143122095022201039779803095135703872774423508498573660321922834903704426035870654376214137972656355129836930085146878945940424
56 -0.11008092035718768627541415711578722438358146547648662189854063116401023409406563763785890007601340750481949157847794095055019142139070551649
57 -0.10926550481207927664916294794421273903470437179541104237586459179878375577234294675227067764077030562480870921149512579191068011193617930665
58 -0.10849110287994490602032955510762966463916918720324911811932585523070787468287531861712493013572718600403218149342361992519644441215209621795
59 -0.10775502788234451065281423432902553446869876345417531134098959914862689028792365557422172925087492888112296051002943595730162433554089701315
60 -0.10705480782513727768317346793642321656769178000458699289576673472615228436356806936655356877634721147222812193220208526165573350760711568302
61 -0.10638816533714405564807003181533158217438843601539370230130122305195531759258112793228981294575640765450054005835544678969590905838634869308
62 -0.10575299973605401731077364947323916721160517501961091234898034203202068074497263875921055084512576403058023139465708682592820034827228394886
63 -0.10514737097153672756292530437244513840834852562052551312274105034126710634674586140413726942970718539399398796336594945993730389823273219436
64 -0.10456948522745847135216533884724910054381651264889742962959778600127569452632054161013832498851283116317858611960585604778988057410350304029
65 -0.10401768199268875995999007805529140337394500249795112235691482724519681114418615634041586334997109285331436216565376193528478630125722732032
66 -0.10349042243383858720712897713386098778745153188965476652641766311870584177462889734576079742542946541572431147627748319877633245706239101492
67 -0.10298627892392586559672422692433738770567284230884270692402134982094444210953381067931796492708023372192407148727051106610917445489715645143
68 -0.10250392559886812121390033951950204947343404598080247246399685470313668857973655735308750022379234505277986159033702352681790152615887202384
69 -0.1020421298292445771182962840639543983645677181694977344187282219010418875993625003730854992892637708993342435877613065548079171066821461233
70 -0.10159974450827945984779346186646684519768103648886498934691464894855140508807762119998478391470754323591076821025972715826704918583685933031
71 -0.10117570106875791024442093919972982928749641207683989561209962023159944014645058392065657468231124045623956551683333950159922115695702054421
72 -0.1007690031518365111367719701270047354237447370317063233971483383762069796068043889741897178985351340971663168695802329510912507080506024046
73 -0.10037872085965854430058124329113292350752835992718096867056533654930972350335928762887068263688405309780614878984212343834626180670669254801
74 -0.10000398553150636926162844038191066512638015971275012673413730567270389632554927004244971149985368195106270705047929735313595120123989945205
75 -0.099643984990071228886869708143519060762537961002940358287119229408353727739115908170109054260792438797766937100503676078846620908897396787773
76 -0.099297959210424272160410668133387029116157249560099667556517537119809675446158588833004690136028107808738441003726696436020487376720429531489
77 -0.098965196369543254753119307148205853496225545392695458822279124854618419410397319322137827898878440447177689438111067359773591499035235861241
78 -0.098645029238883215587942671578836070706011804925882478214304660708755407815688447602219212937954236098963259527805798143880220964515430505042
79 -0.09833683188655907710551710407348207242807444765450827202021709904748794001562212114764132708682719971291288154944889155357080031338137324477
80 -0.098040016659304829067567058613840399969783316574729175235061320482875023101301247712860019059150313778038667131169356803761211120331432451604
81 -0.097754031417549238163780380085827376349467031102207323852986923094395509627198716506868396435843782477224336391701521473848279412525144301587
82 -0.097478356999755045387991069937200122173183698542076749027443408111961784019690442829184930441615638822080999907698813205280877164143849736223
83 -0.097212504894653388645873765263991963227493816504773894668717780538290174601161512264842102257684677138066881616895701881771015837868702134268
84 -0.096956015102207603873348694459535457898929968997437255610500123049719781198969132533417614263295962951812660248498300113056234743275822060545
85 -0.096708454166095228601227359606991259361116380223703490815517005438417615717110944460901913110173579872786057930613994155502872910198826000522
86 -0.096469413362234038511031238938057538749116403427106883566630144156703515162140079469666675990522058461322997405336533572760341434220881629972
87 -0.09623850702942346646683897695799036316304177070821053607420939200218667816024766762961497610904811425649115386151647936212567582594588683183
88 -0.096015371029549593576301875773216868362726530799901428848832166516771335587552893162862791709849791005410201831818673307638486699496342429675
89 -0.095799661326029963749517228653604273856503574012825491596447976935182454439209730099480396645261939099654412968749105685551205751511130400085
90 -0.095591052670271143168541584614331059317569693538313789786847776623993871865048789626601146914755571222716593663968137471722820852912197779686
91 -0.095389237386892433157439674991447583105065963224948248190231969087299895358513802272568373430438406282001677312031013847790709114891528021847
92 -0.095193924249346770909974811513081375544372542007814425692015158664442194630145357602553716890982392515630880807744178091494795299148773304683
93 -0.095004837438356300858464696255548905297924946787375207650409333022777771228229955738036634790390963154695369254275159358196952268511269201887
94 -0.094821715576285629701110618483774907281571569247607520630000698885208108785953633965683296157430231567657441535289765493798798995672314870618
95 -0.094644310831209410612671284986443975577326351602348219272837745485833714772289057318953054292378212093150507044920790145708572558884692476864
96 -0.094472388085000577536131919986540801635000220987446570818473576988211630582341449775948224617111379310435638912816118714378479350514956216086
97 -0.094305724160278267228491150416477238426170569500715971928235266808780594933131741034170349355011602871217848998682061889117439241960901940894
98 -0.094144107101516400530024708989506815621468036440986564280357789311196558289683206944535508539688270870961661124117267549123417013603441880315
99 -0.093987335506030501027119030136095422538572086937512569775940424836182075061510355913281416895820642245402253603032456560819439137332023426572
100 -0.093835217900936434515106742282551212852491424549257624059016839003131902792358376869151578779696746910017745942872581185513248011371403429911
