4 -0.2576604131153494977338688952898621223672538537829327843328798781441511584074755563828302298593348593553362688398980643254809424010793058123
5 -0.12829750303397442954963491986286556627016159433138955582115384818018440391828799958205283061565973906342567202288350302467820708652687821
6 0.2227473247603373326438843928953343081587330687354366630079821701794755652891908343451779155416887190709872507032664889559203566371389374793
7 -1.33039741290434561275685535853414921209956768230351035729095232665696142523626885898992671768463185498300736672241173231845139424422277581
8 -1.349227536510415875653308829530360528001344250873225716758157114491982004971828478939115183530275692837879440348398073316453427884164246577
9 0.435741179361638994362542929496734292470742716991383586864960733342253247663889201649128053925950446914408445451665255136477571066909779256
10 1.036389159128204937292581750752820065589085244322933247197473859303113424377726929243405418997486880666969871118304487293243759773823039203
11 1.10356631559429209199716667591026477536148922673588103832376000722691333677134306024481690847995386320378868386914218207729744414514744938
12 1.002545352967514529182699558319715582201301378377964191852706180578559548648840014424593796690902676571678825961783768544673293314493297418
13 0.8659572094385622439534556308095550993302167224208633376449385886086014563703319184463275182015360892374974189716166445652748328783399831067
14 0.7362553983759836793408404781618044515513693227858337653514369018950296412313150069358522474369493964705663504099716232972737775845428362362
15 0.6244918280161499545869251738503995934034492429997309958031166250145480155646253851458892493778205114340038095280596680676489111566134949231
16 0.5313608566050982264771051385835286522465435944459185470729195704438219781429048044463382007197810185930937078532765456662410723286878757148
17 0.454534665261175260195323725637222018821906357070562594757652726983240039526782382974312661431651004397936440268717687299631103566696998085
18 0.3911592429108673478852226600835383080719086418846658913810872403570165830339766213529271764356977365708961908880602597636544739854532559388
19 0.3386397894616730705992461916073334685204624961822337096840718930726978467792801242450276717449588707461236295047199677600622669405561157154
20 0.2948270935856479170334347154902882843509386449717963157932997635112496770945705107214739758944572471725105142907231757233993631610588908898
21 0.258004769012902866776600931221937985980287599338072883249981098955827566617835187240542549925475112410160555075550806821936485884590888118
22 0.2268210224614410761973144280250552413342251004463503410998376378421311366640934100573875322970042066753278562465805533900067485070860627108
23 0.200214781755996700692203419035362271273680552771809501379851751509208047342997356112445667065641427450471146618308665228172738842185044513
24 0.1773515225197748376624488902461293682268460689754350306716296443074817930270448649113571223063413612733805323435542836328659033547169802452
25 0.1575717579038115099946676608963346493593344572587510148249142063693403702393937377650803839979501917834347618646700076953436408073730470592
26 0.1403510744702084759871820182429456344700682720988145097114881862439253598979284093738881842489204461025162365798103142167246586516542046806
27 0.1252695750799132869147277362296962405436508377742129021803496636480306130953949076404414959629032350110257771698907288281138691510259136433
28 0.1119886290586699472179659474757780116113603435241100719247697658683741419626273179898073447991549815786563291937703077432865743024779477117
29 0.100233176787617251512308719135510888638575271585899706417689019661668249507432255181258637995525682869653687356241491655001870622710094442
30 0.08977821794112443935556653406395123031202066738290305869541123422862292611538605839776050819694456217248325460857166084656704433541893524405
31 0.08043844329330191978347735325721764465308668726864376903925607918099060667657480213483489392601033491534518840439846601221658795637228879424
32 0.07206023190289852668639760820838104483532163383226058632955884713881648977832706322852854702867905365756325772968640600048174419877987207162
33 0.06451543461539077774558447752985517783521284764460585941006572573516872386374423370738843113826116122411947770085592729321497467112785341934
34 0.05769651328043806420906849415869143206562223104408344827491109606756436584338786456279466592349197078230424724345195287353473947589354849315
35 0.05151271477826248743718411962076675934062385544854018738979597920955305528590953566069638965385460542359328496604541122941745225817248644136
36 0.04588703976146606297479906984241641045269882108990994629704224741979778581625960902415761133888230312149392284551303818520672269141730509486
37 0.0407538255886858381744498401335993325478022656329537793948307936244599473738978264910520994833158311504302341145606473610723910141218175059
38 0.03605680695847408893321865799947069703066080208234966196315127335664987479256263393094107860431511802568050019744553662593899454998524851197
39 0.03174755043238721116746311909845965564820085391856100500465022045204155443768182506212776600314250345069171738822784247895362178820237425453
40 0.027784183411721878694500334382872916966539797739381369181727153385828628858667201837994701276658489671716624159026762604361409644248010838
41 0.02413035641220814458566456117943453856036221440988777953803043795527160366394031053489952431346016739577074830552094180230524964056747092548
42 0.02075439126805306268136549459920389675812295125633666540019503324428943038154819503089235121703600579687466829013138749834913421877071788972
43 0.01762857835615306266035695133646893333744313153653548499389931204471996840827614377660735924257486608635759262269688132468757524865716457117
44 0.01472859391294871727748100724937533198120577978659413454825639309695623345548708246282055522726008840048937758228464855508751275058406803992
45 0.0120330146428895701249354554863611663339378536961309947208100599165257454561574669993679400952102985160529134296568622039132395590721395651
46 0.009522911547124606201385337844688583197020564503324944860877089964717573470294747535406689829435688400694617880423570711178370821916164877283
47 0.007181508572957993572240061205512546007915459746608014708335590696441786205668781984327469510262935130701462262006714059546002958378330628258
48 0.004993894551083958589735574423477803290430178156918389419878581730568358908954570334719376246178504536332951741915799389546616144056608050043
49 0.002946779137330357285575640736058042491461279241526180883192249429606610102672920512355143501266153639767393395462833656597757964759784008197
50 0.001028285250504071635973377923621069700599393792681258198982769742541211106824704286140442514677761550084024218183041357443432985448872200618
51 -0.0007722280947548006170140238550204513658532982637312209121031123417681071317229691055655186975378014074832142058930069058574608982077728206759
52 -0.002464317539866059131164294105675224826522137310293986555861138921403164956119420244590990120893878504518460063706975452119718988066284399529
53 -0.004056585801005339296393795399757580687223498863081317329043240297152308815118997493197635696246666892308287967562032344513140879506374518992
54 -0.005556794114704930151207090749901323450856079718850799682146918146990858219432599600159126075893874711374779173754865152332558593443910351189
55 -0.006971959487281176922762868667847464686808629026184081460174607519040702444835709457186794596286487839494492951934967278052729187276237302023
56 -0.008308439051915582875467269264211592053542090573954861794386935826336363158725193757302950792026761854076554128168759000689523464632584036543
57 -0.009572003451843124772050980410486004253447479563697293538909500167896094159344463769352528116615979634811819308410981990780542015627984915771
58 -0.01076790085293165260792197588759698655609581789201285503526394834527514914455131089018738784665153289016272356399946165384791291783522991081
59 -0.01190091293018825964998328744618739941566785530739858830403406096793294906318656955481833552070357548128118625762182829571427772893215116905
60 -0.01297540395951060701013798167079453711105768633282136835140790029742514570751421761491542115805696091463475176197972435685958496411990354344
61 -0.01399536396966942676226773816804683146722196928436612998807695175398255129086744067426846448400738493573685205488664070483844576025933178005
62 -0.01496444676317422598581719662587737838099874295773210254618376142405833926825032228976333058833882839738843710512792650903979113592329811854
63 -0.01588600349282579763619596330457763925590763038369546769542610979078832010113529587915150810850542002375018053561446806423634357795043848717
64 -0.01676311237896916127843193627095444106362435999301326987236923871917539937448656013088785970400355093670664465352745070747249331095746367471
65 -0.01759860506715926264263154657644037194046209868314468857446733314280995047785059894431394740589219876594888886304226087189492075907723246524
66 -0.01839509005425032700407644469544920507323735570632208672240650134149189920293271197832816799804165072160791551701970199938247854172015556648
67 -0.0191549735504720667802768310393675077461028852401283116149409685269001714716012537791454615734321381602898464047304526727929620829374429451
68 -0.01988047809395003617763242871131027394706792252157911670688790826137939711832224762176733018943527340133279095524081309329343038014980911815
69 -0.0205736591907999503308983393959368809014779048241683679016753041027417832734541264763486700367980363922332769052207715957477217277611702355
70 -0.02123642021709426720296481821856164428548967272219325961756669822712693768462375338736266876109781549935462689333289411613699152693460044649
71 -0.0218705257876083826816951382888846004198331347413936080001096255577168984520388806651304298041624960630785073544528666550951086822100942391
72 -0.02247761376943224304114733252065604377626971765490363269703450158583899872248535145285606288174798657075296611382411296297615592925393311904
73 -0.02305920609555978254000901444244702080425695787082147290535469858686602065378968574447686231545950831127685805238045646029772047666153409943
74 -0.02361671851384448621265654211457401547483256144328264786925354423583023932191263845307834928712575269165255374777675723783005583964553769942
75 -0.02415146938973592088217669600967219919181700667170590858732627045423213303620594716900678103402915023776409878319986716634165449252063929345
76 -0.02466468766657294822425709534481680371804180398384522348934721780145750466980973242370907109079891575007359857613760915033647784899088146062
77 -0.02515752007455601208428544850305024445204030097599810264295633633383340646435155716550209381867826110995048110852571665259898343115094828986
78 -0.02563103766856086398779072485984723415291143595739740206367583826374410545152367264275003736521144651278082942762418159219909727654064744631
79 -0.02608624176544323038180114578197070615306996626155115870505947502908201313445283011153976491759539811756350440003570599565859036651139138185
80 -0.02652406934321063248013046497126913964268450350260201140775367049425809744579213320413760823623490239084801135494269862042503609458901704605
81 -0.02694539795722832263369070358321507949472027125928331385720013564426080249691725743348561323139944577207891666709655046774466524775661585902
82 -0.02735105022233235524035985112405862808126429749946556424918675176263129997373876113520187537454616577376720518431377270163344180277136592431
83 -0.02774179790421782831550362231699071042124961795365303842234711291673702274689545098614405550779831114847521494433661682858763019543067899888
84 -0.02811836565864677296100145697943346259559778091103531526080339457853743540922074406692108716987283401025696844847182490012291953596195751735
85 -0.02848143445278629453243120201348050730520010857691157628711368128676778621240417097887327175209350072379573914422471960429813468877250522812
86 -0.0288316446992649613744067515174463399871573104998704342216182465929661976977452284223510254525309945517201549180882132691754774796934867619
87 -0.02916959913025692243332971541392532732015269635659232814746772025128526796667676623096384088078253807017524417790951930753317334214158129748
88 -0.02949586543601116200027060701991636867098329123044999195643393960653887884555750848167921928421235394028537471310165536572372987835983636205
89 -0.02981097868968809155825848490732022488686184225394856329969759519341400591100936055949382191221930105376771522829957326617507540543611123106
90 -0.03011544357810462199975255422946863231090431387969214235924687650995225820408136561223114278747317241285860845496192757576331211501126995949
91 -0.03040973645598508658912907176802482434203891283102115626249566755062266893459306746948071718661793094280987208457807830551695869795465650311
92 -0.03069430723953701642189191983453016860287926357417528383023301867708905252888328111463736349342926344029399674016542050726939427202666473806
93 -0.0309695811535901910779679955744977410798444984003779093636943828550144625310900235703284152631076048840398929990197544247733480471983034579
94 -0.03123596034513063622211682035800399559090484047170277022137987251215249466733267262094262882251423220477834681226680297171461943564263722322
95 -0.03149382537480749069077644521260530104995127926482171311228890162603926379614430624846313205030163378635746588735264509959791596219507904065
96 -0.03174353659687178697694578138916985756373298800526955801230928905051893670784161278767260178931099880399144669639063163100218648685067834112
97 -0.0319854354370063709970932614738720612933846733938156570200924755662753112376050016376155630605453546376725779173332615937907489440251410167
98 -0.03221984557661162203583971858444965254598050900398494763813020042848873778234403194456393322013194030789451829738728166760260531296387346468
99 -0.03244707405131024460653516549690888058858236961963433940622269246200530685025236085343142666534040219881363818465184372408896047710622229096
100 -0.03266741227071561112519145471517277873000538139968569257314509611276595820427907002256589076772426339672863380966405845914997180836897508899
