4 0.132604050611723247453437189350654824199345468135105351410993757790049474645466512503406304273349282886638558841890146045927227759009499704
5 0.765758933148932701216688605146772648844965785721669972734862790949322215613246872657875059295632017461802487786914642682656867669025719459
6 0.612555425075851162786157198889372687739114429564696654038293819643681059481014510434383368778241253759180823978519719090954920934005025861
7 -0.1181449902326879240761781437418450269554875078725308540370357475499235690650321851188969651676600816413912457301670104173998513278509482
8 -0.776705575082131793524449184292893533629663138822587987807458248711093736860103316169037998969060067175625999854450451281952614156627718632
9 -2.02754257704641316243202909531172541681627692681758781955768584662713376704285794168324754439204135433078066335334846927735428119739179552
10 -1.5192617833816504451250494930075423091716193329358515440876262335321622586720200532386074171651677683089375512966685992991375412129829534
11 -0.814816545148667377783167281822360188955498738317481687690324191969529739153405177014531033842317345023420206120688369554774649180115663432
12 -0.272372210952045749739075771920704345353945964197990701273662151022499090341257829971466935277103629388066516312519455435422720901716173805
13 0.0987463949296949277945617400371393300557530798000805242720179114323031534104233435299148633187916637095732872306073809724478088920391958392
14 0.345584762524187465244998202000318117951397636171754630403433763001851051651839911074838267693802618293120486007445626483803881468425396528
15 0.5097038908212223948066523587272116766774527405325931034258504476901734769273465060893774131490883237228843201700635839193671485585370592
16 0.61981476562020812115361976755032045769862353257576708485472906343100186617036065971959324144953281525793871732281343764304003091163809887
17 0.694549293144535978382676546876813711213867471519043971792575668519212821728211258705844075807925872121817435545806650917899169487276356976
18 0.745844271079710005283719775748552332026432826383293454950869578099730263441002464074870066503876513230575387360437927600312134234270148631
19 0.781386805237840267733569171626254565262575185810105087975690060617966982937068056753810465643765285976447685313156611680772146491994328294
20 0.806188172670858440159018097906783293620406746631180579411021337106225357426497557655808182558302883815519290093939130636852277780972586313
21 0.823563898225841931777894899856248934515399177316910872063778968413780815239926382197537601746944704726118397622278551139329041764379930076
22 0.835741392165282650860842607713103791494176078739503159309163380145228198381088118548297994706876433572101085153421600902975179539619287521
23 0.844239468330263959047564911850087646403264676431416099743463944047894139690715104709185755062712177161687992011390251362464571068335145942
24 0.850108357256141429751068794992604044291937681587811072188697356186947391820753907822474830254141289254119524473160953706531935648079406443
25 0.854083715752457478908521253297986661808654619802342166618609500016369513948632165096795062028095301872003602441781040581235284966564164558
26 0.856686955368336032862782040433908524629385125833379496702478270543371863191903111052501728221934035825674793225972655187261984121441100163
27 0.858291584954036149964975279887191186228726197870202488537500562482794143342360533716308847061900433862982765288807627063114599766879253004
28 0.859167716281510901882997763196467593706251695662822683536440148079849136528901178199613005729696116609629524921298534046704237943478044481
29 0.859512331421700531731388803762641045211318730292856284697589744191236538333273940746025102378562593325909531350968773849711200596347514438
30 0.85947013345051702434617725087570538345215971767872716121788885869543004996802204718072545110570067014403908903685543056077797221903429776
31 0.859148084054838679300671630228561189114674431477931820141081312617747748096783479464358966525437070986927151815792591453210690325051671756
32 0.85862565382988141486898409430319186329251864928207010532582590136789359568451826040104249180426127530249893864649369652319779710667299596
33 0.857962125410779171942707957442248845170666032073147876192182320819617506784322631785283414299390000901904662293274579263173076629922769682
34 0.857201847402047191399884176711002400018780788219087425048824164232717946927352124913330835360478174804960775912342003180357655920420635962
35 0.856378048125385739707207842589139168099999498698799725543475202003519687320508569614118467623120388500523087019826557691928752011749086863
36 0.855515627000305665711465258180048702597672129850179385471810796948308936384128033764257212445157805690194780293902849176018650738796008924
37 0.85463321331391418014492864018782202302084883605293953766971721110067881898107699558150138882751259575589930497065419961055740897074561857
38 0.853744695386384857898564455046525715997916754901185573527479819208133013000608795010149389446657496412572391312598073517332593958860384854
39 0.852860363732913835451475773023009737527862397533903547934972014124311512462691386598480026821140048404777487003985545482125442086228862108
40 0.851987770723402539972119266214298436693692788468879531889820193746118189324269926361743639996801503686938016009305860248191306550899274563
41 0.851132380529569525388971941249089482275094556498363771881261311020448822557937950336657386102249870848057648920890009197975079518261679472
42 0.850298062906948059585837588013580862999661024716618342506750102147733198405429141086094785702910303758973021724682136350669341953958038395
43 0.849487469963672263636132476778971487112450007227682803626671894279313304290142618017676075405750852255376782557376608056479063977730436332
44 0.848702324746005991981481965938911079899665048183800006094600851895915882052337023164114900156829214073725409707113610254319321909205516645
45 0.847943643011816199172157122274339141291005251321562080245746260899500524882462667559436888978811142430433518548823508654692938032076593351
46 0.84721190413368749114842269251635026421325847617504375237555058499047135626199625697344042869719995597237049617621407133308680600210344273
47 0.846507183093472705960227702761513914942536320483803982348702337204913132354743622321919220819939334838938901215543086259997941413305421582
48 0.84582925259350303916969593757393448197927092167716761054471738744294300470282833078556382621253387872363886539359551651758706667984455145
49 0.845177662129404688668530527980670335467477349177870252041985319336943704840276417820488472722311616090384581923749953084154375581610016186
50 0.84455179924114706626076445338310377942308069925889095008004528280879013673903759250868405353447962910855783780998577893047889880479549612
51 0.843950936936053601626903365236883397905743122596040123102705709477342710302069799634590717856455524259478175933520355724861189871828003973
52 0.843374270354241664730748276818727788061752927297433041060991822565285370443476199374771247795848954229279828470494365238263119336862728946
53 0.842820945046427428388890317712362692508095085724994108207223957560574286617669270398130988380117234901247637230027759658720570804561903628
54 0.842290078699993288428081889154546220862610401849342593259164251041107532949440717945822043469412343395643152099667617355614383850626386138
55 0.841780777740287498809062632373909885400663655993662088588687469238005038905595295993578407257989927233933130734771479885849039304933590332
56 0.841292149919684033756680511384967094545362986409479599165639485643164026212683253762589302402834657373770286060127038528496335820456153276
57 0.840823313764188541322586873858267057615257842530829817782068250022237285858717699108410943898112113076459946211580377471987341818641788939
58 0.840373405559289428210606107742411918201748971064491659176839767759559560013546358660261706151646216384735836322219511244562531463948520518
59 0.839941584410509036310186703284027123233648082757377043798429079187722994418594515346995795759303734130196309167455579019367170296725178757
60 0.839527035800030915569564497775066113420156495898523631495379196787124318368419518364218463458261408765273128772098074606485726308614043099
61 0.839128973971522255549614484561772140762986338833238791363240331322504853294853463356022149639963626150955665569373366299584404688838455654
62 0.838746643405239548981306112434697765818264622169899746950241817967505529609595241173742429043385062293379555648939356986164189681987639569
63 0.838379319590418087798093652597110905337049112023964949507459733282804296997234972107007083238712578967707211693566192575208177099245647854
64 0.838026309258511718584110482657894495494067049691437619573263058253763351023988290947765053114814537049912530581442873196009977453876196245
65 0.837686950206530918413915848605922795323752192997621215038728122660949649178917247506571971551274924921594869287904185058401401588130758164
66 0.837360610812560629130321697351359485963327952398659773867839823668953318336658182349251282891182818092485954153420520162448309743622702732
67 0.837046689323998934571621283423638892451309808486040263585065777628406521047859071870723795357823116587206473384158808193597722621226855882
68 0.836744612981954858511420904969318403225118999724597787543481025160897514988320398099219882838195328440380205135763390172902227963060918406
69 0.836453837031649090625314364004548792101481107491718023481985937490732786021445950778366495972067153016168134294388478520400332718605874633
70 0.836173843657846799518843782144683471433436283717684950303686315253974692104773706280874965976094976930354760465949471355748394775530978138
71 0.835904140875744088136402663213718685906712802680935636449520025949638515979416830855910430756073333418818504835140054545948356810085180374
72 0.835644261400877550873015012660092802164758173816351766788381231178086167143106471420695713300049960712334557663650891166744964436300180302
73 0.835393761516172945610429213800440737749284841448679054220672567400402933334030168915749252379597534678041988071395411854096961560428201804
74 0.835152219949911496064732135867089555841402790132100277327366803951181331747297019314602887168645491164129704657201677309312077735707001648
75 0.834919236774946335470898968900570663580425213597817332356630302740007513108627369239683719455302872118741604942869162971958953083901491357
76 0.834694432336768511593654920878724788348306067673724576160504837398754814977555484905148546654721870676982785027762490320566882186508115579
77 0.834477446215859438972233818373139215168917130266294808531034490582224547447979912441344657817594123636373520649531288735361061853034969085
78 0.834267936228061024343005552770360347779087352638215542351456089280787511675435998368375779624471966658587097413152458046072832656865281401
79 0.83406557746535497253119843158893213511459149818094347754367914572265672449450568643246525125091109575858280263462558848208817187109989184
80 0.833870061378396160132487857316649169765172489391086760081204628564512083277604934905398314411727566954535902713151719261179522328197614699
81 0.8336810949013330152741049889327457860640232361537149447702648661551718641667011614741373424949544241932465305594081626251507085812218017
82 0.833498399618823644819980908712257439434874551166734264746614665807223428831901430898607574400199376838246527689241343653721638569882693191
83 0.833321710974682292471976017510681871086923440922171907916782966228732521609162217054398287599423026368392278166093821523482977446918705788
84 0.833150777521236255399994963485642628500718917444405713892349114641138202322832605318609985358012183636417662670164700241454580720312723885
85 0.832985360208214216051381245482877913410342659027551303964897550216413539740647556250030065924938464943630566493157060375348990956739008618
86 0.832825231709803400126366722753100478601033610823370200962948548141561490222209183992363132265139454375820542922628356790820918983573241756
87 0.832670175788389220836450287824149844974822521042391643146744373461791353936473982012098498977982252946306939273446241543252142156573858822
88 0.832519986693414368207308164835674158216490178651544887355018410152466993195329662510317524660874733189846058847429163754161280823909084186
89 0.832374468593754393664623816278847956296774570223033036904284151850463710529672361932356109856714359473155693270682318777832393984088805101
90 0.832233435041995476924456088644964871600383766194263436994532559098027833722559347477460507717361575218279590475822639445405978572403872838
91 0.832096708469010620076207738819947659539353908848226627121318498656927935292098424001123150573928870186080566385287517380719120222563493084
92 0.831964119707257680787895403162673194014245625466562030021330362060508603027697185613315615961602970670475674890653402934565580340742401727
93 0.831835507541262182205167666164171435566383438259421176301499734451916788137077628646299735325218983699668216243603418392133451325837967458
94 0.83171071828379632931101188106226589355865760661530972864993054839787252864138625977786310196960971849730770831386433515729788183075714122
95 0.83158960537632042268803444913051483004994890142237544777894727419184603435761265874680915096937758610925826596102144634287770484789348729
96 0.831472029012311754833422223268625524355960539007773699089156685779825332981430676209956085386897261457172285955786675826029004006284690959
97 0.831357855782167419437323377088551195561229242447272895424030979698441069143045112946195028903352651626005223052713416468292472319576849427
98 0.831246958338429945013911814226838318560085864949608067057538615298478744882576632491650113096982810764300613240645705239014165046749885655
99 0.831139215080147261421443389949673329716674613531979476619072994966687320778977226616764558492897368157234602196778751028467623821387467475
100 0.831034509855240439828061171953634438702621776757027607355779157677236794520191706330822278045143454494543089486618586433656649214015375515
