4 0.5706958024722055823817522615316839844544774139159460749236428488764367627223284275064522228817249567234713499395773240964559199980185277
5 -0.4765052483185659512380679337912492456717150876362187016004504667871981638308670013775421305934392377762868594469772081710186155596838222
6 -0.04038304691504196888846653932963249574183909802986074775691834732189749446054028028755255222185820541057258632766436076844373593862491908
7 -0.05292462831139146321335176992972598649027294667822494831593885291354402017873773369431485475942659683065617283208916393172184167546935113
8 1.196694992821391802609929428783874954968387520708196861607088296606043190539821977334583101595205383729049278030879777814416755154961804
9 0.386813542339836753914853751308139106669111430573708316534888063536879068523224896401936544332236221833141831920054703346595183979090201
10 1.04074034841653274157475991082409349425183128157926444119093244827132182624662442531369932499570645490323566815176542024925863407409045
11 0.9013569120194552576137345827226071387948136838125094357791023734015104619947858177995174944052638510367130160780675363351200612485987892
12 0.4475330751119581424245018529823751135198094395001781756380132521720212928436869997444407067466012759444900115831602347504108231153876386
13 -0.01843351082963557892928096759655086989976342772733508099934137895513666664516910162292469316601324076906301055054513501679454239852359359
14 -0.4059298410589431113370176539424599251089716608968524243661917019679370177877858873718318582296505747118589071820630573850465492722666708
15 -0.7060525449065247982687499860996341726459921579858635907763290050290482949993114985292937241935253286749837190116458031262156558194762028
16 -0.9328003432830401129303255566758205386949472640038397665437688947490948241802408644114189254808197997394206305823814359414063554009132818
17 -1.10313345439571338553095056731500600592762372867029657554739764451381469599001171725454569453693364463601654826802513048641220536112743
18 -1.231460933944233868356798691421618876322076016537439136358726801510327947533276245902252215878871082798634687223854339853775464754362237
19 -1.328811063841378897454575869774974689646383754077661508493617006663692883190430982735566794950577082734486531381148087931574573199951272
20 -1.403302311121592479692513965813196454526976834158268622020056608315110771180806620957911326847008230753294507615610261607800001451553248
21 -1.460831297256162344959452569553996316411370443642079698684430627780771884481597021922758080909673039184067981052476010896046588139741934
22 -1.505673371504983766162264921217018167545036574577899214609424872718865064136473196494036134814889814359377443197733091234051329181378336
23 -1.540940881213383060551929165337564053549048881019383118477676269344258659743704502187968309313227269837246294760050691776816955569129285
24 -1.568915314882365293319941450987155410936460493261705564017631362576844504132950269588102161489936234025168086238814991811604668941115435
25 -1.591283140960441174078364694675980621869640614709336563118947549360584117064960283548036861605625557046923498399113983206479424477555618
26 -1.6093022065660221616218725291553345520957346438724881030558658847077096811685761997597219669582399918573492254358688518965280837338814
27 -1.623919243432926284528544809533063360259804769436246192372049069992514030849273800595240139073775440771212279234790661543916940226675809
28 -1.635853239525115544365163803772880427208745105850105716850278717469934772884423589911526017275934440010795506331317123542363466816290066
29 -1.645654995614050800538915464904616738172298491850201600261034607432597191920659618109852296594790769712003025528597249591236124371069113
30 -1.65375000657636906470890484684931837422248843460395300582367092376975987270077852419157312893073128370954845424103994635644870068596411
31 -1.66046959680672384973514141816563053183812535682825437478090929664748494833679028463030190821179880811992904130394283925689555691587702
32 -1.666073721596787321497477992929335537994189674334962899790429333998223137460299479470860808263365038708865693892996859692018058222383724
33 -1.670767808120727216650122326851745093847439873309562048579060948566247279257176183388176244352304172604909592369374204723778071640569568
34 -1.674715298363642918025189152509044427118107942999747256760739989061515806124119482717198914435479642128745067698233246190093773365816362
35 -1.67804706689276127453060077118252438576407841369085643829449123490535065324284681890491226930589885713091626039597467538750596057425457
36 -1.680868547575366519110622117344681103454517945116935432451527654223256884791750388501156230828975926837291498104717921249188948320756902
37 -1.683265167191540447995791226895866160903506521920549012793537908762441588371640931316561496542695150057660289408145541255708007203514766
38 -1.685306518043361293698989450527461010483994974263635274088282943390596844999764389165864872454743241173741491125322141493209041454914229
39 -1.68704958428990133826783857292036994390032862949851774863755066271671339162780847400146486724684957885094965469025459263662848674835452
40 -1.68854125302213611990990861466300663193209601480147514707870975067764758054188029067354041554691983030838111597688844069744484060418424
41 -1.689820280919293739243868180193437396501596313588901546363167158392668792254245662354254455391554400356511379247428281158730413868198283
42 -1.690918843747758524851804616318050737436096083270599349437683298598375736955916035781362887594312127721239695507455469710588095728365579
43 -1.691863764165293343337170510491842162839404719243133020232961848189593682508653596088955718717121063212234288126226680162100359676548662
44 -1.692677489923951093786253383008524211720938931636017728842831799080100735850172884749263301199600770018090825687583503685863291952458871
45 -1.693378877270006343688907969332414507861731242496623659191637019356172562590361504933619919991653742642461710148292515264363250220374487
46 -1.693983821453038463824617265285262639326931253779086992522964193973133222852068652888319828236850215261513112447393903242540646279193947
47 -1.694505766592359478451757552399164060231139101080862002636419173485688357480419739111552211721234121869823665764052434870143584897209165
48 -1.694956119855968471807724462090557533266321133249308113124678161255386935433704293324611175493265359503703469167006430707265555265815323
49 -1.69534458937011372235633470976210162778630133177421743410039378987953953900807619941146734429484613957789797568059404864702819910777083
50 -1.695679461049079300360252746972808813578440810138573804234423580786489124775392398784358075878867537438421008861602095257973587714556199
51 -1.695967826287584896418996114260920582806269036402770535426261837017762173798013256980691998468328510820803575419233729756396171913736362
52 -1.6962157699510322343329784010517425433715439502823155725562993988610253303170740758803767432273696389000078144574464780794893902966551
53 -1.696428526153022156924089550023401898774488541552168933636002426860786759154597790602711972168572866359802194792963114740903091043800653
54 -1.696610607791867538392187176512577859265392140461161902156242887157203770898061597189892213199785965296674387191461075491307884631045796
55 -1.696765914628348086186048146835606877551491408897114119295879622942579877600661675842457799557133859385226588758515664172618293424206568
56 -1.696897823750390363941739263306885841079645885254551517146488362908580873367834961243928814894886497947103698248502317796059651029284435
57 -1.697009265529639290280265821874568012752438624454062261477045136579833770714426833658174701197628097890406097100168509469109770145144202
58 -1.697102787586540847961157567209785620245351598936181614921925133936675643460506834173584931870668775224858605441890045198523415720809158
59 -1.697180608811296824673230595068072943203036464616383453959000478706327961571587906058763957734723102123303979420908021652897199537647855
60 -1.697244665112278478914310659441906082217190748077351886275675644103226482492550648186749004394414478048763426863605901116570987519271603
61 -1.697296648261411046541381771589705514848978413697062320088147811806327619443394541877197289843629921368277351686536938837957978537546831
62 -1.69733803896230544612774497177916924101563936327113720936498510384577467500820030655347729040924729861220707324100670790687800142369251
63 -1.697370135069542346158055598609294106466610019028601731144474905328740308188425548175467982013036603138800337578645156144492637158140087
64 -1.69739407572713138261855354457752467722508555841944330970485860825104640064233055004717243721850045785894073498645458089015744942351348
65 -1.697410862063404631837275734263182024284346559183398202407432111249010713572767873194564837099886774139331632707295524538871045777330679
66 -1.697421374972642008387633538439739093506836867375777913198733059154206754485313828780779022667965143484806875345212554675189859589243685
67 -1.697426390425959320267794813042489657754168655730823538725927276950232229083561276158053938638264923994316073209644157422895777949609737
68 -1.69742659268175358866823989889830880858648505220128655920822079387911864170494357686666736956510568314562365659465146783673211786365489
69 -1.697422585706371482494825890512894488229499049924587101148758306078638698750352902804184204524959417400136303671873047172375159781374554
70 -1.697414903066304487702725800638508934389347098959035224303371162241518011167107015096559611649429219010974562433128273685421054075518146
71 -1.697404016512238098768034283566037376813161145565968557585569213365075196581824604380492410521839401683451646033002528600707965070820393
72 -1.6973903434411760720608502229596159050321250758031477530426693639656664997689162378729948291128800263385993588993658978911993096635145
73 -1.697374253394398997256219028335581211594111476516653075463674956412025780624145874491726842255326762482395658813816978230008918619276093
74 -1.697356073725205102031856634656344136944091460389336689157512420265191555904868779518819975693268355750328589694233014720807260658812995
75 -1.697336094550411723619969723028167823212047433674754314492206502736751495117777043534226205600566007960189355516936099071440200715001785
76 -1.697314573082808618353522811500610288685303275556578101339096082407878950462127709058175609542889826876667598153887991838309919087457388
77 -1.697291737427609594576538775916812985561719242269802006620866992304659589851101126447383216882748787252804712890119144410602733107111875
78 -1.697267789914004166576000211617918394746031877131026823365961705261672316346990826286084303126785820596677973505109853395550939434953426
79 -1.697242910022801937271869381862811105221244287474570403219957051397367297374803990689515046688937672801882196344385831798293501266884175
80 -1.697217256962588982845559340790971832302782251384886655366171538593347397676380770478699607285067634177719810125930161671319990248539326
81 -1.697190971939529427831332463137045565908019184913542286855224300556613785833878975041988459253815258349630294992795560467593583627667615
82 -1.697164180159740976129504582283101886505791796189170388404429243608742656121073779346990654351327090497453756603999572285063312007651162
83 -1.697136992597879542575606668901563112479065402760965041582069518673315354350780403130904755367284311146675464016580379514450068428073685
84 -1.697109507561043054762591996743328521934450930795995917194242387834162062642759799103906967341761555357122009152775487659385527055729877
85 -1.697081812073229257134268601723223181447237112076064779290159376918123378602780540256234742467442055947489540551316837260896829569038809
86 -1.697053983102257672673655824282193463976609748856477537971135992691592875295936600913207375487375195728091324651035435423681681619096353
87 -1.697026088648208559187057300153459027988818432149532117217083592788978284601076631246197326125175965007766467319636123442537798291483794
88 -1.696998188709971860369155570439066974626059111377634390466840925847934802021328943570821904711371311853054046795027283025678824737542265
89 -1.696970336144377991798983547294946919437113574016126690776726876977918885607899362614100375628057447545190449434319594781326188471073335
90 -1.696942577430550233603689064287104741653763841941985231567423472300673260505666813288680926776346613620984522157310384966049695450134402
91 -1.696914953350533632769335062806925764448309054736303963552599031192561011441346664943937715770667214510202311036717220534019499383013161
92 -1.696887499595882189761218628637373323437577847693718246055055244779582821923107847340024611040294488234037106775507475993945500055064785
93 -1.696860247308694646676070133069751587111130418665637320680563120381906083373670996732024264881096033925106549618038274243158346713067886
94 -1.696833223564553862587623424251089486748084983828769109678939474153673135210903073806849426296485682000257943239300927425516701339834423
95 -1.696806451803923816695914774720625554101819723663361774678079317354328986752277424177710364180059347458709053662313192214709125885054569
96 -1.69677995221777318890810469184999785801373608247198618619365011119870959243092839596002530633793593195546280513323110420352312238625442
97 -1.696753742092509405491002481116393981226642747500890040622628197048255126290387140981589937402269834605761302426045321590891561592889844
98 -1.696727836118708469088230013965671840190952530353678428569505399311427759428477117172296951506329366273613320110766920271958442033971533
99 -1.696702246667602222221924533851985964169162252519573394114335203707898344928033900449559454352336882975254810339884876752189663401582787
100 -1.696676984038825972252881190136615684749435672805648517648710491619635436841017584083167109859246813301128725588663138318507666037773258
