4 -0.273896837666880724118668103637554752093441940451205190940924969430096300063815358775646965950212677345073007770454320598038395710268096
5 0.0314629062747361603788883273259978094520119848665957374411735712565804689730553783835334541825229879070716092607840108613656199325745046
6 0.164530883192636261853468194588566653646414634697885888201796267052013622245970451188440917894640367863711337936653184379968120952512671
7 0.399422056665594682856453835807790658738094209031858212229039060019550708753764595788696062338148819996332592499739952090948460246381437
8 -0.179530264093155302714797590121095068118183990768947407713839864704319204647068939174595689914093940646814008051947947074261385967383535
9 1.13946040990956423109285575295738662847005239575156738178939252960318873689120506183136677561179862853974351246100327439581898976078194
10 0.382533090972402674034312573067367287903783366515026128359936089451985497400379852036948504946257096091588804509249319770790633942654519
11 0.613532333369334891095846474633239765851557887369872565746118278775129998633077771348446650515049312957546002296139200309624794000976962
12 0.973526000392444979445343684549046345056681491028035753743148123175759069631082289865254012861435957452726071379668495359203236591027064
13 1.19757008163691558162993460414482325153890488815869171965316239078698423233375003520652516903572111506571631287621323376182313920605374
14 1.28596124408555626396327719229676024263110535007524121518082996724957275577853976787959552674832075395715919609572478366354277021321399
15 1.28587753209298623545943529370920317552107663857738420543038545738244172020015026733683892377341938930497491681691094506171347599083937
16 1.23664162978160925298348136317866404592538760840805960253515792499941616934046462059423352342137350324111553968362627199710969254278189
17 1.16349810450038377098174551865489643185694475526762854804704587875114579314300575754103989623451076746767433914547702318254748204177831
18 1.08116359342376526576256890280352751840132460291427820375261666642681781627989860670553410164863775359628737056239633712118603640643619
19 0.997743950899287351604141617992084461746629441064593426530283253629491968851782653258552483808912742552369950033308211342019571786074665
20 0.917456672143937925363433539713880143838532562768269184812688844170732773672823718623282259083726934196299558864067839600976487030820519
21 0.84230486035409378216018223484259307417171607889840947992261335253426926667215079273392628105510694589651580793417016294908574974721931
22 0.773059819922300168512138365942913623729397713695411248383227858649575280219626443546731882778216651284051480688059930972043127128346003
23 0.709826334893127515198248041169869453346985874945248057664906005150132192925100384669067568519782538480093995376612698875753701110608834
24 0.652364389451454903659806797199739618590790358853849985772455029286269619656609607025029477935897975502271782501826553772693736350029541
25 0.600270543774496034506334773862800051324999069393813161659781053482631985726990916388531145437288568937120055875048631866197388863949239
26 0.553078788836746557693493423380110161872838749040636807358922652158890682001916207662132390133183445535998888762492240944879392836754818
27 0.51031528358046231259775788702742723927364334568660373629774272478307344791287254237823778830429625222709441249846006888922005674787783
28 0.471526748368341469427879595000871320203429677592909589501071132461922670809129091599715696969996268742175624339159847999963871016799316
29 0.436293905757234130768745598940394264597086918941880558180557642848938232720602182261539670010914476440611082211301992545363296893716848
30 0.404236547053657811891702189804937279630214275741946291775455169501064053912098308658036235945010436299005049406167400677456114712880199
31 0.375014027584243885400647052735712986339942366824917049126062008848219308630433957020356138500226769986973003423551631248326889640953421
32 0.348323384477261498954968870532055921904892885217481282117879660705358837246800565537108471424608095723609038581834691409416772344010998
33 0.323896333495427015759167014661042509931665322370921649074711836967145957809821205112792472377669359320844689533275457595229796560511399
34 0.301495853882393923367297375847496680471147601620189323305651696140376847044311613331827598959860692369053967220770039496831868164299918
35 0.28091275012007188792506638224117441776437721488665915291323905892591822001088932585341884530866633137276397369301281618120095927298158
36 0.261962393026156336526104241306279525128499630705457665765343281836647260110332142787657153172728050088814192362243890250646026489532475
37 0.244481734935684095109894844485101425032125870006352020959173748779202309518269227758449726117928262063255242707259201933076658086040636
38 0.228326632579867234993192346950086945473377628869468903627842402991711463172117180977874314052621226198608122981505000129438981451327385
39 0.213369477633242049014258830136033251890791413050679121016627660814312037162526654968369783957857997047471536674012447714264635964311032
40 0.199497117410225488088992707768759335911904489494610502176518315753999730776345036834360958899616617486413951708151064139716395457611668
41 0.186609040093517120988743166327709523033742216771966239394503560104415200472020328677719630870419607816695017032842774318716709574454901
42 0.174615796133807699158699664927737035232997666883356129901410647189094018893181020171337223186290746925462193498757399832091229777205433
43 0.163437627669478721785205713093700010427668060713351150458713657074354327460847373042239807856360544924763259705434681336782926964585848
44 0.153003279554077108299754119740886551358911518104292276244948082483565630548576355637275275260170827785218160122180025347959804746210679
45 0.143248968016949281845986295091287525687115769177125634722414697988950104401904154201456422525312541564506077902171868009707821167825006
46 0.134117485642904913086405045127265419191747940505446253494726339131272385520507874779347414610078138399414131357456458595279235134713225
47 0.125557423977945032746483432424894463259581215678295559464001400550819917689788466899792522498820030196321915312349148665931772041524988
48 0.117522497514738271449129403692373709971258160212412491680960239541335837773366556328518289034548427605346576836429406147941052937488188
49 0.109970955023009749238190254678678451951428155308858671819009889113802844688166124215348319254936454268231072205036573987488894284007278
50 0.102865066148391214840448473001715563819292305687838604805203503842234751686607568714266647983859610236101929523259769542837296665682343
51 0.0961706729141657897192240946595995431513877031176823921534312720560687469188094531570639016778564457261141175233520061073731182026864382
52 0.0898567972413708672379692009283002569491140371159439463376570684510040139861124561856956404761639923024526773029241048439000055207515243
53 0.0838952968768344940242808412015706583110707000008555917726437494705115965409818413957873476022094228790137411213335522008247852810680662
54 0.0782605632102660069208501991828810916227469370394130372313694430395375494424274746212012471662839632937011769655597373332331858551715802
55 0.0729292553941400272935670714224204070534117182393398690301140574113453374093325951780197046790647916629740208552007311593029768382717925
56 0.0678800659756495764721703911963048343529435325006049686379330230647866406425014883229798083346173135450693759991313123838036802108274343
57 0.063093513928047887831802999388551641863543442200161165093839937603619999767929368344467442335494935917394564312411651937166791752604249
58 0.0585517615464732087681313788787600881979217127781406766828488921232997883027666405956868663361413002426149872485833488629309276694697834
59 0.0542384521658007995581269173445812453467388969469260877021839782512734791135251261758268774131546082934649781650613020499392011511785553
60 0.0501385660780393671549056842492910749153060834157279422237323108879391775445011065271721827133477235391192878310078844753017095049018472
61 0.0462382923852604921495793373742695928129051532190467539584373785617839096240786957014917045028291484129504674595810539145776673181952178
62 0.0425249148303531313815076288370360075783716265752879308163966802252918005666297709681316931348167707531133123393404961739456166107093846
63 0.0389867099099452421034972001496191932877270415247924905664669830639791959094412967842393165256322458472993642575357935143270980611984071
64 0.0356128557983283601497386865487786190472061160797835338714550332497020116341808815949228855416615615792147613456806194393960349423525682
65 0.0323933508038196444009248240644654553228111248863361501682924428709160686478833580165111341160638901999578365988336886033674066359206197
66 0.0293189402444819582334151709259725510343511922578612298151576021271386505335854356213088612931031481774792320674556606392517471284358854
67 0.0263810507725359379117089551385533888141082869501804365072548591222361460459001959843839563834833797186439606365275559043661823501251784
68 0.0235717312995523772807371566917723226395703728800484020089893553419365550973682095331924610110199945577042704957777757974546054853167843
69 0.0208835997804948045688172824558901767331047923441608563124371778145471089466081154791609000978232371624351519030704334710742607430074148
70 0.0183097952063329769987700081297668353469885369191574451570268259648453260563179298277280403437737979890155333306810917749838614485997923
71 0.0158439342343366259389339542807908078309541446186638059179079718022968951063867165275272390262814470306628243585413891650845267055094189
72 0.0134800719540390718108806304475831243146887014869795473740133155051899613681970806739392214368120592601606917209547001921549994155766451
73 0.0112126663467213519303198746146598119843328228645214673810099313725157022696509669694670608026173677995135641729304327175340617353859347
74 0.00903654604837513015684325281571460261489015692588181451903432058024966557274664438646991957081484443909402349751547902481013790730675413
75 0.00694688107153450528501666468256332016594307811341142008632321854654478060312042274353854139168398612922550698122527807132004515290365683
76 0.0049391561810415974990645869170487259689133182822950478088752196040317767286629492453077614000750934032094620339212555986061591120784945
77 0.00300914665351282924421439203697892349868233940983410877405828144268745900686184773179767350247761565594990138297288841425168966898131263
78 0.001152896180672807494708155591618231026364075762574238309082086168622589541840671673100580484284595689927382526657943692936899984218944
79 -0.000633303296604993471903084706343001719017561108608958541174598094807371745890961616081053230380144356305564916773396154478150478139738975
80 -0.00235293001327434805582908511250811043682614777016310593618345191728907078916400378913154920650995723313988580801104843400206719815390121
81 -0.00400924923320753051245301375037420472131229953860047883499101759039494444469171081601874072129026593108414510620717790065832356112334207
82 -0.00560532868132266552027252533280300997374078223471393431436158837186328073914844032667688310151335696385690492751597904034005256046798687
83 -0.00714405268962497964670529476769103623644757021691135483761335834592440825040851540922993122528409529671068238504586211665267865783716759
84 -0.0086281351778601067592980808492340955544047813787556465455825226629272216836264687731720373697444599066710492893686942018107597134894538
85 -0.010060131576927511321247045691399871199612171236323155925001159546771343557107699348185239961637400335809496073453658465351753431528414
86 -0.0114424497920790582595863511476017330684932476869392718652933874193563553425698192481648831274651771568098418466448150396294723748853802
87 -0.0127773602930562316235708553199363955998009623371217536517589134841005540237268379623452762826544479093634453532734242720756547527776258
88 -0.0140670054095470880358236827067537412122864376755871540548386485871841682558717000258648128213708997685149632341301060256128549985149394
89 -0.0153134079025382280861108511251106654434977069143927952039629520274324124507752393366889041249300039876892947293491213609903577525820233
90 -0.0165184788751825192267079141196320466160122173866717558062030640598887077422217711412718763133650342172298487674853205049150723428237885
91 -0.0176840250805994249106629679204937362588358641976459554410825374694530305613143285528502217369353126815154545952538573766441203031492373
92 -0.018811755678483765842251330176312520268800551927840872158889148345399102963085584541771502862688027567885368336152466712160524957232543
93 -0.0199032884874437759772296965483365894222544454224099999931450274793439437005622647924236529408951236031678677472373078931428059846178373
94 -0.0209601557755531921391624077464714536175693538108477742159072404316818647398520729882242965315672427780886382525522169787920636614665651
95 -0.0219838096276258949983123463421902044476127438220404862528474424977004148012609061357155759687618027133244820169312474828142007847736936
96 -0.0229756269241535628707721011153281952106206726850030130177591580302003453006294357789157720185764185547373890600166674776052896423504974
97 -0.0239369139636414310992979366858691708647346053511600962159958865446222875810093537936964915029527199796800585712122236291319202460391932
98 -0.024868910757194543281048129269467886353582248041220201633003047324045173057242663347055036643243353975675555441184958083978540384224006
99 -0.0257727950216115648179987615132093580168608689382135414835081271556584380268049459508025926785862876243824714522842114424570454403051044
100 -0.0266496858949041834345312014474897345001454807665299342661452277691863127193113984961678953244086158290870235129316791099995153567194225
