4 -0.98193858651185920908429138056228985336467362003183598786445656195878795145106624080114902416254097241723440119301348560380960604651657
5 0.30841056841251040629602391130248370585246269826759430706971261844698255913072838259242879059445612873230782403138656608317376676231533
6 -1.4037307373978206056485479380872428480264704983187549468276948942793760117952597485367811501018077964200134072861907668327712827441742
7 -0.44720886359723376237172462763783628447529662459548792080479459470995831586635180628848327140631489210690314208368725928263274885946231
8 0.2338935698811322383680208523440379051182449182322392014826119338460870549961365621627982451445633413693692877209598755969906609702321
9 -0.59132007395866579255212807564956702381523338888675915915702314237785950975964926331497554913430842538772625697706985024917014970709514
10 0.76958359691540348039971914489628907061417690618431276040302754527736098777264938910052051399277949298649067933819040441631983817448549
11 0.5686924976179595684523842198342028689354799273881816934175405402869249054130045072139368805879524755519325133506150703454808417057921
12 0.33586274790711969012375651595092939440663003106749222509630391527491156559130935564678327681025970860608927982829686795385745767898589
13 0.29649151714211754578509171376979785739985300258467474426635621150427596734959892774051667992815705359370087205809277559289719891093506
14 0.37564295860351214922360975789539718516116434701210668637503896383465475173639965406546233000691883339847835394714714618671654142514466
15 0.50000182958696305528749239694622987136025968563491213459195579545053537835508765444300605735919574180611233314919575480829616730418847
16 0.63040366133060198349913876220148570684295711475250035966986324298791947227124741633517038356830281623444427101515387149867914610878241
17 0.75016881492989467473494578025055151582774468746641034973223182160180421569979286387961016260792364574836168345190172838436879244092535
18 0.85394682496357127291531832393504327669737731904471862942314132951543441283578158868754220918581197197910156804534458192670054251198495
19 0.94141432095792336530223754204630353154588457524864404348756443378406071373534864452365124787190510809299504798017809384059951429321437
20 1.014192351636272848656221799980899118979802973480482931501153469225620252494213100377235961645794567039705597575506654922185076979615
21 1.07444926534071790968175161231096232648448929290307376517067120911223176288537594829258382338953421942004796124301974367661741383075
22 1.1243148989417105366339911695032895950981112416521254730292851440438295240064009607019728798047205841753357470265200664223735544398288
23 1.165667307670611429150333070144439954611949586397649162952852625322221754119203692494007036669043929947797221177884817327725692718083
24 1.2000827359256832260966445980278754303730636860592948787873824202422511352871175273563288152476606491389148102128398694269156941753359
25 1.2288518438193491772597803568023075785016621831843536195044175425945867232478613915758272049831176667684975780662275020507342201138416
26 1.2530185151545254686449341687131343721734778555942786754316503319479228416855748797042972552088980320806380121667049029052215412816148
27 1.2734224449674617186382617612627082842667223121034757952577613648947996960851093396817509092450211219783050016959871147205935702960785
28 1.2907381132830875818407086787287632795798862190958013265841681189424595283635500474989198747991064053274034377645602163486449381891582
29 1.3055078444916904347046462545153654151389536809564399112798651199545682637655130867803591838867077868528932954077209914558362107971714
30 1.3181688093237459436102434477603166859849370106234956915416820182438469541897740216177917475262759494447665369389405374176015748165003
31 1.3290746416169187476733946424789017744264843970259605423700152787457901256315416144938773974220912500376784797860325829379841718455368
32 1.3385125624776650593813513314540478515643547195521193425420808441821271165224514261503550992745528634110251979783911557265759868534267
33 1.3467168777915876290679171338366823286895769000995347385349206212816547598518745970561613359632642614425353913345718293673214944714644
34 1.3538796000361905279001196390091463714054448537661700680252937309373915503681216826762115677374641921849708865661713330040692771821319
35 1.360158811649460430821906194450427395816904212171931785770494274300848906504385187933658786011299701591726938019075342262908284952567
36 1.3656852629764897047802429114596614360650445474131585256527295527954435326054088257025676374608282761749033588115983136151461251729975
37 1.3705675923600774110279041107696286989686881815417234532569126689183347818143712424477752978359540508417824137810167656648371177839871
38 1.3748964703989147745119244730183557156096336636399552729815608996640604993233931648323192360357576480453923888839400276489253969138809
39 1.378747902723641018659333378567825802962074191945598846227215225054660739880320611266091954970605005229054376553485937925412960390368
40 1.382185872859201593612132751998756684063044594542312724979389820931901812779192438424161306046737936221961597445112452783430962402917
41 1.3852644658978507221380951964044351682820612924361356157750494312491835775094526694636334278033936340153472339272395562272766671088191
42 1.3880295822253229707078550120639218876096326363373163689625961083042698308596220359844603894689090482204350636160818391451017504630649
43 1.3905203263108917528268466364857484854355254650280051020893186564604251744767611072796312152172007162490084834014012440115295229951249
44 1.3927701369147206082847000945759331837312805794545983522570702456682224531492497977299488756022738536081903027266951125760722060688044
45 1.3948077106794134038425009829469345460390490337677110328831583245012464406532842125416352294470391280446060225208862592621417157924705
46 1.3966577599540208010013885010043131361983784728775346608772769340510356920028205008001562212190776667474171575782784180195855794074656
47 1.3983416370812913388832454678641390335766074992724926464579320666684222638053299997958840399372317094417135773436738497325054768239752
48 1.3998778506785263441724006862497476246686040014814771520103993479070783483636639378260847812587711068197079985245548548193366783088466
49 1.4012824942144534182184796451631445322902365424272239758372175479898792179396338350228560125212406776120954491401327982319670208365334
50 1.4025696030906453594467760323889988838693626885832205674262368444561052815242465057107527415746120982912866431328795817630998787637819
51 1.4037514532182033723356289903336111650360878355642472503341949387742509902486200826470725811414871250365663349541337408185606223670991
52 1.4048388115416438281234251807057125134987416691079518385685759603541687002064406104935165872094746392643832102670545184560127811992978
53 1.4058411469512780734380694864222697396724407646973965569165836125364764967491906164918096867344904048305872114778079292778648628954212
54 1.4067668084269628466393758009645091166309528799632543845063542905964870084613610792443532368388129925324122220218696982377669621177609
55 1.4076231759806367242197214184972519175832243023426534919439405796177173808909479633563174597815678672410613315769366435409256673545643
56 1.4084167889435250353052971343516363588845145721332687182900136144210118322097062491254030256714567657009162551006833901840117377287617
57 1.4091534553227542476132645485698388554260420950013412209230449613230549868541912832799913678851109724453146859386518295340775961941617
58 1.4098383452896932774030048668942680356085906538482450702207069254170744012654687897386301448325474568566704598026863752137967251647547
59 1.4104760713260797382891050558328331044370083625897916565711864744530895606115846751650547511871577046592760941309298770663506451281487
60 1.4110707571183738317208061950535643898338914857679781967311358027974705605975716370467938273372569188492398421602711830159293112398928
61 1.4116260969357346460494805786238204115052992030881100665548382859557615955072997698930072155363825204247340020455730711574872862982645
62 1.4121454069366831221065482849274766009446088895607579053902705181269544738114926305734831582275631775383828746476245676371778679843349
63 1.412631669611346414346312564270457028184855886099895219567334219578146938733309984659493779978159778326643386700487451107685516874101
64 1.4130875723701884788049051845815921635607119895335962258602606370970237001851413044244738755769635950546551884489864027491100600176555
65 1.4135155411283603755604959330664437582713673265715194628143180487230986981081628645052065962414166240865310706248499425345265494558334
66 1.4139177696008802571898743124053979260238522509325348464933901766101940664836507570786681705542636760736543303516453004670953491502794
67 1.4142962449126626999093031148251821580365149377159760642081378169763837607833432204818916800493838642342648939916504382570991736417422
68 1.4146527700348406654369991924819795591092717470478296297411328725279533856340828028818196505155426776752998559795714980214504757375702
69 1.4149889834815330222580567617349450797159380683967853911233512211680561551429745605590245511460367774567891706028716027110987531045132
70 1.4153063766365093699802611632835972759729694175663268782766704314711721274218806286616037693776207152162942886317835869327214620837782
71 1.4156063090248999639077488072127351781404909396942958104343375393953639837280378553031327678042858039244368241825026549625247425883084
72 1.4158900217994050657537426967639169018983254588541986885556620254780130598828803141538117543214274905585984563491021296467435070319544
73 1.4161586496719144099416713529032797239555854408832843382784673019069632952556032518570329807858257225660738850862151640025265233678084
74 1.4164132314888563011748033694595362999573172094833731470106787548932179470186241620872430521294197672060413066212711330018027944974222
75 1.4166547196209729177625663375676040477825083318240303114735750501805067363641262868835548398444734668238713730135892955500479310533305
76 1.4168839883147525032870231348842763693616152591183141052262140081918534137243770779274790696615835782464794186957525664156086742118828
77 1.4171018411327699858713818665994307129748430947655589564469192412181558793218606354204862420598369999989492225586605996736899042891435
78 1.4173090175931398757800703670183042656748863436907131670108479191285682412261263239903020762735624635559915923654006154578546603816139
79 1.4175061991037078967100431744373530108615868983796528829833187875241286882577389203109173364345783936698001751542456128758793399214039
80 1.4176940142741167880589015583537624727703558480547472661942556121901044455857657339706413358404139401201899540043027559848509213337596
81 1.4178730436781567078771569551535707906831241779251725864950616758926948991809478181658915733633350334813277121460110758983398095922892
82 1.4180438241295837127460058072153848839508452912599534492331039855847054349792997344726621748444510978575478619765860146880465809394607
83 1.4182068525266362638644413002279087704212187271787929040160033254400735030020405424888670492870811423171527424025839733725852278303783
84 1.4183625893136108862251213862484190704542671616710139530957386330299577080819667155064375915113470077956598481812835953725202925605657
85 1.4185114616019150911474471490522368272004189517848054323274892300323106787218631130393430228544185179893699793697360428027781427471584
86 1.4186538659878643901212186081227813823636672151258579593507954800085089559208955698387669131372149589040783442447994856411588156472436
87 1.4187901711000173224685579402068671740337623979715899565564098382209467008113988743504413746992752899196216349654671591119295966059219
88 1.4189207199049518531483633689904462161155792878249600731199312934449648754470603736595185720564795220353196979473373608813300102173391
89 1.4190458317969967450028907110065742816858195244102876077454477744699762300019161426831691635825135545106756605006622452311083457735527
90 1.4191658044944732322608181666496187620034469834835485505585379136578738728253121069265492124003615914666259710762951864188207499184943
91 1.4192809157624164319473080771033213001126635661986469020351538148812894118425175627761177900805040366151239550602796120658012007432393
92 1.4193914249794819829438485163797815157227561582129385946864114572884888526667156931061485867008813202918151896232089857708703369190991
93 1.4194975745647582554235214024549091748666001978006841198279741103888962895587859643724569794209974723609686647014124205535871599805739
94 1.4195995912784611614219929477862341928060954836047738933914968827707891378219764739854009334571788124335659850424735355558243849978266
95 1.4196976874089553941663395163943324053582632779857092401943226104655537634123153085871482113697026085478977086516034303564424256072878
96 1.4197920618571955530670454272461129560529181693764815192202712524575651586963255488324768971980909564137505920419732954072209120554145
97 1.4198829011284895831519943128325336671403059032297108965501353171668612982326238873993537239819370712584257169618226198339321820032359
98 1.419970380240435010203278081788127726882957094398323093881753710236980499319597889070422201357614535285794645770271930246332311059246
99 1.4200546635549480802715013161029339811561727975615574669735797532278258084915780539900144215862637970338123540459843084126728013043706
100 1.420135905541481966530841356572773975577495869545400020258546827303058243139467694047654499429155012328348950614466180078525948904166
