4 -0.91550946577845135535664911433661892905893761276965688493451888368427089612580840966873155820246400174278411673064845115074049951
5 0.29295696376830395784934014591615696349768592643645468506440777894162994808902868025003174155885228302267056502762307565589991474
6 0.12567244636957012256057243918297164448522676214701589286094485689474058555916070807064364617972809740533497366596454058749187699
7 0.78298324077276794277696588577528498631038668078583379927541408149188941348822024794209633149956936977035740009212515417189796461
8 -0.95127457361005208015041609697374617628730921003379322156890679573152571994067557246433761787014353963649948391479799364177320245
9 0.44750999576541590903313204438886780066031024624585265818695519759694971358507508335732807112247869865965963091717710364978752859
10 0.55350585871643196321627178841574200176196726743909880042469605192883419689121020292807310329058318850743469566511684517124470094
11 -0.25053508201387607333434490194581576526464282211124740517548520053711548831111876801281209999401274209537664223524396197621446236
12 1.0455678132062686360137167227021868755342608188516236970257497274650854242516936497624482956910780278084447695242009249284868552
13 1.2341904973695031207094313514830215665961656759751116681752118682492754799556593277420059899348314275923153509755376480532251964
14 0.85962759887407670313277620386427924241986979414663972183748031898302445425602267955061899784776422299161354279175782916381220747
15 0.41155394812440046811813911464579190685658103623298589567795106697489644053931800572784556026509959734705272854286472067503351895
16 0.053839370558414204450351824116205303541744637426154554678147925204436715820923221706380514033967595947947911101287065528829285035
17 -0.1935798552578325182413271398734881940562123709994328676543179049615527394155740479693069599569224214029760116979940006404108808
18 -0.3521163778047786679602762881698910920053481613711704930733035042280826409948029430692829450499098020193885208094678248819461033
19 -0.44783578110620957635056685998730102898264474820814972734899891991132781110972188127274272124072103351224284128268285161636966543
20 -0.50168831591594323166034646599268005266702368702202170707280250837181924987707643807976514143574433047977733872174907390564068379
21 -0.5285151210057118244044805832911080551318959908420757628755559626048583960808123985385387839934871335839671227744548676283840058
22 -0.53828360241062599727633214514000392902423323334594900593099102981436443705645054110965278291702087866171598403542949939477629488
23 -0.53752049132880657534327040740573799718843645401337418299057358460097020337981658368711933404269859488807107535155177750490307988
24 -0.53044388010420136320885184890536152303230491624266563322554723667236855645517910416976823636445495277918355258284187669376335903
25 -0.51975786195290008667262256478423118553016159436312236087059236740399168181683866143887994018529491700208815532903519229633479403
26 -0.50718359656882649323959158178992482087970585201704058809460629542485488009856034224114867438162166107806548433108645446470354236
27 -0.49380658439643242808456525679004863245351949485072093214450147927233125177610974734377730541415611390843389936550760468507016171
28 -0.48030174872167370486937552138704251642807780605972752615866040959989774365124777056006460552648657564877669917167756458453346282
29 -0.4670789775484736187205649598432011277008558513820750864629120630475438538619214587054016085580421818987777174043479870100134884
30 -0.45437732203974269215133543091301866755179434921073813612342365152716262850585489512562026518517159408989689280527544527374911824
31 -0.44232611070088863938889181984600613841151489423256596268567376332561192181551973495813676032527852664797030379615382230898014091
32 -0.43098470668380404927823753869013948304790810524647809327038887470788970647749252639618467102498983557192609854157801546341626211
33 -0.42036842859620065628039895118937049057021098227235432631448666340454877527984502279294277828961793029850871682430426205401137804
34 -0.41046546752571916051243985020544411415460745590949191900890712929112390956360195232312341123415585204749083740174159465383093185
35 -0.401247918634370169780235599744331046803446125364896685289280478157082654253009338424281304142936471840172045663988807845236676
36 -0.39267894982008997802989926219012495856115386496220268642881825681496826296546035593255414773259669834851808663941690426301699786
37 -0.38471742645370471407500989926579697631176018436766818085681520375333332486388290078843214311083350258617901374188033002930970751
38 -0.37732085714184365776313574510842814164994624707262517837323522468764113322012045731509766358123084533130876388415869374509238434
39 -0.37044723064450763932198329192998124140371030639782039257996783662054136570640558317038552791579120033067717867078349681628434726
40 -0.36405612146824919286207783667424374896752573245105769871496800773931138441994829787825720266723970322941850197364354563505979749
41 -0.35810931506400130801299151197895360449345840184983625454874405216731671110793072632747433405696140514224484231486741708969158546
42 -0.35257111987848860027581661481325524764804142247442581724430828254386666907943860493340447818327353045556451497870633443356395655
43 -0.34740847790235920287460370159842569617937758587631810007575042790831764731471579088576487725667053110190352722097129601343655401
44 -0.34259094823559103685732811923526770043521089378832834908146043609281447694501747702909768600546703412574484705918895130988629721
45 -0.3380906133102593116137671117365169748870204710563410624016268423706226688938325334369027677090230771771425247206367801695047474
46 -0.33388194068437056958606361717801259141048585535931705250036641501352772400102574491728174624383478311224476794128274742518534648
47 -0.32994162205321708367882749170578897885974406900856982172467364353158054864324455816800754794988023348760276558657388115054297827
48 -0.32624840352905000850294023409559541613577988774087191433402805306627621187213115109838366838502494858027672631901259025102393549
49 -0.32278291612327002166602800743078577717442160084843888069190393729334286135051416357960161567369759283498692739094902447541834757
50 -0.31952751192789696575521469246954553674712639582533337631963275867475500659771381411179301386450966145487467536482281458358182178
51 -0.31646610919562815555449904785262591804061361517713097474675005911731250014501657828880276255796181266982510328488270700330227424
52 -0.31358404799528259148143023384887414992280223852200591437849512638037011000659561759828605700356849385143862662978680372764546451
53 -0.31086795712375273907401764300675001442476266194759594033684857317405739434908936039731315907501477093265985321202296750969825344
54 -0.30830563231758439622564257596928670764010622462143563821961049728388259225938961336154084488719073972864258265889297023766633089
55 -0.30588592541135384204878296505407715523232295668035074401056635220700820253000161635160474440130537397011320705204542624503891545
56 -0.30359864385694911823659516286989691274249348042630199141655440795592830739820796008755035291619147382859895666024939510994974606
57 -0.30143445989345596724917407736799243567672598024891334705619827267508623084244242879110236245465918704669393925005865994527407407
58 -0.29938482860446145012723933824618187224679814373616670403517658674421222772541373484328723593866284950681484381208458795774187515
59 -0.29744191409283696844316784347263722262370325583555946009316774383994649226416923533609886397353484803118746950499190902683922395
60 -0.2955985230251619537143874950601586777604955742665659370983484635095294104694800731631098723786334806465980813842812223780158061
61 -0.29384804483719839776534986566322641469929455947714009336470499613052298347620591230926904013747844198731685028164780852947486543
62 -0.29218439794037448213400059339492217546038645317083188075830359163846509833488094840945024295040248152329776904570921098692949349
63 -0.29060198132188635355021439265196987491915047793558325508922245808837340001670686362455748425069700650527659258554713804142202411
64 -0.28909563098440846220735149713703002921358178598204662563259272716557116280973855956724889314709089803658111659848629342144236551
65 -0.28766058072339186727884744497249233364115835117428729318990439395527458949699613197991657321846465884739365053987649763226632284
66 -0.28629242678925357851116415269666096128693705863100216657543954150249017431709586335894074455234847239768427030785471014441211504
67 -0.28498709602771852710608162823742126467880450297743708272724944845902297686870581832527363663446903383019916599326692921094037555
68 -0.28374081713385061787201655112208709203229589822107507639012361714721288159021831362996049402565702609579064469858968475687277268
69 -0.28255009469383072303788549068836985489929076198741783285947822525757682856727295226838296582504639262054630285738848460117887236
70 -0.28141168572339519758691552560448787378288158584230199475101614100468225756290489306701217213965177465185133553836742582973796147
71 -0.28032257844322149411120560862885670841511938890268739852981718651009226380478988128534381212365719959192656565902438525489153208
72 -0.27927997305967368564500023764898222018316362559899524299059860223401177686701301941927676441334640280383516776231159263430672419
73 -0.27828126434446089252001468298853236388022034547584347613849332440528344516686249581361896289529032050363299482514747461953842674
74 -0.27732402582918275576760054526252185265153056198508507555011880003722108111269680424638124602116065641797149648073713353283946871
75 -0.27640599545069970565258351270739233472426699712635460676205056448514434239488502218204728652828448695162313030080881947523573406
76 -0.2755250625010206709685971069251823674191713045761414234291560339869520628206202842873441260129134683048344657523239791701824346
77 -0.2746792557511791912417624023231950757746272286554141565216013916796371298825296395597382224051570784636141185770992865032154909
78 -0.27386673263258412515457820791432916267386171370553527500364192519180655088535130159288670338517229212336619422544654523024587018
79 -0.27308576937177761040634189422321123512428759228286191361764967697802568244307213486970026368832596695332443922955175503058455297
80 -0.27233475198558610032004102212174157724565034301762800482600249789391504732152098556723208880437721848721007909602479501395914574
81 -0.27161216805346770291040984339001464158427628828710241517766946674154747800780013304800539892117360459672389293077221468211203008
82 -0.2709165991925814375158703228813947969577811658243627423942999702395747781898354378748867604987080828607120774624490643363271844
83 -0.27024671416885674033403939245319914894759318382456765951570577214685072399187436345389954110459687725472934510305568840554886675
84 -0.26960126258423589945912740277703621183752612183287657364978214816300023008494819692786614657239470573851965775913196402812402988
85 -0.26897906908639672530154043820535494283113161482914723014106404299450346330752192469103329553010043258769984674491446800256590748
86 -0.26837902805272495000877579783966464895005026461654990313422957776203079519035641054541672403309151906726470772874463766065001398
87 -0.26780009870517275054386418459738697575143314563319393013053311592531705890939921425090630871343597108225869170973001408849435443
88 -0.26724130061697954321178424181056186218019459383168434887430709348307565131996546542363092102073157821984826395524617549930891236
89 -0.26670170957610395162976727761141812151979750574845323691057278373313145758543409566357191602933211419587573709953023791547348371
90 -0.26618045377367468665039402543313917527188490962329091127477538456106993937472628262848532100517350991772124813095156264878299775
91 -0.26567671028885983537694625763658529757716514422878234423180373492858871975671386059144185314271890716272986520066072960306111639
92 -0.2651897018443200722675856572542589863172112206563146734527958697404484295723521498696253957851072805612533813235697540570126387
93 -0.26471869380888806306707625116759968568050327746317680631341909168015911683829291650494386421887533648876633918331515280000245492
94 -0.26426299142633604535365007703770496095887226286692701137881077639862594918780342667333783492412171307111576256097577272915332533
95 -0.26382193725108469157839866776691663493773542734161886334572778491358975305978059688766605114684891290498700412453884723500323081
96 -0.26339490877349403660138595784288017391179197503850765503476874310967846481157235332149580392098378629284111978982772635547711988
97 -0.262981316218983715115917207198425776803486980080962124975410465679385769849555034275358619064385370370957481726336393277631781
98 -0.26258060050667467552528273065420173673069808529596226247719019215672980923902322757823428341836286577985050714575394354369796323
99 -0.2621922313545453303503237651765583740869196315136683353349969377777195844387879235117146713186687802456591406999139228250889431
100 -0.26181570551926719706831699098569422599908211110021972409634274681024670446326237467127535134281047519826606082488996041644874105
