4 -0.2029238345584517981597675814539138507758308888511858603978530327489287303985174822143040465191351255926127446528185856761177368
5 -0.01448033509611981961891903759362371141296790652657449691457209072384575576755562134125892341291431969631637364089750934915343001
6 -0.7977491933157490362465113904749425789348301059546343973501693440414067975850342237932996637365445371152586854945299805085964217
7 -0.4108029119251625587086016256832351589514836777379726649298845009593064581521666494047522217678542956704029910210465796221278512
8 1.008746799043363453520784291339209761016007676509063290194948160404489188265814986381151239733968728174528621464733882029581907
9 -0.5211064768186191652069463167584591520711615798340013325222676991800900021221915314973434367823387386274228855346383984778375772
10 0.002585312938269508471186736425882169113131217115047108116876372194417971718504114669377039635039313036985278828166212616267876904
11 0.775061476558624749199092692147257093520264232137834980593372791295334927805505774409574852438039973675371510153287329771563268
12 -0.4600048032184298144520118662349671863424287406866794840854107409692472959441140500947708283137859865775036846748568444515780209
13 -0.1664116458642927735316968990800948874114163371861763615126984512262642109688767801139879558190770870981997969296887925581889235
14 0.4696600648805713466873723189246620553459142506541770346618263906771030838498483280572170996171956183875857941830206966980528176
15 0.9238400093871356664851555644317065722312570397175672544653714939598103370017217792614504845057781273544923706587254614056463389
16 1.147439790613468981260444123881468411156588639902507539286684852887636991935052099965477486344295969649148166135277052156806455
17 1.210254888937147935835024140433746937398682070554362665494688358304273455144715201469612769602722883001142863418287942562381143
18 1.18126815789959306547115600598504132940601638494047192026377241681155388007104318506652979967937189931049897423669748130805943
19 1.106833193040769317219841610080141907154745352198457793771779141567943470155348854174865795388531335449449162274956975253574284
20 1.014128200634233965193896882582341073326730616127749568928286747087181212674839254229682376469052487435142566771722426648997337
21 0.9178780368440248472342053884730342173248263814643362694238478539350117516453587871486790728302871447415015409994379956451378187
22 0.8254868055772013966470977145124914347676285578445861071901320463126882676532492429127302953864560098426842640841948200092088453
23 0.7402755223777501291483946979887139833832553342611188826784912760816936423022882087114896347293807756295699426457318432562975042
24 0.6633765015665661377675509254147952641595236694286927657583647908043600202260881472607280769054735222234971178792613217985365451
25 0.5948008808378011289663482613666499318317195120929069193569489915104230102769163660774847366032084880622082079526824379653672958
26 0.5340257545518621407983922262475946968953220684378233114725463534289752437088086556383535453187100012053151408414467469747248107
27 0.4803098514173724023682180122380397467450574818641337055572859010477492151765169766951860653180672345968335285714508485165944592
28 0.4328582135114187894422024037501712185210100213295580301832965945442260175669509703752276449475896164114299738070053920733593858
29 0.3909038945176053886561400495567183762007076536112108166450817783292082691322002117800154899984716045867080268495572692633745482
30 0.3537446913233078163133064172128320851429320165378914777412307609254153823238575835603084573459943679288834777372337105963447043
31 0.3207560217144089848656716918779032557043465495081979866288048939430550631953758638939953513752502415404187096232342281015159434
32 0.2913916023630665327861511053912618553976023455037650740035867121135811708756483708248493560275759721306893221178370907567072102
33 0.2651783019249930230177587516701687957440170620240072631918195518793514065611546821300534420654962277450492147023848388584041019
34 0.2417086022838023981036456110154136722750159627506581211073722020502616497996546555273745038773564555562791089983095406652571685
35 0.2206324664609200626144493976460963789348638787580314581921586744907361233272306891950053322233403081493028298952132679554834004
36 0.2016495090215386936619464671918499614878914079226025438036427158144025811783305769028117500683334637617222758741551930669908994
37 0.1845018721008094525548140856332201292568078567681599468071666186678231562538360905930518892507059485130027613686041454138388332
38 0.168967946920119868109674092807564819188088672923863018275315966459447176128295154534725836629428727425012727803495139443539875
39 0.1548569453040278045713464935087222758934816637309617187193388504353345594802385992810542005886461345397892579855676298823932584
40 0.1420042609992090488248638587873536746742756540975691406221132932661682657338205307009341287633348558492032909405294488697899801
41 0.1302675342645449140092963615546059908935965877010644935424891739354816436217549329516323833686054208194598108870978691301062566
42 0.1195233271004175206280947594091739698517142863618917296888758160280100720633887423915575711307591260442352471625690213197359661
43 0.1096643204835008854432119367296413775388427689472773216678645037583075082099394270304445254746490553501533140005276316020209747
44 0.1005969534890817916738642222407350348686187466698538707315566027723023509744686162825135804455860782045012922024629832810687885
45 0.09223943421354976447704190828910238234331464023837559971939524520055694745454537862008635904911457172951793539658487819870409314
46 0.08452006240646661889450350722415869072358853320335336749686647860563044699066205812478318237056623500852162655775245113118641953
47 0.07737581294671072206451661643821274030451637760006496847826981056420464458462395383318027055551220103623005194355420976514309379
48 0.07075113745631310677745112245268461863419391524002357925006112117120872819669250934456920725801181715550741585641431434728603026
49 0.06459694837921375126307037993561028777952505172826979290665373192447025456316084710991324013084443746048042233616136831295177416
50 0.05886975581772663223101463737228462074494204291557681845629808912260808296943359607054708411157254503809653381360472787976017926
51 0.05353093242615820510253991598670497989907463849322055397325917554832151968834810020107393798078832932713869849807050367957373679
52 0.04854608583431881374524353221855608191314876488901104110380542648010678539289800982648739678139128235103992558003031482213096989
53 0.04388452153733734389343598369856931845402345459894169876541688316852315937035476447331645239911809489520838625451133161748983169
54 0.03951878205556358320922758482863730525835806476162728429246060947584134851878445212908223643194852648411543730766968454663981171
55 0.03542425053900917597503185013159648111199680310463753516312559652744593042170352214490173717991747292044626847163537029117570551
56 0.03157880895005319102575789083806669326251296305303051591618843914491952866995655091359245763876044806439813419003758250597902265
57 0.02796254257791828957333016758599825002748554608384711211232401404467472810345205350344115927630458650078911378260894343012712726
58 0.02455748397863737495013662000569588508113830866046366021982299636707723144392429536203969031907539431695437482579568910006409843
59 0.02134739054446974667497179013803507739690395793188845751804351188426347145046190473765341826041379688594158123657331407275806417
60 0.0183175508278303775155890538519141482440280885536307695177999152682740043798353266307213933273134321798498535820402691874991303
61 0.01545461551029705348638782504824666584979792536950060442511814490917450154110434284422030353987656278943301106954381676889281002
62 0.01274644954463905568822171213377990467997892753335479587436362767488253246564265641027634983688294646157566909960291507977013471
63 0.01018200252957216748256213505115872731892626771782016347597448743922824545747922027354454327885211993585885744746061894708107604
64 0.007751194821514542368353103683704535614248728833665254555325817419755771970509949532512065263085346483685270661225794775358274177
65 0.005444817260090157853075521015046019393795933269074405130732491505016611397185826877886617964512662423645417687279117786421012071
66 0.003254442696875279283154407479932190906426271220453941523157760777075903766680455286535147525949421674419757499038062455489126299
67 0.001172347780064558898429124555812878412845430619846653020697469184731128285524509036164916645283079664461051072362447589607983376
68 -0.0008085563303058406056593225596181228904432990412011637175986047788180812156199557991151030227576215125959449772835135989429553925
69 -0.002694785454329266291078797743387432095385552841039753618178284545556504791262258756379783778529993857287926086749941344126729827
70 -0.004492337070216925757256965494830200585627803209398022952498854803416066535210458137606388995888427657039372203370609768949999602
71 -0.006206739022201686777101229911228930512807001422963865664642913058187787250949259855561647549467529466972322270984685080184877448
72 -0.007843092987459329406378888346656838998572623984779186732048650504220315080481302701029822039368839723295089202095324599037742188
73 -0.009406113333269418988940582317866119864588309727497345509352760589616049579142562694009478520629342830629283726164094029048876341
74 -0.01090016191200479035616844342066452703622691291274900109875488570238522088483412498685344672108698317432464909894300813967367905
75 -0.01232927926992923063500599984724453573590174617687581911580017775828078470358994721532208048294732990106259703405192095604424153
76 -0.01369721268434262224514263063647497280681049294272081829763412035078395841283671719569774270071761359684109951939477498404521962
77 -0.01500744139079087484455897480619477156699458813205081987248237015655125051236809504489871965041433558653826704940568301772009476
78 -0.01626319931655526471134286484994324812954361059521265291189497698046141900012178334386574351603760860229827346620686501691999398
79 -0.01746749559736162922673600579968789923203109266111501840411312471891923049010574227053325359373784963540077558309287291014405308
80 -0.01862313312028671315380724910412062814101500069368586178451391625942224766794926087332189951515147274267609250743209729799278896
81 -0.0197327253064134230458723787200514613002054540534309903712735788394515731632068694383511328898726918899410778519050728292065847
82 -0.02079871132124557735288653664232946882306915256454468508106643194388366445105223540928801099301712034488680588058156663806667192
83 -0.02182336987868310958788108313738186738738375634959912364433462240315438182943323454708977404870856786157272846084881085003230496
84 -0.02280883178501181528854277666994294352882108057583368828251319510952714330317922911582534154942927860932475418056124409645078404
85 -0.02375709135247936543414158703065840645080481369001326643404657796301148088421332789602723141824776351201745850623858310499621201
86 -0.02467001679727243499169299928444121672811044800193683287563289339639454723982976146694723191020331701836286709141144033618598866
87 -0.02554935972378931281129275301633705406091977757784216379663142531644361033651246365100698153743117559590831418236239439201553004
88 -0.02639676378577126690022128469641669684976369777643940299880043889768722251270153584087787249665472528398644686103338684114238367
89 -0.02721377260490282284453396368315765684044895435375125633208324716379344576215332904725919744667455537338852483315646840411962585
90 -0.02800183701873469494457445444144167881412757036061548409599032087430075285300421694177979028388453368395254888648967898578184348
91 -0.02876232172206767919256968895250597688565661350334591523730433286872321178897949442088414401181795675464991200684393370865026162
92 -0.0294965113591273948225637359292723066055671148444978647313709568665564287024238381208977821885383706100438664869894453972726815
93 -0.03020561611784286937217281838968613658765315548286886869241389208388612226659779257466068639529288011772885857315203944440043304
94 -0.03089077687221690481138523069055794416760794534099649906135390973218245529114038345091849974593755659814628534699573195197117205
95 -0.0315530699140567267075944792433308517110392685699697689532664405909048820569311657898900609032462372395011329610988863084644328
96 -0.03219351131114493205001236156179694514602652377029597596736796398288834839042231314326328741078946956250010686664978621167588893
97 -0.03281306092520843485791583121278731734464444390634452198002067940408708028794667817553074372835762923682514148639852294710806288
98 -0.03341262611973067790996681743906805388671991445582687007897431374443770989160277229600377959795156102646085435169479764670561534
99 -0.03399306518470085639186180017840169044190023767078954970034646081858671515406300526899627210369589696908825751308722375528013768
100 -0.03455519050276060188030669597885950760946191224261998530048452758483944276875578342109688737638970931204628851717271847738468063
