4 0.817452728402837465105847367505215427126341012653257000259305512246142010646947715100393597113322222631023706974446654724955547
5 0.399507654150533468713142006257615745642526042677954208190503051792392468604634247086426871467049265249997860862155208954912301
6 -0.192450089729875254836382926833985818549200583756708958672867442161325890767644448564571798528583175075069571268378522558885548
7 0.761357840237260499512398261965408226837620887531919079473566519428519837006845808128255503131324206476269199224607760160149259
8 -0.00529783714209814871952783396797096498662375890304069331321229378473700912531071856711101083035465771502287030850204230108987856
9 0.465347824925053784249395947944903406163550241881631092775433472923719642492656370057492937330361913223871175401609939201829079
10 -0.299514324130294632146871117530663288726487431038884820373492524042917551152139765712613815428069174609515163953793163765325156
11 -0.603332914254642287745382310327625823296525443557795997431118074308805481438909762453450308905528305771353555153303172099089845
12 0.762359003579408520648072329357784173614706417917906130150802875056088489782811037506516285579681891388525937600248232806546011
13 0.210766467315134512453827133207114644105302984300683729579449100617359213021554889914949568440229215083034085918595641590945404
14 -0.36930575986799215782422301717519279829153753619726002852185746764403351194263371839589748463866695398722623673640212223195624
15 -0.562316995328745452706323997142089336061530322492119824242283249896714767264712417061007841508497069592111573218655141056639244
16 -0.487506010382070403061305076001744805659984179165323272444421257449191996916680501430606592399881061374037183673780693762229877
17 -0.294229099095434732652920291311181826874138609279729059936808844744896005091144138434985042613479589425611433821263403903609534
18 -0.0717887360098515655867930869095727301824168914407112647844772491192248187593134490812222868118582204515080639237982511467262089
19 0.138123263789488118079925412603568345902277064348153828756394167756481777235385015550338049515400267822377657837935715639292571
20 0.320185957950087005431269140121546836654393874937907796713800389920697821694036695142740208398551225811646613968604266966390122
21 0.471608205874431664368533810071250928745912768507267378902090464456932941319601904947824848378665059245466685429450359707965195
22 0.594803597972956437301558606611590964863273157130704420011503698641408511951498436052271551468520926285867618838736188377870023
23 0.693885096893591549287034973599750889567411106348095684793404153588061587287933776360667630722919896616901502096776289367364393
24 0.773123450547662840440649042510342787941447837204793390248889660106959240899067985612323989093179411543229773364238142913208228
25 0.836348578295307659668957180991898830850308786925274586037180994801878515357279880956997510235576397104666865469202094354725216
26 0.88677910880552973420763279846238178172262111178476677710038717443164104105342070287408243437249102550556287266754628947068456
27 0.927032377320187733201537321833552749414105722134309522060779360255564230751268868070354500737088055019975670815141092065825707
28 0.959200157694544328129395282401849192209737398873240927374808453542851455628198064049010357389625318333068368817451557281179224
29 0.984939463501899896477888653117433214304889862649598853829313522359581781739481485730771985201396895914564826024540035920456479
30 1.00555782229715875849962969253045906698418392873094555990780134582593277355594190371255588314995969211978821778552930855601291
31 1.02208610488057813248141064227366017287806024428274852123896905693473906600298031698868507724621639466288270726758383393189687
32 1.03533790124834566567534557258579820858062114306584825647521673279075401929320407030675543701536199502289074075415587928764896
33 1.04595673997168863863564729770824351475134566269321595484309348958567740865454777086712023643127711602195961163077971244120797
34 1.05445313472932364512359798768316187067427572568617938077735196904140837684677867146194181894745162275250545117087712939260408
35 1.06123344582013408215034949452349702611641861427429293582794300452528580078043343131764376005958451481847608825978878715234457
36 1.0666222963815370484471494840500737044678776325380287890925338261039994709458086207022578470100589214252124592301385174876612
37 1.07087997341340525671589005184020445758405059392300398382200621762670474693913463194793241521483554423734760088970728356878548
38 1.07421595068883489894365424642598390526107865497449337388425998943938413035695264063687772581528991914877080692120293474072443
39 1.07679942092020788117808070411078727709848472202563351624662392318902962250536992995891551725052642685570733143473441340109721
40 1.07876752245306857666296512275236978366036244116253824325553777103097432534904424512301157103285133264229126439220632304353318
41 1.08023178677496685047559025103141399228451412458120199609156963183743335670281147131322789966829649422466668681455800579931934
42 1.08128321006881784267342773652139738130850067540975369844980094009859396569122268970679509585865682968398916485720413437503452
43 1.08199625766518689585653522235189777386635425344349921320819868676666296258674442011762060185545642358254489645731118361026384
44 1.08243203822186687976552325551872732922936250616064373514425971890561378268294655291603356004225683062395878298217660969541981
45 1.08264082960293974022227466373193439586499798835947822973150625948764117128107528488926239888719794314772371736166735566707791
46 1.08266409665780791767415103797355367626926551365053020774826208629526449391730014987150344524210444992552103726596188696198338
47 1.08253610925745268632674219739083287796337344235670529736954354078100468450023367553701595343922795206909669409262896475933935
48 1.0822852446222833332045163443563119300252299944933911218708996057833163024819881399201464935658852242130340719681662700868407
49 1.08193503934891500715095516624475547600044493363120081019072548635437557510023878845836922976735107675289283423747210718234051
50 1.08150504223498217194114977986459933472561336260957533386798584230848865278953224756062639545108197886673576019693366765029217
51 1.081011507973846121661572871342915002749851780049105058544516292192764268258190110645823418453593389607704952049786995927005
52 1.08046796326262999891670944675827789691305641680218374088279665671037561944035082242794804899361445502603383488120432276897684
53 1.07988567024727322081584808469494104064230305845428494496608949414256977620163069288777438850064127399903328943061264828835758
54 1.0792740070711391305824945904629224317467161950111763225656474324106877671758145644737737981542546684340413597174720443515906
55 1.07864078126109842864347469122700784958162508806106922287761458086860522908434100704109654301876598575334713949015670861717633
56 1.0779924885200739164345310927817444647070091166911165648396973629884063712248171364662778497284010052602031193315384948227051
57 1.07733452700196951015344969763736944562812535204606827864178572435085048628861054768169801905127570358256423257617638501831554
58 1.07667137517398168709801988503341792412113403580497397076422134889535464124915902276772774695950476193971203901945357133597805
59 1.07600673980760487855569287821102534531720783169554078102736199530250999157492048478427795860690226367968189281988782233774145
60 1.07534367939471975224787205899786845476589511601056646669440423017744731155240372030075867384036877936775381249074889050002915
61 1.07468470729062940074642558928388451808593342076817693559470440178861944792777013306371089055740823856594152493510143003673748
62 1.07403187808876989299692930611551216195654755210337314211801102502948300304130475433930462529265052908588640026666469638924397
63 1.07338686009081547858477244326841398957860218558747314654433461270131736303067316972015876711680034440499437303562544320575761
64 1.07275099621881156801429782572417328837428165779582635267267832220653479224893403149421318629174366263120171192260106992392465
65 1.07212535529755920337525836084098476278018479065540118939989412984658379261833352840171664561137392009280552880628993297342291
66 1.07151077529589782361818184345076225331275361681436438566430961266997745056862830894019366837285288201981934240565651015438874
67 1.07090789983913382781584491889159960622125583089127421348516532267812834512493389659396950001364312138648559465784426373373169
68 1.07031720907925096392184945100047528030793416312783441719623144455885297386130740546504696583652300916367919225937157722315155
69 1.06973904582487776129218516523762448832057971638774300506337811303111400136547348393588940140311190843732590324831155030436533
70 1.0691736376814420949995975778351428379474842119922300305626888584684715537285641428727688190096658445499099168470263982948367
71 1.06862111582725402015851855964375236024910147412254551460174952632264741173365086067694002884628863272930257322490692568276783
72 1.06808153094840941524477712838698119485528119366194542219794749189637935432596896323706565487650986294782556076757305550869264
73 1.06755486677036768257792578804610648758569260693820641782887281431015403786105134572605917889816014162979864258612440459938539
74 1.06704105155357790056006180323251799497711301092700697165231901778300378426300995118994816919589717208400041377669208771160595
75 1.06653996786198362954039586054372489237244799264000494836092542601613357164795677783753757169152628053306349465758772531650824
76 1.06605146086449908413762972025552230493948402533262178224575766164138814350595435542893289701003669273411629239717104799627343
77 1.06557534538888950750099112183443828280913986500383434180637770211493391463394461723918014584098195477602400713403414048489323
78 1.06511141191349769667709347657221714282324478827035546190138518909566100223296144530117700500444918840496585048759061767647854
79 1.06465943165378629850110872698088187173728369788063157445004377654619115152134137339505891526932585998132979153070604898692524
80 1.06421916087676984713468137009653246300521750509387240624189382225867338824700472858340158599456658017634627172924726783294543
81 1.06379034455631858108776757125592981819562369135703538759419293946112132203471910510263111075913120061279205043208252404499016
82 1.06337271946539203557968577189913342656826962028327251058668571312146215075703844526243153499710792235559227645232707435328935
83 1.06296601678698005781413910013664296092042090826524783042994052302197124259732995312455127366384213801663296256501639714609089
84 1.06256996431345911675086254879042272477682554878085361700193208493844441512766593078805201862095922644026980517248593078910649
85 1.06218428829385393810721228017045714721699921447632313467411913298126929817625857422074687236820086104604797425776476144212418
86 1.06180871497983100728588593744847412392026936863792272659544328220911028667702844676747987144272626959499459778844249677203866
87 1.06144297191389392410119500140640324865752030531683280115399315729261442310395848736145008181109110816752663368577189867233958
88 1.06108678899699483716247611717663128027954461978887605582002926711182955474726002736971502646863192027590689904407318420934885
89 1.0607398993674491798135871641017724038547465835486997014103325640163530915222505870883797178576205474835404708429051285576295
90 1.06040204011849879288484046010040470802261406993812873925652774879453342428660404699771667146154873231660577298596438037340491
91 1.06007295287799071120717170875570658633965364303713476014806527544463428143926991549764649074744500094375848240521046864512279
92 1.05975238427032424445072068381696591038809418326238374320121867943546271521989123105017378818065754076295219332682310552148803
93 1.05944008627798244597339970708338739965742661135301821422824855395138057685957051414294362367390294608252770334420895940029312
94 1.05913581651753401095062092727482313147894799995754486238717170821312978137648065351658385619122531131458698120523514822097514
95 1.05883933844290766120639231261036660886865059665546887163818966604141651080865053664908699315402893877749645501304588232885571
96 1.05855042148695211709048994414080780062050377992423309594286892487339840818629282188380232307855039737779123382791765072491957
97 1.05826884115075763780095544725469784363662082750733691455338274374266488706454065451233042272740951809002117197992710912919029
98 1.05799437904889323222084468383941518550984128538102549462949751469133952528042486347798674590907143793765220166050432129639278
99 1.05772682291757594351452576958295321035704262140211206848235447340810265140673999845343344785009736020429940026585275925706
100 1.05746596659180869703021363818689994249506185185028046536953391200375130175703245998605511545856186639475164084650346266987668
