4 1.0202088763008335430387257649366999205868742882801655470932688479051362676280785348777663474691694871676038526741315499174633
5 0.41586208585651154027322026651215016764780768634243484206402543752030890503981299736039074038764607177452483257172430056983164
6 -0.34133119522731960466700511255276369382082076514881536540323672262518198491815870175375692775697958402264907849699309134743235
7 -1.2928984796668045585868061388352885220946573813168731324642088943823711383504266161596785468027554145471212696231410219699416
8 -0.094509703285812097068798065054290480356673341952600934054596847230987354887337893327095123447607716402517804032197236516084263
9 0.6994143482888052196075918893767624946009939250881105946632782582906082047193937016978756795765686247951023580715325055769207
10 0.65823709092333100158077313458917727643633783148197178349075933690349009548526758177689857093927731480374830155160239111660118
11 0.34052539521817122860101456033233801505218389533405288640788775349483637031551930328168228556358168877539830203654208864984533
12 -0.94450920188652598215440844218391897945937713715405307313006892933154671005283952445078924483756730721038608305047871163485961
13 -0.028937729132658670351666985364023905807340001787000065774517466962375329869601558729850492518422396817295114860066481687153506
14 0.49039221327138635409393941796911271506766447851065613261034018672118047854929064929022485519492281199642037902981964921684922
15 0.471995343423025300256806294905790361859209199240996376393921082105159471755589836948093162311725698269021499595997097586029
16 0.22671044225438983542435307690565348512451144078624400438808262762293254687050239522173220774058276152020574541971450720146601
17 -0.04905593851507795657365673730147849678276276333078320784195152266360418868893534677716191609926829772634206072831220099534344
18 -0.27867212209816054439822513106556060642162856922833405335601483485651268288240412299148247676035163090062785660538514196744473
19 -0.44560481400087021817542243094390034431457626652245044200483314110964973350527226978008484073200531577784041660748045249617354
20 -0.55616287042859177589602959071184865040101749345359416041238359034650358447338752896386391636041458475979734490278620296554062
21 -0.62263157651826546318454325576598454548650186503003492772908685706972250980015418025507708348425564509543613664567487111841927
22 -0.65690538753565754291244231361402148329470538108306298512529850457455473352379627917557935080813660663726416881342930701626488
23 -0.66863194735137226844654004874619652911573394975242360005449126966287492622850095340550680743757959161935322900545311917670942
24 -0.66506247887125389923027584199685955478289477380493497243560262058138898576169319097685619771303633687618673510753117729872059
25 -0.65143606486778924273448249346080321746008595340504917539709964964290561153903063428071964023699245328507666934685980416316602
26 -0.63145166620709303418375141678541290205726446347974626981663680766791858578495679512282415660861305070972867693083160145641107
27 -0.60768097906564213148428713337331455285726132567481209327178035295422422193494383688960721769328846295758463737661978973404484
28 -0.58189001019310008235590904660951496436328480273607584883663317737814998250634147397532654906289570358872288232447207170997709
29 -0.55527654651638457225885992925342428783215549069572097552603939363922462267902787134587299798515005029904430100088425192116401
30 -0.52864078888628089352681082650025512584026981285882402882232836682140030266724264131670176435122962397851220388948485695468152
31 -0.50250619726229248198838833337977899088281877243661883443890351893542225127724753766179485869615996748471069613208459617095063
32 -0.47720442952218239202339832533585300813563640707355336786318916120450414649222958375570541648882081752437308191847312135723619
33 -0.45293482093191340030867520757962234238140225522377261914688167520817596570399223303157769176879997844337889265808866674770165
34 -0.42980596726847999171620731792547881312416517983743462496007329866949990859133910653179520848425166533984855430517940647198445
35 -0.40786477699677180507475855368648966917204919654267370854737410834763775630996736717955422230846408879940888255802597456928179
36 -0.38711675932124683849730214681387278946670933972674179207671274540566062630482102487870758553438596921546465841362303366873608
37 -0.36754017988169615153884874871135761097346232638476276551842520779916338213492559195523845827060614461120093109489153574347726
38 -0.34909592010420774598848680567043942094019211564341603849650130438520040258178951039259915896424165941525800689411995285830026
39 -0.33173432176503246732797114549496318839236114527499526857067029392005668712678560662071334536464930392982771175263363660350991
40 -0.3153999128745632848456776195637203688128172698329274902401810427589088570640181270320816062200539652736633639161162818914973
41 -0.30003464298311929943567155702916404450471732467964251482313558620998818873563604203858273516970270100252768474994160953708239
42 -0.28558006935266888099641545951075443622707119167717300136472784147235163321100877237541720804460650598836181551090801073053126
43 -0.27197880509972335357266005833970890692901358406078507664608671205277496183691998206207867850091067219851921706109953116892539
44 -0.25917544911732933208493961790475705027068444657469297438123726304796237597735954743423173557858951786442963776612439694066967
45 -0.24711715341785007887516867755496478949915389031948234841198761423728852647423359094544241478927073948470124195049440651338924
46 -0.23575393828573106075844610797416317447783277712872350681822982637919463896915524476077113727147384063300588601161734519924158
47 -0.22503883360936342680675913077605345509732055034902819868006418892033050435499675240477525400772594535840156116649103931849175
48 -0.21492790203375504336045002635938701964844940952608477329487422710413492325573168156842425928195258048165720691296708215286624
49 -0.20538018339929231198518552588563303081284996201724667199178370307039330985560143428602793235691855133137501718795989477856555
50 -0.19635758839107512479708106388484606082541218986270193273369610224538562009900879139929378853954054097882828197289562013173462
51 -0.18782476107467359728552075096537149453468403023123861415010617104895742231247488096793949945224025190050210898957699359640883
52 -0.17974892409152500292137422422408593521269756070628256242516585206941623790654741981001293011089728975559904005943137501742768
53 -0.17209971606151698041862591775515484940399784168327068078988224932435922413354263731232474011387376270101941144034888718742394
54 -0.16484902771664332575257768725619536705797535958350719802720221150159501657122467659310233934030459275295134419906136512739973
55 -0.15797084112955125745834895257318505262294107346814280055756008627426622347512569907644249490441389110662629214932913855419257
56 -0.15144107486233241163339866719763239725343675255306432414280178590312296164344633287783711726177655009006322464964150449110004
57 -0.14523743677043875757433111703819040517570951544970696432260514247040293185830653288970849276126144273956805228779749400724027
58 -0.13933928542921417419617756639580775055503223754416294236272054553609255324852445380061635336849289484170649314097034031888062
59 -0.13372750061610539317616389276794048979698881712469990989421703424954388855553267767259551851288217846650913988752120270675399
60 -0.12838436291499313589824175997911875418259715705324554958860020320013092276020632139818236702181929571730573765006427544871957
61 -0.12329344226306664109390512812711330454960273621113028693471241325314054755952268437868568266086740727857245880084446433065915
62 -0.11843949510101807328674862455335817320929669646417017156980131063972042096166611267877413836713632515267165016721909524900099
63 -0.11380836968920780353690936292358525067837096881464480257709380416237266818286297772045860031265686086280688613295558702512517
64 -0.10938691909780762849080270953772714008823062727451412533243445690007215731328334472966213871651935411876611533449890252793235
65 -0.10516292135467941415401973611656640577832696653758121520695968790575373011883823725294077404899701242027607588554008407564427
66 -0.10112500623141198793039940253884348436747039328361768614726334929437163597948785279622485432256345446890999541482853828898286
67 -0.097262588158671669529822007807931612590203089918180470369884293515804469354259306815805915092120965678733871053298354249410795
68 -0.093565804781895304434680513632969568386153338482732597760689745063935639997479797896127816879282197062286981938687999526992782
69 -0.090025460693845853824252663598698350845868644910489187167495032015986263156033384910395956444659374132285849836256743705866005
70 -0.08663297590916062966536131330829558471164395065826604155304031768847210455373925173003302552308154269959831018390102425967128
71 -0.083380338675999207161233592223767840130739616495980846764706642875082668096217694039011393175567986489667558363022026297059598
72 -0.080260062250033528945697420360652836868829491343908066333615985713479659060016838309858431369806233686564800266633366055155805
73 -0.077265145285502690931125213856272344462026260352851764985148797070550005069864635985223559170078084195686379698085381349291963
74 -0.074389035526350082838922820277433341309823310395562193471217396917598394054341310654329501180915314582551092134329942882908039
75 -0.071625596507245994775077585209610141862262142896869775806864259778357274718209286947987153662222819407516486475020032995838401
76 -0.068969076999394883667948833754290449960758773306890195711595180754676821717564987131047452250171335128216467087251163206412576
77 -0.066414082959355745486479549815182115801652641466515655754350084591502353177451936885445921623864755104112582202744765464394817
78 -0.063955551760659557308801441107785396709470440761999333637222286567506842243431830699728965713708159748812235857422999031275709
79 -0.061588728507830224070811369327664061463076009122828775862763467704901996084257428472600622497013229718110113339148987766409003
80 -0.059309144250576516892468480260960293413658015648834946229663695191878699485064428536988971471951476848612846161586507932392798
81 -0.057112595932512715133024397091891811672742459255336639175567603288593968757522995150339580579869840356085797992667112330896781
82 -0.054995127923886077442558400203264099710546169904733650998146720023013447955835334036584025433955514715059758910970443450672268
83 -0.052953015001545292853630478544857797000621449073545867457321889970139806741483879176996017034988720931948669640616399680124237
84 -0.050982746651881376591989743724150308201684377388491568144258708604930241552133150380025537927051845255709675831053231927338045
85 -0.049081012583814195726899144839913883050318696614140631527440068197591410799003774211416944492846638943474696350943326645283168
86 -0.047244689349182675885211742477894803921815799803786876747036206106325250537352234094880463991719410017609547350789322976714883
87 -0.045470827977217995728266581863451746080758519148880178456510401144206106641393408009933178608121765071603093864794399742326868
88 -0.043756642538223860524992329087189949813233728402841368880776642517466174090955338760721066802391750665335224549268952311569396
89 -0.042099499559237043981766224940013519660823144712468971195734954838405049569712522460900039675988789103256297707138368219036662
90 -0.040496908221369222110881046962705164561657415226601632897209564759558529295166109292508273694424557430140488053590485876158353
91 -0.03894651127480591960929784263769394417453371149783166605336565416245757023783199361460415799942734556828347644648356212132397
92 -0.037446076613122445303618484603265329554437114427058087898143164392156867446519521963737381539009461210777880990252022414028123
93 -0.035993489453726714449190982782035903191403611706034900216808937743096432775663265493443632509719402973400044922329626135148901
94 -0.034586745075906328362104914792157175997425153429173297222983063148321511949526161551373712824998090276169628504978601843557707
95 -0.033223942072188859421673075141428853083493804834044463321348234912756626179351336653370379626300217366659196939730963275803753
96 -0.031903276072562178577147308896955150804259349527199813769149658221164015542512054511347967378152575585674891502548124860031259
97 -0.030623033904583998863040297710683194235039279054658278427610590374363822328837998355867466570420991887250334599631568794048941
98 -0.029381588155571015862835273826470525664970765638068531540984441339652074081101347849058667527465585798443458975438038742396792
99 -0.028177392105929154638990324695319945372550825922570688822969511862211262625496656885530090804732348695485726805172098286609091
100 -0.027008975005295474107283002219510188748713002468633555154200889766925846664906189122341920804207988085624478204351914968555885
