4 -0.456197354506118383993146932026287174769667991907802558455933717958226983935625434146185604241253473909224188368785701084366110001649733078829817598518
5 -0.502212548894690651265907455585396543521079176092282077497369730024061999866142866406814150739156280319762964261595325197693935595933499374231053919514
6 -0.577350269189625764509148780501957455647601751270126876018602326483977672302933345693715395585749525225208713805135567676656648364999650826270551837356
7 -0.643767799677344120063071292730651477542411794473894002420968356122587739421591594252186394981880634346319981451054075374736304090173476381705517796999
8 -0.69732710207711209687214532226991435714114899716416257173112042512838610605533833826566027681041853093009592063084324736520844565152159239162394611654
9 -0.739576831829076736982750315891061784148030797454127070813462197112321548267447826181980374210089800265082544368063627745681467923555274780830191196004
10 -0.772875771835433678717125504524508534676176644411624801296722965792717148372099196437348167448099346955132553931180789285962863836742728670074880143409
11 -0.799304266713249408949582473948278257760015602073620143646519854778005616758020965864989036216754527732075967324343385111725987996475101679643787729647
12 -0.820489370763297421358547893903695742798469263384465927509269727112636397909639521006837429244041386275744876098926125385762738877200331189721689394643
13 -0.837655835221483186400029347796440866236468961287157867178792623078844178397419223806919156464645852968240522942666892753854398848576505379619139819354
14 -0.851716170738352460935912288806853383497849893996966016452706221598796471665021922883552854133975031308743194616544063085626427291243287253723451721462
15 -0.863351233681079205805726776054584076046233475791136529379099192993579003310930578931436944033995868828014699483834379384379062988702854800817405127454
16 -0.873072463856975204211450036451287092475514680520613559221481250939740120491567538257393495398660993326192490652784097414474762767235511746977643936756
17 -0.881267551699644523962887914619108570566862634256174559521651572398170647688809870701912821990099104278694922167223938389982147176198474344846015042986
18 -0.888233346780538743149769920080152890968685619974774532248781177706207915591707626766921976640656878548866316971811426139594259779610189134967524909926
19 -0.894199484639701279853413195616858538384349173283844983167745473905257317193697681661856060480016149763659911748948665831109955602311418755526136040001
20 -0.899345404586289164296099225430423495691379293541266778504709445702860213717419435114651624752657960498022824526033218885663813454774467348903972692117
21 -0.903812689678026965779246709691926519493222356375615204251448571577157256172383718800613071393880082779293148190938054355324642730076525678581669185283
22 -0.907714090541665440953436291658206143602725036360058544131436168241265081938147003617390918459469676768286665040638204525613465572265795464288443202703
23 -0.911140185349807092409761704188312506924968215053912357806352577183757941189654713898638759714579272355625565453172120736752737896477690560512889766972
24 -0.914164341999583467304596014922243809684987068894179114261859718649115885878248241520679328940219750769886933386922100681037127409881591952068421469961
25 -0.916846450351249955747594211504639686084271497736970563495960622449852071606510255746921487617110362372113232837702152132625995550086616328666891642396
26 -0.919235755373936311416377470525162365757479151759372253582426813158849850812773032865244110001466311853360924873687241738795630302136210893949825058345
27 -0.921373027020752424583947542098437163624679025844268018845763889550372936001578116346033631917553875774796200077834659840721128830946022114948442763114
28 -0.923292236364902586952275625066709218863841249921373481883192090492510710264669497881510654918639330977099020982436118249274574600006993886796934252573
29 -0.925021860946244515223003075095972254738512514192319830231074545929935501471839726279074041963383894672697147689498661167128982493131716083505184784646
30 -0.926585909280701551626949251693293105097582538968447847668131911545014374687671957509224364245546358696561141375354352197673838879663932397155053412985
31 -0.928004730914426856212023491293074263591691947203475917426876019546306585312206995603559354203048000449937139101550947838329939111415005334508291417885
32 -0.92929566142429106866090142548057249527023936151488284257985357959290402289231144825382932824385889201841634791528106552438164551698689363956580013343
33 -0.930473539430078927292485261555199442767191488930414854591723288776458272099119919038181186403340257414566178553081566641961127864469218360251050224615
34 -0.931551123647169118843900009469649836913167020850628950118816316868727208178350517440673360798687945871130977314557086618686696856224151954166192673098
35 -0.932539431335396166454172118223859307774571411282634637809148952839862375529416094506081590725301796122030570532769199635419996033520291978607905272598
36 -0.933448014533495075835396169066274654838227493362428833333224861119306994661664512379748004605231068645977624802355576775524927337698797959556559042783
37 -0.934285186744542315367685594459691465288716320987263905675437287291209122431456134264329984873974606521048405638839642742196784229577476833438457535461
38 -0.935058209925057317061892285950767579577993046419752838592487258595130258648469625600094433281653968207810612243962151754078360073470817762421236190047
39 -0.93577344949108852795130049821510120359310002751529600628317763435000135066824879536617685614299765706630297684034118100460907498158050988330420543407
40 -0.936436503416529439594784270201264417843908988929739376313182560041687188532131505734564410400340743903409328662469245181919305039379083891672023885219
41 -0.937052310236562616102498218554461620915122776991867428150262248225148753765699780454952216105266677220678054498171870143960566581962478408469466880582
42 -0.937625239790317626650547785286119554719109851187362769678078054815845706212004282872754605264974176902031143682722819122143106394750402424048456935407
43 -0.938159169773366760937438942152682342414605635766388988637312959835892309125480799271476667366579233146343849109646834479819582514301537786174366200586
44 -0.938657550571803266700082046792736950092595674662454567736633016316406934501834275324663697370165076087719699825594079027286961387610584610198591882409
45 -0.939123460377306285459536188342144330258437321715269174696210621919657466015016924935382023061216997590285704810901139780176585774911705611498772837452
46 -0.939559652208106021789284564937223189097317546075059613086708062062121174189360775849961289132392258603014223825821415990150106144886370437764889361066
47 -0.93996859416235753478138124601667053412955597186615375803679512792295013399835273312476693190064826734423676208795811187541691198182642048500880484673
48 -0.940352503991504301373065026958712928933459801687842142781297552890608014326322745982380695500863936855383960432789145413971756260111345405901754176533
49 -0.94071337888901963406224512188753744677605249468115994326875263851772056900360280741488205049823833455373903163857409114383921248673342765037477848409
50 -0.941053021234623406896698649180204372167733409920814176323911898238076491797636351563197951633944702640588204138537510110347433423685775109430988091402
51 -0.941373060908058663866631216092814519007146286084978129749507887435094178354805210337349619131113425137607388419627351252473037657749476292527473242463
52 -0.941674974683834739321894104722405667398130464682564915509773934313665845094776584512932167712915221802039653221457776906632338955821737609314899718455
53 -0.941960103134346123570002983607412410420038852672721444403851898008137499891911671183440594566664918971066441934229470450320673922660472685383795405431
54 -0.942229665399797112702980631906954671873985626760147744138134565803300604915382674462816387556001491220701849878301631470781733915476232928530808252645
55 -0.942484772126506534757458935372224808757767414611802893959015191338571652283837231886278691644645894568398135989012051650887727120761793252785583691386
56 -0.942726436828136531669302173792342066891136038658252147017522198363240513305363931420692651458103854736610709588087057463566980871110106536455328219646
57 -0.94295558588535253536629540983110580915748918808509939071338229847361708747296349369437223053312983583179131436221837587749941599735825438136450910272
58 -0.943173067366911839370867979258523074595798706477449455596621982050852477773839042468228762273466005064030339662254590272666266871229262050551382601488
59 -0.943379658828017190562219181076993628827822752120009796101107362038955974492521147126691538578367771051694834933727203646396642141019727165605773222461
60 -0.943576074219009117733176904359780615067546924607939145505831969554430815081501957571763243042524715245503542341996487708234931426238835188393169012117
61 -0.943762970018336758152003179700871992636410905590396374429670689187493070498393661721478809616610592030413711222350946757027661150357856999873662859189
62 -0.943940950687616525798297168944823076791029160855299585125500455496761355495267483918145966880003658952941881300463130354120837712161794753720192250297
63 -0.944110573532951362970697118023055879378824947443531277781238055791395683362863016337615198148067889323035624032760080957568532426522013655824975809019
64 -0.944272353045123580280825416256370997868609589758946299545404276213805397232880399396817317759413301185507108861319435838846548649756403427830619188921
65 -0.944426764781449253113582155868463545282486770069600308536736427512110895028353941754950277063338004453656965837307026338400844310660269926972335787403
66 -0.944574248843710131431516762844330653211903010664480987630196205871698732724377401741530381451316277337288464347860460958416229586468514114093557089268
67 -0.944715212999427453016197941983815432164290950677483684403139994199913274872356874234321537580957805883909631752166612412559864550971720650440888176544
68 -0.944850035487618316864012281316457483425660146801759968104957694568692933605642909862128029536561401605108260046283154595268819700417757874147383350602
69 -0.944979067544919407360104369234803029865168447474387690100943599655838644489220175497526880531621529858973433669968304420433641773049803654164632935911
70 -0.945102635683441637933644381750434405079018848785951474466005451388687374384276562274241968758845479378355883071363879686855426108066064122363345123982
71 -0.945221043747821454860662463795904644806931744348555612532881842135272327217635260541780926970979006575679068120400402223123804818028821555641405537977
72 -0.945334574775566962703784758512459093209404730776502586702878337944864307559876198267729891320880973581040028759974983561523491821590325263610863373354
73 -0.94544349268188151758881805745088814276742620853790775369391180269644857904187868678782125152929288106886188788356479480000771768692717464483701787668
74 -0.945548043787618192868483481738710203016823516762111660561807549962255665280276419043386138500297426043353636120993361005818679429475650613098026710603
75 -0.945648458206820059839259719979765486702506033962126166832067261327119299067687770083016626550752150399044702609605979642649259054860694807002770868108
76 -0.945744951108386625387414344740113647235260377870457470747848954455571813132615704003388640794049852848594433341074476906229747515540734541140747993473
77 -0.945837723864736269657063784079887021731702427526397200107368007713528838488248483483284484966702962833832948608465433478482894069738620700033713569952
78 -0.945926965098874363159775865107413041723353101439422926260768690181711780256465570531810725014033050543217626589712162079783506967320478366708331629831
79 -0.946012851639998174307094604814392748309084115803211938745495876554031144172252273957307559379489901576662764541962216763561876712461787495210854980472
80 -0.946095549396648192313354916784898693788430421452706361624210671721201346093177265671720297331973798989340736915564562754772992351331410567954378788397
81 -0.946175214155430136317359797207319176648607967985114815797213829288421948934294171020955097870284632256640963608861606615549787021099468341993082344582
82 -0.946251992312464757718151754967960571048683684163245014493680982608134632565890157273022037559337543858637661747879029558942485780504018407165343021223
83 -0.946326021543958174075926502125593630263053394929299746009435613535264274044889077311306892881622113003973386004272953997775914083566869773757134175687
84 -0.946397431421610664458774603001330017563531163268122879804207658340375385294003055816042225879886792374918995828575664283727016876255395853453071033438
85 -0.946466343977985208564088986426816205725530429943790642152590052621607139508905112173817795245172927068821985941348316954488497862787068745031092112246
86 -0.946532874226428729378021559104998027111275884014479166642112115403948867439024593616808340009602089443756714987876912090667357640070823061266993562306
87 -0.946597130639670499508666206397905351202779356829527083386184766542225254819675906922055967941936020434728191779833109237670924775084557449734801555652
88 -0.94665921559080613286157502651432352852146764783340309869925917284038637629087316845767772608812745104419444140671488488378584946195429402311800003308
89 -0.94671922576000562080704051602154343430013230475553947674025489572568773197691019845361426322219066582112159694324631487888371923146665161700111689248
90 -0.946777252509954438075761997146940907992028304761836775573370987072876651435796212368966738556851373148365785956030142123259739399587742864918254327253
91 -0.946833382232743011116017801909496888351172719557900003469342386314331243652961107616916573297960522914379667364284326656751140323050209027006396061001
92 -0.946887696670657603381540312578769625832153680462382082791228095009973326391715285136741978307758096161740527939570270946471589153302049504300578997772
93 -0.946940273213091255554655993502581541816230654504435583726685963635268261063485034287873703633421410245703965611433608754720687906267191943919420090903
94 -0.94699118517158361353073354327887006343632796097278841944350631907373958055077723070321526589673810531020235218553224385888701808755289366608103784377
95 -0.947040502034810472265159133412486017562377605036691329077465794720073349194497254768770100258652690807753529604749332872317962046321796926264428210888
96 -0.947088289705175194848994272023569368676069628176899675092787325172887873325708660791318483384961831739165406174024934863413897834516956426011832482153
97 -0.947134610718502669601573144688095605623628022376977681988533704342700774123957157782490114947779081943622505129841516220245941532768163127641910216643
98 -0.947179524448200241043424906020276460742548856816317203209994503051790536549492485161543654184410797270369226928079892229359671654023183726248217258845
99 -0.947223087295127418337249912548332617840307463294154139162672760695312291669487069677067864484540385280395200630637131935671292584291100339781871465874
100 -0.947265352864305650492864570822365828094187520633912926865404231141140898916458107459404760470436830389343370340770774979614022640613503397203825745218
