4 1.0844971549951835245994841167548212880287452791694448499332126465336273790868867535550692848534487044711201889826418
5 1.29009426508919501815991329592197707390818745222213789024535574982662152504523020742974394650350588164141703493849562
6 -0.252122098760886580658585113182263277447539356978373302458952594202893161994733558109569909639878452764298686186948257
7 -0.670438718154311585374020025222480217914713811431571465810157452375136713467870049900661815695674846784487591088080887
8 0.822303596594163553058140010597753221661715137061849569488175921149070690520352125231003645520325514257986669294048578
9 0.896773677299497835753165648630583994631566351318785314773504370654807652645671577153596328275871203036349756929283435
10 0.847409083593313488006561534975969645885879180491671787270487001768076345673688899301946871945392293975481336514065501
11 -0.673667490785877268798816720026997513243813726807597961572748007851920187139556436302820941630785483619839839326538978
12 -0.27298948822341262413026570947761987182751199885403982788057792785427095962910948059874742269540658434716190883694469
13 1.19366427641897448093900962033869825735841226820059615749356650665887896370993295910849971924633528443569763924179213
14 0.16824480078182926657009105444498901812883714090182337481457077898766813232184579491717070885756107322312019373759556
15 0.433174492888400827810552986152659561383692862380662242176888392656913125856551997630733292331981185541059698093341687
16 0.752275952919852888006180491213186250995507738514559592469352988821064701755164891983199984919085940149309469551926582
17 0.716132302955829445435608119531332904597444254655074518645697186650027597163922358508319344177836018744932000306335848
18 0.443455738130694931839956080193370206015404218069242398640306241192818048689479946027167221871816186300479117386524783
19 0.101197180421758056602336317884567648568640732692024854355562316853924784267940832745750908211391912324654906952998538
20 -0.213662782614017934513079791309887990536610690884903491761540277180072651368729367396744748893145005403222251825588929
21 -0.463976743361265091042149107509486508836307434177741970513697615451830154980582994221033973513195237118631937646058949
22 -0.645028148553658495769972717477680649355483426820420840814593559234040862546734140554405081380165417599879684367558723
23 -0.765648877916448515921301405117841090188537664246220051805149365172300414506514476831131348311570926244741919729915605
24 -0.838406066045070136025495740631127369538926820204846286643702228067689595500032407912429198758897301787607676962849407
25 -0.875332773782146224209847769330258131510107628659423582404670113221438789190551589053773005898546655394025486468057944
26 -0.886461747368485186046881184455325546126291519996253910965452534765917186602383965050292405794645760442401094001105375
27 -0.879606716751817332677339414007780118356225707943397773672186443540289991993637554997303341274009609956111288034242568
28 -0.860619241984727891987650364702608691617510970320535359580441742167876543121989899135038892439605836763041455233329704
29 -0.833772560454583607201587538061109361406809286257002208918840719035382102489533266710971991615487283080001170431144207
30 -0.80213133019252556087176934218873833678617592340528449656584858439068711884686744093237141003042468383820857756221641
31 -0.767860755381907960950963199091115276631704876620910998336043554457555583025383331024882156911368153851581988536557148
32 -0.732468388327324839687505355805390355340833603315562565633804855474083513217798394910517974347240653491044841457688308
33 -0.696986546491316378997359521174322790199624104561748086912385378533181087189545273333276496598484231618378003201921984
34 -0.66210704906854759833348555960129939685029426582639355571517574659298346582914115451380263922585244361095601730384741
35 -0.62827946433170213545193448400316932768763730251666604870947339215218353542476594091062992957486430337138652549039966
36 -0.595782176119458540955486175669026750231269322032164002049640221453446957977852532860043671170384309400460920267633699
37 -0.564773522245959684936532211608538183956235820125635937440418791255297588109890965006823126888464355975953470131772211
38 -0.535328459844174025936682639500896316531496281946550893260735399044555162776242977797424696039281541290978667617608622
39 -0.507464777790783975702511620026276938140939541856466711322245008797454830689128859219678751417943512428262931305406271
40 -0.481161783605543390650141463606568701722156694186140958101061972437881040562314039984002327348748035897757099287431676
41 -0.456373581715647794116496179782480814196548527347606529738496812315486981806998185433913929483066842860448862674579183
42 -0.433038468058246505914247083713320217280964578594808696540155461331224940807144484573988276133978037384399488492010526
43 -0.411085537610807183936821627329625615249006884831367369251808590111497952466336989113740675448315484213667433815346131
44 -0.390439292976484586338963473316711420890738083735194446619483376176526259379402195379753635794686042588448534437409893
45 -0.371022820594267958027298381258897887753408450175311282080869427189855627674757618238270229737961965732858837856972533
46 -0.352759942137448519381541886699075900430690456853836003740134058360556712402077682281312493965473424369004491722395653
47 -0.335576634517240256574626392793871888006762205630107706429129097233139592704036235383239099948578340241484457157329758
48 -0.319401929885031500815714236228144885616830278721608418166930211297228135836951790664402786202493429723456698090139039
49 -0.3041684480044258590350788621208044518139825773143882224291583131527541585817824785116084190781159544364190853555494
50 -0.289812670825241812470518762483968351175609749866267549557433096316461693729380073969638103965215457416312333325758143
51 -0.276275038382609297941766636414447022625857517035514053547822768203160152329526277862874640043812282683850794045428981
52 -0.263499922941377230127832315227356757357976806352889359045082634926054262300462628632901620724593613903269018117710386
53 -0.251435522232005289061101605053265060768474748976312154757677766615358308402503579555167555538501152510748631577072035
54 -0.240033700975660070118193088748717936654737854745937404060535633172762219079185608833311288691267225557042698202008353
55 -0.229249801450285551022665682131893158563715587849658544152535811565597884127638772303143812139153818316747458222166592
56 -0.219042437725611200606386670950907644492051928594406106057999347266783508998451616740076238044842976537462397371586471
57 -0.209373283758147030510415006713178415448595571305204241498124940470775314108401875470077438137545780195157888044196293
58 -0.200206862327658494657916358037415674104852245895969746521550485030905879176122968609580996054778173733973863539811149
59 -0.191510339481176225084127601287031494225000682957924675312198181821438976855286547995757219604715685469667689140269829
60 -0.183253327487057340888930374118281243583032252225678954029872168292968089248187148723600833998430266380542480935005373
61 -0.175407698113534661884748469720828391317014623486337317498718931337961658765128526696111369506859444909813172832492601
62 -0.167947407204789232468029701824560513046935810781239528421815427876519824896954589714805568973334910666044205168554381
63 -0.160848330938710863861807895368441236097848367544590611631788367092259587413877441211845968539318531644682166175985948
64 -0.154088113745244450486791901120111908457198776323648144334429533168157399132268384787819701864733042039329344278389736
65 -0.147646027592045234694241852243637846009803281327467276319745535596984407201267558134198003591768680390114079089533389
66 -0.141502842168046907728199258673658260375395775634845723526945006111527069570283462365882022815787864629825858317352902
67 -0.135640705388323928074176177584064530234423476791177737226600067263882343608105646265895146895531624516055098549989842
68 -0.130043033585400022648929784422544485037421573795141054954418780898415540917732843222621441873272497245013629608105687
69 -0.124694410728350387363564680764821516415309677221990555445234611086463469156603222470971819572004063754920826216379066
70 -0.119580496011025839472988880089067958638363046560638265255648681990745191749131651582317852652568192115519152006075449
71 -0.11468793916674764488274912116582542103094392160989802537035459535456879455004186811209704855685920798583454630192319
72 -0.110004302893269575853315958128959939648099172471365805810583770301626051333466437766849706532738169293621571161316831
73 -0.10551799180463824449132983581019866648628727104001593089439688683800183647592575451984410326113138811864394838435085
74 -0.101218187362920248216111535288308127150552467334708224726830265344044040737894589522708843177886775856622923660677127
75 -0.0970947882805719768758753287506884409173334649028185178207584960755693984879971002022498319329025437608586032335700573
76 -0.0931383559220955088607189535761097304887343190083016788401336814090377995912229928412630276435835224101225141245961184
77 -0.0893400642705979788210064475808814616681628619052720506957938120036833321786344066987422612141341672513100767585217367
78 -0.0856916540603295830042057876925207584104607212944201087160539821795491391822224778941656288769084379041301965224093125
79 -0.0821853907098337867414131888954657426128483805533825372872539084316720612682659508363533516442511142380164350203005107
80 -0.0788140257217904351096431233690660795738239249900371309354545146324694214679045226018330502275673172229569091417508266
81 -0.0755707612448776306398359196718983367713910564532095713504749357315720502922030506576677672616316314810182925085088706
82 -0.0724492175200149682881713820161823333523106978402696024706119280525155379179550062306446120319518000868608296441815845
83 -0.0694434029582297305544716381382028752191819670379224338848500421378182706682575006821806041552698583965205023905294386
84 -0.0665476866201971139415919910174002156834351974041127420525466073757343956597579713786912683424875334077937781215817949
85 -0.0637567728883567982798432232356357462190979614692555243257538048963692065983383309647585874864163029390522081646213322
86 -0.0610656781415253815660344418481449498318647613294929172178929834239898624491637291025837955901000756713073855699611522
87 -0.0584697092592371880954912082666288811328774138243856201876600856530818370128185003863319045787532746852520344040854419
88 -0.0559644437987850509441070822805446065126212305779061812573409135495027173395736435510955725381472587575549308736129412
89 -0.0535457117022252836177802178900981455136366950301548174039986149132757111202349727023135071538554434399670972460141149
90 -0.0512095784035794130179939458986073906582517968128382703152031886658192605896163999464142053821764917764592148458985208
91 -0.0489523292182249740553327248411174778263976490692493214639629371313624062700382907683555495359382993967394860705185661
92 -0.0467704549071270096232871625929448689162609738637655393155550249637595224505429624330761741808564823697115131147510778
93 -0.0446606383182213927222957861475606173991462969084125032641259892418054749725139531225128265260490091075808814133916129
94 -0.0426197420160134356040754317674692994330078202033261311790318956858096766134024306548966025237433378531161645155986766
95 -0.0406447968183856204427034837894557715978145074422823065851938199942560969107773264704611652793396026048189875845280556
96 -0.0387329911667945335875451757960255940574578749854505654758336656272863289315987141570624626684026566343140827432453244
97 -0.0368816612625501715625328838897834305786773646528886157194051306100024059905048942587500634840180477684240028475013794
98 -0.0350882819077752193922713476968594113434392645201035426699713534542461981487878971172651529240831416654078948181991416
99 -0.0333504579949961997280985544741907609637214431416696701261125501116585365113708609772065637364227698695490400403662792
100 -0.0316659165941755523054105413327440169794097452297729590486546586903559485958765215688307164794016457138946922528720064
