4 -0.44819811991104455654080884212741306986828263971495055842585170389569031028648538203691009500064845543546912122364254
5 -0.61348597404523875381729367878719632787006759577840281526290850089638559129179538977566695360604179931006899694132916
6 -0.41064176806736727639806731669360206148738585998756813789267461122250629692896511640020044975724254078306779813320902
7 -0.22627973890024109562652253431850688509604942732509152317655455436971546435503008909978199278558256765417952991016446
8 -0.19985253120539414489371421458223838954037639701542302435602575031994788427218129314099114125889736255735288819714044
9 -0.3740970663769239045280446373272937207822223592007476500148626961470358607398362758208008409188780536373253644995205
10 0.38345151832526755454412710670854156192667869200447797701405097225267529482255970488012494051212278846340466070524596
11 1.0886880082813811869905738477723526571634284676598716370126933192984614288124103685259190670350784589341021719293217
12 -0.079491957803990171403445790052842690048486417375345150607704455131280357501105143739895780999939872685045600661271973
13 -1.0402503462031431179161439333463303309755781581587993136260167911877899901989677987826546942583031003947395742271007
14 0.48471457015762517426740865124891657866811156385972973361462949219057826668845488921128921584267985735852538566882
15 0.24016413584854750294595627542108064560339477037954595144217338234800777058820684388624836373435115653177577926539344
16 0.027042192982433428593048154934714391429529100727258701567204522075675427804879550999017157418406106048126859452807121
17 0.17989713443688239534710746289792886913224088847055226180393259901223712882585851767393763902703316651613762396696003
18 0.48226843468882605090718785269207871114477842355082035591997248809599802015194551466696489512598994521954682406694396
19 0.75789718288758146028703606441864806097927275351058934037377702555824418676880625111371228446384686609904496615992564
20 0.94068448840736932966653004783182130649221891195181854399955661568029339889593637899569317657124077815426596724600357
21 1.0276568519015232985442531281889597187889466443728566738417147176091759829858031336456229697188523607376243091805539
22 1.039009127444877891860652038163162969662260692264247971453885503858142724386702462587737720067966032794297064100997
23 0.99838909169429386880863208889463601243415807309346947081563585906100029293947982145524080032099979767951149636781678
24 0.9256907892142750055775868310446061528112737815887252204409182333635944624202933538517557951214578743761078984560888
25 0.83555413697163650568107593378191247848097059714721350143818197523838204913999281877726313280289841588383813370476112
26 0.73795658615972981477276525450956373260138083154052046549617158941261768997823726089807958779948506723545102699671171
27 0.63932063014603242116931398782177912679471482606716595639117828710946507605935268684734033350677560855136976185103852
28 0.54355563976591150099201404615713140924068237818928341725529944114422351015464182217186509909886212436083781411666778
29 0.45287481505034814110323634504093388591909687373502979527687433839598135079890734811470742487727088221714646183409191
30 0.36838507759484645672846676149147783451585353615773804289675753029802647639608258840292019159632466000391845539011831
31 0.29049394690221704354536835849195701519281784497324156081300164645051557975596132727778409193195115840980619207114463
32 0.21918210114389004439171109283292020069148078463953796523282148819506631370711207183558995857900571106679200724794179
33 0.15418207290092834759253100251452806459385821205410860035633757648576219280213266308778968264461308186784615913923923
34 0.095093215804407825681422302810357956819194805777366945381070230426573230790775505340211064215990242449142524404065396
35 0.041454209390953598060034977201170146876376951357356206943669714650545152456582061202764420410051527355130783616895959
36 -0.0072123406827385668216545600859441941626662873003231130578531675383941032522996693705513080638586692901942158945529945
37 -0.051373426533588066869519904956518153616373949897047306105190634729261437568553784046030526789982661213197365419324907
38 -0.091470794214975189528392832248970096304406903010555216477046777870605210406645357035702400246260760045931188453516563
39 -0.12791346070805551405841607495138384388066662395435604915706025981153051543602737134406591734854448295820066876537621
40 -0.16107480153104281682287005164623784204859600367750033708719133963892177700162503299804393904374935833950976925145386
41 -0.19129239928783091407377994432272294361075214255348283207408494740369324489546984850083638009960923563189460736836474
42 -0.21886948909792909665259840502225198662763471009733031442627665013067305063651894339144159064479336946691933172965767
43 -0.2440772601519762073929026761437980587093355831252976676873057300769555021804391386686359030348877662013058871177751
44 -0.26715754904852671370662404243049184744596361970441730784699423785214911845433644093363759091915234200049908098067242
45 -0.28832564021433772251577432577368365185333757314821406926429606823134137215723265603781086745554805189957963249605464
46 -0.30777300475092515657228264671626867800637930504126561939308121764171270302265522603769179459043289657512906217490471
47 -0.32566988336465835017471732544689866689209679036284265375598232456076448928593657105375584285994429856325774925150201
48 -0.34216766604488834106898041677654068394429527264059060444411498672585985903110628617177005950490015293509532822242726
49 -0.35740105034978023661008328695108815290117507523882244198427202579826102728462099515131001662445001458843933970626395
50 -0.3714899777920249750147116247583566497167999538013026001363830148376675626822636962241098909758208645254537207441814
51 -0.38454135799616878024581173658884496147456809217268729374804557940852864546239242900552274630715075410469198345847552
52 -0.39665059572468139122460838103607415517008438951230128846371391251299485134771286030431567327104963724311100296355537
53 -0.40790293830897188982449916294512398715346263023216499603238235680351733728480954990945143338197411182202794504763207
54 -0.41837466162792491005029062350293057532593323580936806243444474049555663387047752734101265093099923790726748502307148
55 -0.42813411229840229292725947801973529541625995660487836560918078967701071640221501704811323840868783728512330329727226
56 -0.43724262266054851560205060757965949093839695369542892565275269584118842440756277524571796237654377471958154153698432
57 -0.44575531376083246727201807513251779739831644191087136605633756334079032712617003698339165291816384811231034029099844
58 -0.45372180004741138541751245447654248916714445736098499276299671383328494919497666614924057858032418480415522685607972
59 -0.46118680801022598646206600777715263699302451858375889833444984370661264152335915372250156438639670347424377627692684
60 -0.46819071958811995889091043695464631178066179310866761116190751956488232021846073712950432402679148352061041409573239
61 -0.47477004986192575688234713740472908994472087677351464017933137755655105841595912858628914024359961082506469167752271
62 -0.48095786737094454704589702067985135527013229039689882047355976220648485721670376098716545818328992703959445363671828
63 -0.48678416433359504400351246632380647791500357563367179674835307418368380291064137996214316475167854368382875794596518
64 -0.49227618311713066930587410229241812608155863386739206202874155541785202977813640574142762347861656032577045614645942
65 -0.49745870447822557177163761550184309021752513700106989788841512693888161073202861813666271760887774230985663328007407
66 -0.50235430237601576629668448778004222249532258846146924972557058942251607803444182459033612473679456379729379576435376
67 -0.50698356953133200769721404626326331386581979459467301025272441067250697234634632442508716101382945743212260891319478
68 -0.51136531735998802190215364635857007149844789977070607270205123035865137083169199658019770467403852870396453095662003
69 -0.51551675343426923515008670053645020288164233404454157910983362198944957484955485653056273537699541326196721550538364
70 -0.51945363921617138898232801187064704968281217704525130904709936025421030330972706959877309417019902232697182341160546
71 -0.52319043045031654932280712794612358025746556143509803798978494896746045770931867611854947286472705209004915410405302
72 -0.52674040229657183541196904021393916443837057949020417732038084250036009601783756759920353311760366811490278461731172
73 -0.53011576101581855274322686227586602609715415778226147925073511933706748681588182672947726200084511856794348664521845
74 -0.5333277437914687292402183108928421524280873324165307284864212884202732523868091962436909275309481956885645216392377
75 -0.53638670806932883891697389784685062228738420286371111117132841327304291282855695463810517092588750301424605521046261
76 -0.53930221162504041987119635699581945515353632776539464849608219803961325842542411825192126701155385374132111207651241
77 -0.54208308441792989592108951213819885353376464822775552977111272664211604589856857216021970993303340578168835333385049
78 -0.54473749315952189217953113688347433925869333110857884149574685905721014796638024712959668849184356809089342479072708
79 -0.54727299941149485736566153538369608142155226239222277148622096400455311682753496717706070880695852143346854651832471
80 -0.54969661192914639203624835789646860285283277219806576107836221912940575833986963391411246181612766911689953499453203
81 -0.55201483388047670555357449272508328960681544372183689508577212676636985950932455701284995055911986281722707407044398
82 -0.55423370549606208681581151406348664506094999332265005398364828379558264248166112765017709264557834161035951630433942
83 -0.55635884263948838311004768548328908773451567987219381335151901771650363766707844387796844443656626980248056558849804
84 -0.55839547173096747601629413489789938598645016404987102227692055005092793325802465338491070543778456345233219182322447
85 -0.56034846140676637939981341865213313774953484524575339520112440802174051848640173764804379662810497254036049258277785
86 -0.56222235125329073259090939205675526415564038739539632364557444452097631154048862068998568534814803977189030308831358
87 -0.56402137791626528780507782107242452118018900720565786592100051653699132303524413107632569625738709096128931813503601
88 -0.56574949885173924823054117408821373412151659883049626609638174897441299323212173234569296235197176727002417191911365
89 -0.56741041395600632113446132768698812197930106221814012339314584420548783070561197495094581924154365680590026036789645
90 -0.56900758528544328249725956139683367379195354933230476353021800642606105003228425641532914897445875512281955887815522
91 -0.57054425505428300617268484981902823368706947644871287589011249705720664234306597670375754724449389232981821873499806
92 -0.57202346207805568775186704452884278876943007480976392405946830409425570046674192073417016581215656395263873930761892
93 -0.57344805681251530553858588281427723483287398621279750839339911758014217084310637977351922059201372090703874598619235
94 -0.57482071512202230253748873822172618677034217733803080258684678523872015036676633020047256154351343876171601926929381
95 -0.57614395089732203862565157859856532572806373282244846866580971899869381734836743818538846294092999073007130633350077
96 -0.57742012763021926957302746596190894517104381340643369032944770042079688828208668993506256712848966139160902423787664
97 -0.57865146904160819591047342355465314472823549372515315038448476687355024054330347283241742503594175404106687345464506
98 -0.57984006884950689622564117432549765879865765549508773295491589684393195333843458637751750039494568135953911576889501
99 -0.58098789975501720516698421232717481112254962578163865254053017131632749073202877333730410968692147544247528458625363
100 -0.58209682171635797917060931954489534530864886926161242404785732572370530099977424759996262147387694956103851035250047
