4 -1.3695152206086194986613742215147382322445185722377546209219958434800966327766102325854941878686836109478638197360966842261174532372518899383110597016
5 -0.89667321592884046314474282770316452899303456271533011021731660518713482963738262939213378851799369728371903706404156477011972462190045941931926940475
6 -0.75636629628265974197575533954678983234261807093511990737685778260867948598420067432870972891963535829289605856084477053114711393865957818509326525474
7 -0.68957075106225227652709372826574494684400935178234097645572711922031312382599575176526176498813132956771138687337121926600419402556546627855556269571
8 -0.64915129262847126880249667383913680270147421886915738385916184785013183989505740829670761115481683646846305365460531970975676529113179511370032812854
9 -0.62144205209525259623501560708120825456672158960315014000012017115328343962288328158810664616091752376628158658737824801968220278655708895208742500492
10 -0.60110407533048091971085969907906255754216385859953468285095480608632429838176712007205814621703550310836156508030165982021695792380721951206952602047
11 -0.58555212406650758511883191670510311145039552653944408826853711018652891547977942693365435842251996305113079323496646331589829025282320324805718118188
12 -0.57333019457221278708182414126857805509083092147825054291133076526526188783924389804634203866613176775204611749005980049694926623611866242921485682584
13 -0.56353054507829930195531703211534729389912084093084290723748067857802188700392875400347354239006045529188510688533516112635180589995141078042212904702
14 -0.55554775063738097335101691487428221092753821100051032387319000295368377059037859731565741955476291880258258052674728132565971518966271605282815370796
15 -0.54895906713192965458919049425356671924175015830438186950225431691421159562533656677357312355916956246381021336159688902275289022168644179257930059927
16 -0.54345949779385233142370306702531154119209873629482300968774616408894798602108261229301578521464394039281465272366606604783787125840444791680130418704
17 -0.53882350987046762929528563553478372103336472962144219325362152491417817676380768996151533642867926687846184219782898659898032118662259550788360081929
18 -0.53488104118501886414835411414965684835300195860251750584894845120818406281133479986844166763591899853680531736298542939789953583608372680677854836446
19 -0.53150176677432202180273930516081236221116778506435987865398315448692130691515583762517336762432480616678444790852388785763599158172049610001955624143
20 -0.52858442313684164640428575562017114869933654538473470259340254956765934499972798936094968735953184653326154374081227612647066781039228534307498046925
21 -0.52604936859148700887967074846789271055397597027763700781710124928148592400948763357209384504774873072288340731005073936799409404676104795261558165805
22 -0.5238332860927778291651770304778977396868248568058299966669922141060619736957918815039793890166494408287939017068613971740961673840151305915528865237
23 -0.52188534333455501150595230565340453559966797448285947561645885927670305829774286594757093615972987303999047446162631867024319925586101899831885786967
24 -0.52016436618749067956377775842038340435317989706736957503602809660805454225225576055855040576819762696285956125856634023187625155788303669412788874016
25 -0.51863672989672363533592383081388969379415632568279205174497517206493813830257100009427395977452874433946292301058936975007132020272779936823773817153
26 -0.5172747668056057358201822032569132410002295245905237528762524902506217871216827988109398756830222944453291041418562923613452345958218208889009518425
27 -0.51605555099391012030733758139725105706436101244200912574176465203875332838680285766774373391105339024800658951073163874480139049435174530658118812162
28 -0.51495996138556062485309894293834646003487111671581449937463403702316860877213515614878559764149872666156108029294939232021949621096752198737607999982
29 -0.51397195291211021978206583453062139818917460103409315476942381941210067569824239064490309466778716709559388968830987512485501258149774378811961696938
30 -0.51307798472281777572987071316050287550767238178146214694530624650049202886103823776043368348246579888052301489609571416436352471215555095533606855964
31 -0.51226656806163582558786011856075990587310700171899307923458524667323552878692481426596754392667309558206230760319659291592750305497163520732381912643
32 -0.51152790612958698710934515718032286985907422266693567407575607978593571870602234619852827742900157557295080969420467869946365431127114614572241528815
33 -0.51085360523334349173208781673025201904600205152364825608346850715094448185974635485131061862535569897096033934004168943283627529042704430251859719162
34 -0.51023644160212537022084468326264402270390260773254937213892555074405640969129468690471046689308104742208149184261745702312770927904702223198329888973
35 -0.5096701719896688616678737470921426605560696041876490333993583681157435638825678141601321354645413620133566969751441720345525732328790978332734323643
36 -0.50914937894822776263442137054579446141583930121280452396421552090244471396780921661196664798694081956875216993851278700897896824844504325676916387983
37 -0.50866934373411360158880715130114350704849817709384091121896836601644674483219119293096580915122763670574133522830411903728138658508150518377196877717
38 -0.50822594136738804990735554775565221990615205226568378388198402649161450336257556935063436780610587780331875085766153155186298904301815211847570224325
39 -0.50781555355617723527486033958127019600606289059932714651198965485125304539719552657671423848365554461295245086788661131602051150672868600730189128517
40 -0.50743499610524876459252764736473513890392759108653657375838616704109485319045733847991536272076724624752402901815276168438394196590907687098697977756
41 -0.5070814581290904834966969421622387666667912688552358290422193122490108868608733989453788595628479499258373722437630782388495106038133712069420087763
42 -0.50675245093308546614547156210296309104781906894735094055313456257196440393598559306022362047599682987855838423918576346493313464186681604158326531095
43 -0.50644576485036566041860335571948970292032025111530762421187907638127825248080129652216320075113751738675338128025589864121052065441912448009952751386
44 -0.50615943265470205826875615979318127461352475828940047951973385621572156784740457104622153647593900114329785407020541412727782383383116031988927361212
45 -0.50589169843242927741447019010976930071450480475179711986547197371349236941291438070629815698417246267082933614763198498680050745232651192754707625308
46 -0.50564099100479124528635972243590185858840481438105865500520214633180821198184353675004301171923091598608963453500537528783154976222367932554956089882
47 -0.5054059011582794721060855384059408679208964212988942600130212412025313187042850374298964658424824306967478877156068130882905979320155083899835749682
48 -0.50518516207370893046580785664506990150393664935958961142842453498967107621880927354961196608327300207609350372011080281310933756420073308447181735986
49 -0.50497763245199429577286965426622175236899425085410001522841079405224685221831409727075552143436643443676444423106812050918128314162625135211523979655
50 -0.50478228192129653687618955363453582029527859081116117163715722526205054493639949220908621018597759266700481284208015127226186972321015802227326347885
51 -0.50459817838063161011889105446748841310334716472091301225487747759839700434543466495111599567850198602202743538705487255055050664504346466506811077341
52 -0.50442447699246432770184866582141325753728454815171959392697039999058391403798255432029157890743970363549785678513987987394295292812279634372584611685
53 -0.50426041058383372019865538533396074511667000847108771936497559605333519061712585318708171259323650508214229931772220591167333388432656640196719073262
54 -0.50410528125420483069774825471678378518085254912169634461039380087130408327750044715842380592919995754598044187271155949746177547415183938935221719608
55 -0.50395845302012433982414642030041647702298329245164438587742670160461537136035147048326399358245460830355387059537331548542978000198566757274217155571
56 -0.50381934535315162938244290347240747851928931965464965062333927766993208903364583395588659690893435302745306109255276061077621029329523518481929595574
57 -0.50368742748946240543527362652927826354978433905326841646322489844348874810405825852772414136259457567834672750813443330146630750915085574279611512817
58 -0.5035622134077955742606390923496606801151014770783999521548257370498634092806375154993671299024821684091679183307046700416170533352619661992914156242
59 -0.50344325738769256142998465789711572421011234338999298815863226743761182160353927376953124787365221869667724728106145399567988350271475899111197863083
60 -0.50333015007279196580641699328575761600076821877136453073087323742782536931712531971469457841473033243601684435064562489572916681627893017326733046704
61 -0.50322251497472100761533659585338793061712470239676554731677422219357323110801270176238379696103026955319514553519908444285117193442066059806339037957
62 -0.50312000536221803155004576916217138534008347898260524525098532151296459590842444233008158268348790547861690221786940670979378810796523405528446328581
63 -0.50302230148781241775005581173517843176893672920465235756600706374251918079167573017490685064823183669053174953098362286526683374486165795985752932356
64 -0.50292910811091298942319256766003167247347416718405000951366699435926675633189842063636805114501669277410283083266966379315485094273791419126277449886
65 -0.50284015228170502998590291735913327836508549424185890007870432649985270939331338989976795480712914248355104318514536385063586400373858049529414387616
66 -0.50275518135498721483052465686983883019080724337028789149962320868953869522817926113898413112527028007808528475646497627579652011857151572804311776052
67 -0.50267396120712358052738258389706700034434991285075942205187569632268488104332404283568645742736461530703226473851682241113793072502813093298214959651
68 -0.50259627463275021106733646703778798346862120512191078502646037943682476508274264137820727138066359570898478709938508154071461128831420163736249772517
69 -0.50252191990085146811525748792180455532868337168553488692348763247671803774261479561318453321575134359848397769740536944671117552306326407152232894838
70 -0.50245070945238121029979111021911822549990659536557736255290424335130126356448644364808719983806967860141487122911871668738631624516503604369964671251
71 -0.50238246872381310586797941983184080314995017211185762330746444111546095106050950690179608482989733731961633417379846548725702761795395131006761555849
72 -0.50231703508291326425137616245053908294212043914908752501594160559344884633126732519137453987498688350778046646186377160694273692268222173421455133927
73 -0.50225425686468202356889844248607327007947155454464155309783883555968129404710773569199672485766544574533635097514359653622145490566882576576660895026
74 -0.50219399249684690338806498258275248364367374046640309967717578181770045474112755303643940857433181199022589628187025077964784098163552791812945858647
75 -0.5021361097055367521577625356157988461782859227559304270444045885136395967810538839151095667039126346366790106530011894038322165849961643919545238597
76 -0.50208048479285445380262325543472834957937605605029940460759629330175262561194435398456657599487837941679728823775289968923112531159919914693205867812
77 -0.50202700197901464865489999615363965306847605048213517283372137098682592249693196986491263531409196603090112624210146822421154698906960182443143123681
78 -0.50197555280254283880219653902972417212844284382687985699228089427796780656562257835110349256931968810602496593607494651513948093136337668331426251578
79 -0.50192603557275922514779068734916796704604637635781490760098795669251083122068980256504581870717582971584470965785555296713809280967653607308209487431
80 -0.50187835486940851970843030730454572980811534951932981351409364629771202199948217796213214922607473252505234518495203223738852246076835184365156446992
81 -0.5018324210848576405731153137196520081606047070921599382242728137156752011334045712915375764593587971859176501473373270332702042669040384670438641888
82 -0.50178815000477678028993063274041269837032641918978366344971544938696163736810549726324198948588185118399198123511103089394594803755954253465340759873
83 -0.50174546242365455601508939532650149540768004990820026187156197152612787371775480890401679760821365758835003690249938222713874561233611221244398621363
84 -0.50170428379188229689852721666831217238283537549196973496107651026381006702634472646368575252569372263157268285941242125657170004858009316415516796789
85 -0.5016645438914824593498264456123943050462972365952465772566503041939495279242085198348429561871507029184220246906959481553276074980138448319534430866
86 -0.50162617653785725906326576469935353478814645116184156525133887461791743170913078729092685200881430295955759435659780751184395986037185634988442418636
87 -0.50158911930520069090643657083773386120559780763476278146958417844471784769505926869841421531762419983380590718561634217509137026916268118732447925356
88 -0.50155331327345434997810472277046884658582980948226093382011688427379368090747589245521512344875854017882326629575095383793871849885002659741144122493
89 -0.50151870279489849271652456708513569694286654562079878394710939184532149568110329586461007550035780583092306511126776132067950714353463706032528369927
90 -0.50148523527865773498117797656564325873128519705459785129291144433060020250242451789588589375932389016162084939593370489998870092587063784493431242554
91 -0.50145286099156841580063346573580832354590906937200559161677119662574279531845004537936008541754033713737389112243237367041361475073069018821437663598
92 -0.50142153287400435096677540588165010712425988090859610271911055229663982124714707325480032361760021006806830823642477523800716124784454901449400923884
93 -0.50139120636939154678674274880077096140020442964767324658506303714262090169252038176087374104551428491526631843240121648990745372821101445186820545167
94 -0.50136183926626226610319098964092816822335132973554216146685729027366798176947958056697685340523501927779477596264924118195618719676434409681573644876
95 -0.50133339155180623449379531464209870512901242850238700674759727326656154337939890380116331096327899685976537683408840198840731336315685369280313312934
96 -0.50130582527597314617118387474363066081280086585599696957346806301032707008179196031867705397637742523725783635015319042771176339831699232598787972492
97 -0.50127910442526720770127378583233853913453802508798996158105601055883792091340861570518344987517745212415457999946161850787235662274210773054581998274
98 -0.50125319480545232604305741688720374238174160871664554564995813717376093825672553931643199527034932260438832063771652074550648093018174064546868135712
99 -0.50122806393245665917761554845480094354045732195603840280047628795715660279833423843469385084192013034207062313065717197701942874737008148446436131048
100 -0.50120368093082844364627733497435941555297944965140752775307450802573756075750818412595082053210595718919339045696564194111931548567033703333483935318
