4 -0.32474491514213019395965021445363988197294200774049653489126231221240837636498082849387994144099510503728626197442
5 0.38833277443997264846608798880179447865720961114225656097620348127928791063201639636997116526621439953879701078892
6 0.91979235644571479583362487587794857783184811725810621807616787558814979474783348995025926452604859584250829674858
7 -0.39570881970357080571909790227102753161094750769064893517960301481017105022096795540177081871124040777987526205228
8 0.50524079677490594253521820669707958786593732740118358593731088396967252688744355179669164089629217270185581841158
9 -0.39779501505198596395194224057452263053703327140658692080441633581790309526621908698218767725434817305876454969987
10 0.29873748869836055321314624296339347353381873234699114461598329207081221517254481355127796851725416401526755951463
11 0.30909413784170713548921588028604264075357903668273611452589521177608504291679864020557393923731505203605786326856
12 0.0097482907774338762418532077906527012445316455995594753271851683577250253208203966251004195812154585522902972518291
13 -0.42360388038608495997757727836837550078111473911000032188254341490344755079269079901219003923321811544389976560267
14 -1.0514051073759535795642663134499612519392261723890659058173062799053708577513717168867064393921685122451682067336
15 0.74812410902185392529716289439068739826232305185405696328553958226383250390558167000937206634502636893323070284955
16 1.1812952857581941689506607392548249630042737140939301115543529519190332543210418568255741791650205771446856778799
17 0.9416070817417044340970038509068248570281399555467241456935229122313330223609575052238559947294492898958394478108
18 0.69481863973619471421980820387949396535599283174315974611983527799341437031171012602124093095949256871446980541816
19 0.59955991605527497320665816282523351035230474406266237393927549953754840249186048312334026081026903357778338210409
20 0.61675366692316688123366753463875058709591578545885952879063327786157599278561029227979793364774989760729338583596
21 0.68181247816055063206640774521176184561516628801468358380929614366871260308529373708997604901233366924823744487581
22 0.7514318493848346213890977166692471070746493250372857023914753146946575805144830418039963066361795473292312100822
23 0.8048189189278098507257356916920638960129854136275429734470047120924599562974394904021067037565944823994527058676
24 0.83549666916012043581272968732785348534216981860958647834592443407035128640331426757071975569895267183064452197962
25 0.84424896050555127882820101160945879376895924654872282537786420476021829228986768654321535177311674658138596613809
26 0.8347913755169457432828506796761259162339741500539158680042720912967185926890299272801415498368273667531022782045
27 0.81151769013774316621967743334225287865984095485351892153526474598259493645307489837204064603946241456549238077564
28 0.77848632451173725913169357006117135637195251075349795401725288452983874384649651258358811895146962912899772092833
29 0.73906054353981237081593391235211699616081006283367058055057125733311376305428403441839791142485071345860639800534
30 0.69585953389296490241286388415931555387761037386651138156077303995231744784331809925977729650021702610752280304844
31 0.65083847967028849464213302411943245639022845782989907639983933716436640919203120582595575110687641462572130904769
32 0.60540831389107714170722756288756566137112932241277068623622297581461238777188469083556790533263007706498146893649
33 0.56055504386838287579032558923072490299042815948061234338730963038020316942413502266608637944518171450657467719474
34 0.51694320991360765423065766618251236410359646190793626417975077008954521784794117594023134792263071628168931719199
35 0.47499963020065235501344883779295613566143808303008861863667765546430980084747807324512957705523203808269533385131
36 0.43497854505606611118300490788091443074461653084767640842766563904219428134223508686626826258822346960713202562215
37 0.39701102357598777892851640561663591336615566368237356097534427384770411757477347566356376104358751202548063104135
38 0.36114178633468030529378195620239510037003068734465971741303739866353651369443799430915159943757541771489954696169
39 0.32735629500029224844444694228088809879607397393784674063781403092238582336355791521447711979250648606996691270377
40 0.29560047105103262428131166599677127851775688267298235011904820329378257332709080721931375034270630085606212476617
41 0.26579491098636198920317976067654251246458078339637172213783015698057045653255443288291964916126338441208151144762
42 0.23784503327835240291714390328330366801738668007999059887911242991005426303508347870101986315641083690304172797974
43 0.21164824059121770932500631137647064289160851221495062565188711416485563500465891108560639560737401155839446047734
44 0.18709890563823840252991588459239507895356677731634080475989449720039323228541826152097747554488298308071425931525
45 0.16409177890104512071321489783102261292282452194147089702601544845391520707166118718640788417781067679795054149696
46 0.14252425839258444106116772347841317850846402783104409175100685517946071322254803596321622399199705241771584621693
47 0.12229784397721532916039424076494494140600190282855318040597799238599059322821846932416259404865627692418307453956
48 0.1033190117411044686169800500317430561176987750891471219881564266126394994193623686269630952238056082027763726563
49 0.085499679841825608617077208266335230753670470450677334350315617203057457490870854718641677376043931397024480051892
50 0.068757390248048367836800169156020235988431608931142656387359276529386232772569045982755333914012348901015561416179
51 0.053015296348475190858422034670001561088199505750812029412013236675452163476954499028565865938499219465879077873361
52 0.038202021236678440766956099750373085932320107050018063798491029184807835797282117329732061200658702830041197802802
53 0.024251433101840097742122516276764787424725821289658509811853770720751492756269856732768322333865969784279765337375
54 0.011102370759529359728642075936416902958936543750582968005485737195080412230547677474612011152525177283090883337559
55 -0.0013016573918103916209939807639556360383581704102444902167958089428197567002161430460611056126082723434011552188606
56 -0.013012784781857241321373614016341621557713359184443564624177822838648020790834899225800855333139133193372336291371
57 -0.024079097365756033672686924384620928680216610401903792823353238718240421052578591548033338584023151996000571678564
58 -0.034544936223902768441537507484277893905015521528770235573885007616425832938584163191526355550926227976311323839033
59 -0.044451187333394420380196351507638528694820968175403194197392800375779563489213219250849210418748400005994945363842
60 -0.053835555671045781243395821632861211568760861407782052938330361223153764575174723155341677911303525451589602054171
61 -0.062732822142505171453317240283741878059774271415871051229991936376532974130117584749770756080597394907211996852901
62 -0.071175082761926616941063455740985969753224513432067237025495808251222625024004269002410475771937054963934346704476
63 -0.079191970142856821487199812685337420661229674882941228936719556140598666944985049268005428538005699166257325144277
64 -0.086810857784848760646366922603366042000471075110028601493170118719331172626517886081841267483851686358980767987835
65 -0.094057047911468646915728691377204793595141991206740626588749129544711184763777913151396507987228269333421587644493
66 -0.10095394377750485704020565415805438814557229647409022186281054142271938905051079983699539992342746205674457263666
67 -0.10752320744826620882564886787653916999530352101213089932030259202477858312030096230241988549904371724652394795508
68 -0.11378490408519089861414117944700332576067423548417281639716170877671894235635704631736577419467004034457647197653
69 -0.11975763376654387572387437058409339998181785275708450236152653781681686865884317453745610140828354398908852277627
70 -0.12545865184205463443669318101290285929064349184765570758493624344085200733510003917984064643298631371962609598973
71 -0.13090397877479878970829754160826502872084865998923689056599581221016510192274568841775146975271789090862677191819
72 -0.13610850036879070247283968880086789571872378036522742733223123992125696783059680348187267288314475585865123169077
73 -0.14108605922111470135459406613542559460955292025591090135028348570085083166004390901520207286792417947060494464991
74 -0.14584953817610804600685804908888231561995818898115453102251683163963513111354855907348935308723485085095813849383
75 -0.1504109364982602956069874856005094029364071496726522577091034108711925371713369761143480188443732639108579279194
76 -0.15478143942153406384900895827797703712263188025915244032335097817500886856117862950239513044944253253739955331185
77 -0.15897148167664604717296899897489835859202973463836848495844390312505168308365223149994460224535131006699375640396
78 -0.16299080554500850166170810321680213419414028433206171376090429183455323941580784120751057062227426375123217666758
79 -0.1668485139387910156801004644806287521437053788454888487976142073727812777571457651452820743866599072710838217828
80 -0.17055311896100806074222893180501186636764422912083983492770662178257495176509320209589224331344728045029869573786
81 -0.1741125863576315922340044970111461790020038695811485086675452654343811038516043621053903615704606399818734178917
82 -0.17753437623534893216847291612398521787613382376515649821859276939429869095398529412089535034522141709717876664186
83 -0.18082548038356066473420526872704165842849582838508176422322116936329317594105401763977029834635030986278997483684
84 -0.18399245650733690603302911016643604530676689352576394973155466473955605709697649345217004977285286867639807080846
85 -0.18704145964910339909194597463829971493420052622869407483355179601571611041082421896454388214165622657131877267396
86 -0.18997827105058731382075603252378286693278281032583670950212462005392993648539826610466517976251192505413036529808
87 -0.192808324682795219627437195025220893123704847883685550976067588192589995503522866565367807129525323251276619312
88 -0.19553673165030909412998327682203086722098979021473935540015984393472596479063392019383355688557544288114082764961
89 -0.19816830265676798755684434764787184003506914346413366285895180220155949287389266155550319418951719116937218771401
90 -0.20070756870086331458864150250403782746719296585820419566027342940369118492679729681927640875312349321557057176631
91 -0.20315880015633846989801984182913033958321521004130823721822239389075446883730826011254394867692284428231483640865
92 -0.20552602437518609361316819457946797322325708778877402033268234940897760179416128742946300756772547460800369262497
93 -0.20781304194032991674151309649856677237353378472523415872518068228763785367497229606676699088160634281263559926628
94 -0.21002344168242678788483383410351957546342770094311472094314857502161722503713054774197009288844456807473264568937
95 -0.21216061456490464980713854933358092634847327641884561024012038060422527237119965555561802271078036587536147344193
96 -0.21422776653185186744175981403827892369356239535224526577197830565867062809200315387146981905479337511800147415318
97 -0.21622793040479107759475809233066028309441486282133944331329074327533651013653173107068674525550474582676185310858
98 -0.21816397690661515360018748447812181514585144943849525626414521422247362171664870177238446854973775469246569743629
99 -0.22003862488395148815743705572364438035060480311344446956966572537530332152933180374485179138540563648255253812186
100 -0.22185445079287933966959981125842353119575288579235268330725517103824028833439473876409712916940257160407862861144
