4 -1.198252638166035523935177972007119683917257278694964903382866692221566907687212117213932297842039465456597177409
5 0.3733121280334780754798267130445284729078396976802831072268733575014314638697189442157049604776613003777862150887
6 0.5442220393596315264210761718123450858206580505417572859343756882659684756965685607873191147345170795894500985979
7 -0.1053100843784644810845316068867521529506568109916893340746885150019201704770883784741990507090145200232817149878
8 -1.030392472695464413554424032499174304600819498669457301646099316474652382873489320809456153014763263134166474424
9 0.03882297616368812527780592508060593617694153267709220529387875762059289799871711728065150997183147145676294326992
10 -1.105652789976636868335838936392706643480742368319574093697276403805870960114612245300288953045169630821910594255
11 -0.31115854212237364313740866504835851974687262612192923665481407907942269493115475115074944588854020518205613074
12 0.2671606911114249497656987413577424937831563868376485047423738669682271593747703012403629618341312768126890102928
13 0.3266819459928776181468593784683218099027905548315707107333482647234401156359492991012185200552701404181858476735
14 0.4628109038483463169782264549182985852577184038952018687162241312543318771258250711035437379067452327083905015648
15 -1.271364404427002728956858140752282990344692327726000053380347205992447492728767578382028147662766150751406402102
16 -1.056669961249802747256344730765245839523953255005565793050191952191978571007994448133380456449759298168252398825
17 -0.3304868693148716259058681866372324558298247290962023370827108940504016222085217713436583503723554755185255111356
18 0.1549869485023990343660149300100622930941128270829829624652109045970684019405121009365447602441821594819034054642
19 0.353253334379989247307509888924883834967441452828492314261953568617032347036380621853743893382694047234752798089
20 0.3901775563003392221471011750039955509676466783065128687773268171031565550927458864222068296788427732637025323504
21 0.3686624822176274546710100645196143368667682232314813170708907205165245527985906110315097768748206732924946051261
22 0.3426224299374277770714652539627509052877777538629232465822743286569054686492876952985213918418720990279592560959
23 0.3326434210889877974068299066324895678047109942580295511932125299785535869250975884204144834199073627550608687671
24 0.3424169769506808923572967823639175909862404598207681791441227792194605995000615874533746920671406805834514914363
25 0.3688013387504490548003432871233411851015562060669624839112523645633772549893013025342108987132358718456952076619
26 0.406827836977806337645028252235011931515375321349268185090483519447195223324367581313184920471991616258640008732
27 0.4518121610124737494854338064333175040634484747103556393038474605377870874880875482828234925778062313174861770626
28 0.5000416639721740923044768039133356337977764270980977196685077860277818604824231482926809957909420822111855118118
29 0.5488443395943860069582662852758917884516655170402461850263342762915586785451110007639455143308134269670751410541
30 0.5964326901589690537280703765914470607964266834056466649571395293327384492437443573086019265317098838882321916799
31 0.6416968423326423469927556486230853818437160491529417833046503450579418859133547810389257372743570531257447812589
32 0.6840150054657970900758593298286954791054824521964418314419356491834104708233374832016098937111566980819030144018
33 0.7231015158797968176812690042590235621947551033837698048846804711222670285668662209902955215051741238041145341154
34 0.7588931162923992259506172439758456269837260459466544310337045176724064676809600701341922572831649846362530446465
35 0.7914673998609210234288473083583920216312197677854655529286104360208301357601214669440932855884934254964529631841
36 0.8209860811934158883938307324286386100345360525648399469521275917096241244641391267450020919555812695138907066091
37 0.8476565290039267337065906772150549758164097063991461598457408187124836594666813105764022656576060388027118959794
38 0.8717063249358780657630830356342089203998458313675613280712430026213033761827518131534083638498210185830033487805
39 0.893366913132475694807641436451958183057247790350933466470486533166648820567492899096141290766298397396045902602
40 0.9128634839814692199035481936225643032614899691445484836820448709988197575272966222136918987907177844618252999308
41 0.9304090651587311234988574773758228478157949060483680050937254622752236370386092600061863836048823000182569667272
42 0.9462014047552369670389901683044396941658549563075510203954503952586756729482702248565735141446997888934092716297
43 0.9604216706308388365410157388664047345072810291614815543794509636873113854975862764495082184531816280570946068865
44 0.9732343003769832694373963932871304074614490213330231853273907869654882707427702339513554788876619201127464656624
45 0.9847875527165741892200643512707933691639209672278154838194314772889626395556521535902964142641792639603242533683
46 0.9952144608089267373604182795945674567946755362953757267310125095923024026812878043971353607179740436680084380862
47 1.004633990598686934266753830247717181335453569153924536011910844469173387099150121120123557296683448604209377815
48 1.013152277294480477745549493205194768664310633426661181238418394184142625815047381462732283354566592983063914466
49 1.020863860362272172690326500050688686734084752351796891061557499543854662897646512015272805969345107863451031391
50 1.027852869127023030669770804987711864362201746427658984949745056354078844546198200759936734545071131458893845523
51 1.034194132103034211385909850146934190830398914818582426047292651735449610218604129398073777807216009958892217767
52 1.039954196916264537774404476739914353857780771959680076372901417128295169336546641127053435103548041315897885211
53 1.045192256484227807548806576125917631381119681413267704305498135391559860534264881351219575083095401394390247308
54 1.049960982591842781816903847638586596483996400297730798051603574052635602600399214338865936973514429778106978039
55 1.054307271249113424231949862470663944797747831418074998946985632305890491998591839060235951760961712897627426248
56 1.058272905993279580032070940018235350151547891513365068021126847201991546903360700659708280835604547353682985193
57 1.061895146117659757726558420685335999141648701543846332824198111450646264338982944567439372227989402210655734461
58 1.06520724701965793519493073716807328265900762593360815399737826803460822405654196263879240246154016443977541582
59 1.06823891969541909057951826152023975712858971343487204171654027585019562193583356970571976305084375445647536064
60 1.071016736024564676371812662859289840766800755209529708016143057678000511419553255103550389265028228369962300023
61 1.073564485988262375151869219132694401821134900284496964818881122752691641653750895201940566456814431673893760887
62 1.075903492414302218236087600001437984920353121732038017122905825782527350037964922422853500869278040177624902345
63 1.078052888286052809679129753145903418260050574149335672018607015453354018912108490662623974308853460848720875289
64 1.080029861113851595802252318204709862909881946321496671816962445192755025274291083664156623486903689441773666769
65 1.081849868362249328124069041723928793844668853010010656950400478604241713939301530275163955075382294252820791503
66 1.083526827462066241484124770098956282811466165871175349500535376227732945238903599827952043657104041406503528385
67 1.085073283515252170769334452049634259544060776635317920620015144461828046821952335035631083696886027416126653802
68 1.086500557422977682820436880751990279033530757776809693719303015520002576228163064815112652450438935757670495125
69 1.087818876831364111401016563719904529566662669828200868652159208059334806203505206261003688154581268906933990488
70 1.089037491991951471816951853095674802556974805884151623525560842408562606285249875987428436412246107130811738606
71 1.090164778372095565437209034028287284150219030229910156480728790601959222872106384109942911356490487543903449201
72 1.091208327620522763067138172032759409045195026708309783025512684541363777699167494853391215427751477997749512017
73 1.09217502829185187496465207939004121853383111348568341990166966381597753544542655652860787157080706128149801687
74 1.093071137557791239884934999031748689207243168948263537673354052802852802174809190303589774874326747914435244524
75 1.093902344978949880390591622337938829821545619715817358323346273209172742382505975410303250599661875040083944297
76 1.094673829277047681292970911369615259339546221885364200624353785734123366587434092051666680629040437592025288892
77 1.095390308930329932558762786756603979037193110086138595650035552857321072604265685986379230232944304505835612071
78 1.096056087313012801564072256982395277159725687069030685211014045306375061899948747112622644290819028488541977838
79 1.09667509301068667068039771145928913626862743213671232077980269487192044891641318240027880281021042990605139515
80 1.097250915866093661475752079970210201705605125693043877379532642894323525621764102692272142014973598961419928545
81 1.097786839242093593635506219881773511825188821247883122321315164941780386705361147913772513729556894938736559907
82 1.098285868929646276821050011280764820441581770406887585369847505549221297312741519061556827074779165677878453941
83 1.098750759077141100741058280182115382432683634917675353534758963693431601302181900227151506648476302688452276566
84 1.099184035472417850127141204331534905471227302776688130314680408747666995145099222443535559000231107509028043822
85 1.099588016469494747355171099065259415523571697817590053263599415513494308979080823769725103615999669745727710269
86 1.099964831817612618778370615614476366991294279976594912195605199005421241430587303948572994782829994829687165904
87 1.100316439620077477162880007775509245957873696398351689520354925329955543455752883508731910146133134868747430454
88 1.100644641623982556272232349683770475672011499439672260106043997349868716171391441890013172531870967808452829558
89 1.100951097018733654609993402130715913896745328947368445991319194108178709991988384684367364655512843521012174685
90 1.10123733490097129740227646104003889401941041334285767544086760046490031073256641570470036632273523811736714349
91 1.101504765545617891329277426972981377087434729593641115617926992688079084385726866112394827500754872330468065859
92 1.101754690607063865873318005845990465236975598297276092440159675706819410874723515776304381116048750830463559679
93 1.101988312360671389506141039006342944671422030823249524870915761771465693036726268218886287643126825920289908531
94 1.102206742082581111887184998866252042481569461784722063284793004762837500425525487938045396466621105705039356808
95 1.102411007655051032081102079759371808801840561965980506373581511083480617751338506823916271953566090470261202277
96 1.102602060475058379811351167390531804279365971220222469503214975157163118428553332183345785202126753747300638302
97 1.102780781735499892974160191590503912664268932978773350780539744573108971432171585026132016401254646237506747671
98 1.102947988140897748937377270289204386215953706457745683851696976452545610732938438340624261981625573499156502449
99 1.10310443711293973339500666363778539556435156904671002746739610185894145920378562278285803049627993978069773841
100 1.103250831535350163927211784472003438562490493789501410262592788107385495562135791610356553876065384814393147534
