4 0.117543998824176009556367315277201132959787650929263995497980976134115604945245820165789067079886302667476958098
5 -0.622768417757676599870010160369921730060660880253045109338715336540408135657008807936488831211669899054945432157
6 -0.128603227911649751282735747805140895283924255298253951464127608299150427894835534872442782127731205881838188725
7 0.288051573836934254438882769999702459443045527221267578793901911582617380390936796733957407568278751022066400872
8 -0.517070427007196201816958094447311959200736857361349013793639468514300176351015420248639844035458625485168930109
9 -0.508045930254688088600183364326581592538388385014300418361151286351539764461493001551288005286640391015352706138
10 0.529767115847157258929179055204983597471863626916398808185336517916689459619731483909688741402691926065067778535
11 -0.481152009325781799979559900995064274915584030313675267026992271795184524903193303865861195531629288236752746675
12 -0.62452841050276164146271840802699113379336001442280576778071379931684288764044827631787732598783561829901150473
13 -0.141412529717466977505662479127787058087677319790057655314276308927730802505459286160438133463235316335389626974
14 -0.0703938343600672032969050671814152154857330098891988324476461224657957504988208983584293289484711899713911153857
15 1.30684074788950061250377599844913189334316720075192376678995626630871057648590263680059668704034992736476462981
16 0.45432645320985638356703209433936057104947400388945088199666563035339484622302886185537889224940004510011788357
17 -0.480780792539371244426920522537440697744736107470132377564309881215930891803074779372431813625086087894421384432
18 -0.86189743051980826100563738115951656928992869979487519281150735250749237751083689669157139104246819363484891128
19 -0.857640133865264554733806807673412367289403004647030015599929158043715748275594113577246755413420601455920947945
20 -0.70263727014236180340508757760094519401343938350133925771506085492961638510008061451502388295387764340356317077
21 -0.52998458928619200866251154942442518870048674109408842338218891590164260977686028083766457569322003258569233591
22 -0.3910962626211618856332334507517705285309556809209395161270266234541471739073178708121365731156471531686904688
23 -0.295816606419389408292538527630633096548501028989880757891079018678882587983116101634205467589047541830149731173
24 -0.237915895774669516819781127993354792466602350190369847007176801852560377458766703302086750480401352991249560681
25 -0.207272448263221426391038286443574226768297779596033162461556953237833987734815814471505754546258736640369743895
26 -0.194612289517918008056412985241380078749658610883777655801861891762772092590168759010051225664526499407205191297
27 -0.192827514882537994351490077391478037992081602910901558881315467807525170596393155687398695654673194593245769608
28 -0.196952719540603576655377473325453946282529820984838547522079430928865052695944982524984822073765435791582862967
29 -0.203732418528280459953126218052742751708047227214909504735368586413830939434295515085909274673210839291777858207
30 -0.211148563467212534488256230084685831785228761643463000389892687395195201238131825885743053333377087416310019739
31 -0.218028190048322055477250671647698203278179629933460314725188553374837862050244530835589651400381914263263353073
32 -0.223751825685334619069568334160555003618797734506521367364318819157119907405192419520055584529891371444080239913
33 -0.228049356907365784788260373485915302043567786127920111948169193028785357456910277626207470272478892874636094342
34 -0.23086247852436717974690314130717986099172665207243013821823098018548537850523840706879811220908237431728023665
35 -0.232254608736036935111603558369485028704099166014719667933772011135915316047222872073122269917150068024174913579
36 -0.232353353418374925596459152305974559548542205481968586626446633371058863187416087768988610394245242030229969495
37 -0.231314717476880689526366129231143621542246059928858942863701394743009745255402311424543786364080462053238733729
38 -0.22930156145487038061377178820125193035252999852396924546045454000991083723295700226815729887389667936315618066
39 -0.226471228330142303923950196212951421483427912477050560678467399505848883417515462263807850142229042214149088797
40 -0.222968968657265617224894357202568481007869532601095214333466677496877905754045268590411267046598434684044763725
41 -0.218924954752922102591872406139697768123665112829348596748642856393468565734575473840636570774805513671967527174
42 -0.214453453896110182678479187640495440684174401259185013202119120106601011936768418115511361507047557124918084764
43 -0.209653246298348792396389265080955278250681906742911434524706167430539644877495691000244051821741553083035719827
44 -0.204608711659243779838540823402543503997230438993179872537623206849955371227722530139796204134076047842782047489
45 -0.199391227812073676336844191587488909761067989188618250844751314776330417752780116339307372196413304731467573273
46 -0.194060666510572292695347962584126651773676999294256366259704068313773998244270044464482279617225711418620233242
47 -0.18866686171946154781214832459451147061989410692340981128971424064384951072343490923001313480650758596296958615
48 -0.183250982687865665101141762313126595721771978046854268920147890835475813990860431373720233872130869447915428226
49 -0.177846779362615209683756901651217948546683695988072407614819604205610859937819498661930433407356417128616944299
50 -0.172481689048498770890089125382704466534478934505093363588331918826674702562998765264189951126518480202796651267
51 -0.167177805682284101487704730594626883313049545015653040242959533251788529566616715395053771325158494874516121015
52 -0.161952719934924521219955364952987228152206481113602364925408027790713263568155722463818587257769528505297519767
53 -0.156820241715448115559336111319714208915002865139600752881999047745777464509134045899175621737743414969500444863
54 -0.151791017888653245168031994309310603963829984409742801833063920174956954667262832912570817382521794624504922486
55 -0.146873058011640184475929841355369936387385630632949319320917965485099996686499497380372959543703713630671161474
56 -0.142072180194974582186844430039525373304028006457909441849523787518899718661704444250055045444265524412599545718
57 -0.137392388148177809083409506979554623919480287504495053914062809102177052815124480271071967902747788331500248248
58 -0.132836189287111579356493585287783507149571365045201285963334706132197619617939388760014742511694467489433377861
59 -0.128404862587348128824886912045021977136101934179647584844982457900824653524628791820325367504029480306248752199
60 -0.124098683732784570504201537777218647381242666897092045882315630066323590188291686370501845936286528372001881462
61 -0.119917114068330206140238287827935946128309312631873682388938577693482149330036549751769485808073409707994084606
62 -0.115858958934226815250309764993797173599334840740788412013445980167400302337405442464406582524733186961056325145
63 -0.11192250013971438999595176998349026471430469494001897851599276166442633528503847330956260252254018902368435496
64 -0.108105606620504083103747302235204634023231685330614082481592799366653267477472629682984584529872659333104471053
65 -0.104405826709358774507941977248191683788165083286268607017316894989637998549322070650633626165359059723998727798
66 -0.100820464921915179240857597330912047068728687543739850609329837894762581325280092162144780879607588741469712131
67 -0.0973466457102835397316702264585115575239363641648272154951285669625039283901833886403547601354963535841421213957
68 -0.0939813662548915276028669833706397690306575168006389427726691207589832857643726353779316279375295358155236482635
69 -0.0907215400412232191059935517510900732673625267740033795738643180777072597121705060025128704159513142943161194572
70 -0.0875640326942019518353637500996397122866802368672959403404070465133254987315857701655443140966828725094618073436
71 -0.0845056913116156396317606205202462530844094321971280985582188716685630322669479418873510758273259714501724207913
72 -0.0815433683427712803246888207075603197469085793295648474008228519349879746151172550850663246783601257806726987116
73 -0.0786739408939582688857679154874856908724135242323172239011632654198063469645473122702639660111843576312862212772
74 -0.075894326203557138500007569673405106533331618803137181567163756546242956346754387759906765475766111165314229449
75 -0.0732014939127120122791679779048444677222687607355748269123352341015481783661785716877898018593437858425626104225
76 -0.0705924756589631287403124410933557769193608161615943404003754608665721391614503563247671922920449617497012491602
77 -0.0680643724372096101770826432730360271529936612250649362744682504143246257424531455749349369315752833227730721056
78 -0.0656143601023933458690285693431896319585066883814277024522279882075389896054187993730550900311641969743079323432
79 -0.0632396933292984969407266178895005833833124974011894386759072627035255364723019189426752759264058230755274846814
80 -0.0609377082951101303112947884999260236566228217356454671445047937735404280029721928482866273586226664874720801279
81 -0.058705824308408212569950703105938804702152786673019920461931266648942316203852124723702907244486831668445828233
82 -0.0565415445728606889951552042317542489701776058340794863504073953162246280094165015527253381799611417344123374265
83 -0.054442456243988570277101139413584049704366416208512949054154000401682700096374400988731346066643909872125185487
84 -0.052406229912138469680603302251931347305259701434169863642896953626408604156159649356284378463622186337853350637
85 -0.0504306186234838351213501101624419884063363211709490723988939695609710283244079956092191766417308608525999529107
86 -0.0485134565328713038241610820476954134611730162433505048150249876722886004679700671242130251156532581956660888037
87 -0.0466526572671167486782986497219052614739020560585758640803971036356582538304930338426930216153869963117575686523
88 -0.0448462120645020674881630561541239428024865537454312656690572806607370465456641083665873805958599420235411051582
89 -0.0430921877453626317256090639617459052764508351556648641615520922892915922433417413835978732061197039649586666447
90 -0.0413887245594782437831794164176975686962295842258502548747962977738491202015241495710905626005100934300573179078
91 -0.0397340339482275419622763031204912664838092960238582548073975086875297232651417243204455853985416559793703675912
92 -0.0381263962529178021217011842077885221235773015826034794539756795936648133244896420075025805125531480521448033098
93 -0.0365641583951739642616334895263071162045303490674641657792333774109061369667264606948558639052046190249374906707
94 -0.0350457315506061678097094981409262494435537274014567701947327122083601363991201506042568700243854623189135791329
95 -0.0335695888330420198479957525761086853342428010011539049843773848744338474456851713945501460079568656070114638688
96 -0.032134263003296537975629596236055234894966389590628668495252353495477828746195441667570361122885854548873930577
97 -0.0307383442136646744912265777291700407895321539249982139588029976074742383078881181995021620998964384801326737145
98 -0.0293804777969784997088972259073342477953602234866540172041980695963809966512041786209454366150169591064280921382
99 -0.0280593621071056858884101179554687814313413475628121176769549766853997878914451693396459725368953089130522423536
100 -0.0267737464161204035251899291054177887151405892269640409215207308685304570676939765814670952951363413539164394825
