4 1.5620309163830235728552806926276684558164054284975501666968147812074363043015376946055226574370268501723351569
5 -0.82033817505693730894076620484573191573342525707514135850612843853612012303237291201030106029130197005889269089
6 -0.36625678695158048653483383819183050437360739775818724302172494673206978938475531301326673212902662056882112251
7 1.5920769223658309961351424338341888890475905358515006876070235169493087956375463205901102882045733959166342148
8 0.25342044834957006768755709973215070563286414355803762860269024124607244371187438962276380303366014653459665602
9 -0.55984943765332492063346797115870536040684581593093371081456593113306933079524275538107332147371329816652038088
10 -0.74040135149770105115326082948876444132157347206527546642545590676412926981913648360857254071052512074732904969
11 -0.087529649954908506347264174645637575997322213944151752180436059981079126240279778246296065428979871765347719527
12 -0.22285940120627627004976959840154401494061309620774558926398931080664599970904009620389683247016147238704690488
13 -0.67886397197473646034971465632417384820552784548239173740685986326944418427558181227107871874511784998173693388
14 -0.41715712638216772952255243429895044796549860631486744278532201152109542548287977088830393488921660683483328538
15 -1.225274501645828142373865758411741518485522938825998741167931349338341649093060673052134227001252893721825747
16 0.1123604629187992022319612947917769551119984794639409829035895470038991124590683839421595493200633845371996444
17 0.9447060803445986570689954670221000793402034794799563721117411276715706634164789213752654923202358319294225634
18 0.97923722132271077264120284288720754318947753274194299810059090419321180349454125262092612358183358131433164492
19 0.65343382982137634205259756481442619979800709184393282354147655411117611020153646295154964369116111673556837497
20 0.28232124227539655731272153766251910924311710492773340255415392326486852681875534668136660739023543661402232529
21 -0.010284036011980139989247232488543068854906099202305888714371734830134160910966016320566008169805919853237131498
22 -0.20401843092920011828364180672480532516077746341542645082789740257956214451093157572651807837604942577503643598
23 -0.3163893403980187014598641958193732783168511399395246589306154004009011897582681266046796686729592453541569919
24 -0.37206542268588723012324716773941519996412775691809366453171996444492531765814516656418316733025701678920126281
25 -0.39206142418804048650346014937575347650346773012132898880283176592191281951693094593362312760081928642405821445
26 -0.39149880235527787605841904962296047304112199216100401308716110098866056822040446506098692020337860346015508617
27 -0.38032293186637825141112092269995420784832898734300438778719988574289498452861262379046695561762560247845972016
28 -0.36467435026250232090632501408917348192245869218088973433685303511149535749310922816738530339999101852702392868
29 -0.34812905388873233669221994239059642263227684468524435564214223140185651677582834201071035983087121106453778642
30 -0.33262498749460072738135210925341434849291063366135340357444883323062159889822027079379616772119427959244463634
31 -0.3190961174717828386664936029538029555520582594979840640410566057442400666151185778764568048640768117947625464
32 -0.30788510946630270524733184875990727340255754643847122718158523961805008520120137159184793824406497019339946505
33 -0.29900287742796332262650804871617319060318014118222816183430330845030593718676093269634489162325831262170472355
34 -0.29228732585025577858540404875342667758030451395190610703927932052850059662712620773592831753843506797797837519
35 -0.28749776595304983497772369496906831918040450849370684020510102980100682846033457324324679110403755513406738414
36 -0.28436920306035659884836048381074838659194687479871827248597964440752197886420492897232995971436595981599903987
37 -0.28264207076359853175882465474033126380300923773786069540866442444816465284501274423184672845858750171946098716
38 -0.28207723826152301713518024158320029760885082633907145169614414281810043647694690463959148780511203982254340227
39 -0.28246239609413952252389710512684821640169368521307225054036164514191683801374495959862928500270565355656652371
40 -0.28361356214606003342694839707941932867262735032294615479577901682849509447907005449946586630261954123803995083
41 -0.28537396852118727865420214207702643998289160352927912520490658553975515124180705609036048958350277786048037815
42 -0.28761167109933104962025000948006193842291982581097463951816162016432943950489879187347261666771069062010891519
43 -0.29021665914386774005099142520685704894717689451559608392818475542956233991330122187849348581249796432948896474
44 -0.2930978991859127707424835155377591530900443234868657450923814090604389043821716874960866669602948906632375802
45 -0.2961805414983139517446966003795061628722174510921795780251778289901043482706492598241115961516575207343765652
46 -0.29940339608787761717036863614892296810353720301023892244047407216417222384496529280011203074178978481846751499
47 -0.30271671541986682087397257691954878955771567456156824992295472220384606177815246233133003028441745723442840883
48 -0.30608028265709513759755382687906540702323282760884069710499509590498627789026000113421677263277634468861605691
49 -0.30946178445474146223013182078649599795624546689424810326673384381109704736131617364796103072018880821512806065
50 -0.31283543856631840642885280765270768624221924647143435184292040975902507157977667195114122249824634949756064624
51 -0.31618084396836921805689736979539434311591296101413761574947276210204015200761499208261054754383255210431104867
52 -0.31948202205244937336907341888167003836526024369317113496621053438642055896591593557751290497189641535992121032
53 -0.32272661996664941683201074685956355830950058930182619202032731181841247678979277250868291095715714358838771736
54 -0.32590525042677682663581261330037485695636490456768918661528488540737184132170097294673874875941497869109229011
55 -0.32901094570181842401591160634009998842623221410417314783148712318317414691483024450583152888330371463672946747
56 -0.332038706711706179031338301023557748889812848097262059956387063982928520470927675569684970318009676155293043
57 -0.33498513111405775224932078305024066140135257823146401157135762778586803131956198686961752192844709551425927602
58 -0.33784810684605535126494967037264910367339524980221808277251740884030650519849096882029986198998969880803320914
59 -0.34062655982333746392708072136842660630997908746579131749817859663760942451046357637560423196519411519449736673
60 -0.34332024640112564714949263000993632830714096420000049822078754759089415544130809742698785242952259506499727873
61 -0.34592958280723180588648626328664128666908882516030068536366304337717934184203710259507312413147927713856364793
62 -0.34845550509948891303925429751696803919485272792559180634469559227085670329362988215938938443435966363259798473
63 -0.35089935431844047664075439811498292540153295752189990012923919607609305586946278694515150528553368709270831874
64 -0.35326278243398983293528619629272567680108773857899422966520627202725912283493223597283123428690029384488002223
65 -0.35554767545259999455176680604176547997343228091699980742994592124739224484489572579426397207657264880716742573
66 -0.35775609068601282385892040231377859656881832737655167307863391839951208918864525685328715213568710578663260318
67 -0.35989020570593808704314962663444243173453215646095902340235953414168688976684094140320340192065440359988098805
68 -0.36195227694084658894636116951284717774807803521069850148585496807775406001707127014269243071527802183522958786
69 -0.36394460622687842072222487352962824095630015400150068261520039160308717819324948791947961750366711723622075351
70 -0.36586951391825514477519417012133223850723853011890375117541937099498591669794280388597978440066495136488649614
71 -0.36772931740448875962140394286340358936128175539061971715281246518616972380394591747702427276616014793766390252
72 -0.36952631408121553981483124724941933968335485805226142631013735883456377614900897295353503187228540477378695744
73 -0.37126276798615156720005817050888336108787646090987744979830257081036539529825029011544160856957977507112118393
74 -0.37294089944764109276961588304915555140898063006036448688417640659868024297921962541515228507610315980832362412
75 -0.37456287720562172813832197732827360471648188499203888700589680763248998311830042921876562585183340175715922212
76 -0.37613081255772915944949484873356854240099084559404346941652593197427587510717899763699587624639436465271270153
77 -0.37764675516013133176126721130084394748235718111241259942938272912450546154924276268407196830837510505598900264
78 -0.37911269017632933345757683189931297110859513266151338546160594333003131471062927829040641748003379637662773465
79 -0.38053053651989961750560696952165602859093779806708072222694038644281952507288606748385804269245988684872389603
80 -0.38190214598087880317493563398171071478667660392620700673970405956221401345539744338826784095276356370752222931
81 -0.38322930306177026841769414096675272358087691089056977418002095096671445955858664343011561706326544628014225297
82 -0.38451372537926703273748844172671582712308040393970299781993509364589412658580475746614743238507485722206379607
83 -0.38575706451279750823831930559708340353862329775070933299331747858308001048069017649865673604993177125243033353
84 -0.38696090720178319183812834169516282704643312168669479455984504706258640909206408362156024010700449937465569065
85 -0.38812677681077134149842299451893260650056937749715884909874911526385476874565977107354272896973092736377007006
86 -0.3892561349959668241744831812342499660377265344077359844805488190465724007822536591235104600253181633325172886
87 -0.39035038351862826080472181768107256812631427461391210064073561286238972844380654887260019642883853510379214854
88 -0.39141086616072209843561113147194656045880582175404443076528890649683604657890113939235992515468667786265619049
89 -0.39243887070648218752460576989521888793977369906665748040631926307607487916952163193112748861922324600987192932
90 -0.39343563096038206613324332151652478176716332082505950170428440656108373612294729504720040122982035099377290751
91 -0.39440232877772509883793832893602617364867482378797518227400020737277273818464126077158705825715090674949237698
92 -0.3953400960887872094648121293650430677710357831316445852878802158980035742790851937382220722842945646385765427
93 -0.39625001690136897518625979005227457896173146316770932284864369904592824432951559654276920688669573348239634194
94 -0.39713312926986216778364163944318946828199755042761967824473634178141352895628455961869480858798484430920349785
95 -0.39799042722162195637061916094617121933243251832481363310791304176881917974831201154416620088238591467208558415
96 -0.39882286263365291264589899663752733948657113446202808977264112902463870780497998363311813531243365401422448947
97 -0.39963134705444227822706445518582836729522826937657219753647568251439723941642463418766763786880875196093271212
98 -0.40041675346727245626118089508423897678000198007957375952422975109912671330555075518113682611108448681203169457
99 -0.40117991799257051409629017246328999471306155489481634497019038366692921647179592483682560336795919772819309382
100 -0.40192164152785089148165208372784832123346599918907257239676614760436250906983948216049078127291884671312729408
