4 -0.2275635746745461438267614227628271121309143208338068877960968511384294929193147940316702143033422096999936653
5 0.308974863699117381559617155501117915975858121515257078678365460053091100887708812551017903185000394416636295
6 -0.6548831114462120091362305246994791372068040952964895906054782026270867847800715213869016733950858396815565383
7 -0.1150164161079512194594723713656128343351974802331183875283800897491963483801944661260658958978056893453634057
8 0.2544652869133245791763284988357519912278137089561371888335564308756959501039149687903962659692838762383843894
9 -0.6812379238547733873192245052199626145624272973674414596623739416891881965231021185057490634151374303104610714
10 -0.6273180303267576014468202242389836378850343531891842120985858177452791398609964636296547075755502711485098551
11 -0.1870519993640969982569067611189439644114568962682622092503832945135459487968566180466318563336936628909064824
12 -0.1213266435086552061672627584919262283246356693110462525484208025920989536242165228968557013906103149309518732
13 0.07056853600616766825877938128458640555542280113431386094449385600555721234514075936974517244689357337432754821
14 -0.4426349294793335367632933308213235433238671227593965472099463979633943352656208133414761128063659931520178101
15 0.156492892583027170321106316202359982062897803344747459583415335791703910291337963936170479853085251340686214
16 -1.172240416537917905142981077305654078130448097802934763295819499176379661453162496989852292895215934294840398
17 -1.49546301468376796740472569320399024851243297341827442445561852473230635686273623446418499988935870427205631
18 -1.003966743237696726624831302275516661423890607389726427325346372130760707799984071253382050242767843799173813
19 -0.356163074677779951636437919444701020525102891954119637982647418616603582325421279838368000812241372763553418
20 0.1405267566991875772823881982961418757039650119182404532791809191533586242266836927409583626333452041648995384
21 0.4338151985545766005247985929529694511930513929586053868713161403457648511495337003249693850431160882663703521
22 0.5662108743948303589564422645965883456767919397752374688586469297806857865221065411772803416031457745975618723
23 0.5949045511543251109870176263433994902196493617056466046304506042431310612950733008559496811563234856012020732
24 0.5655233338800241792172418419153222920662011147316230171588762443310010681602721437584298825690896433805315925
25 0.5084195555106592003294317820598300569357655923497151344390866746145623153522504241856615042014253797003466249
26 0.4417704614327298411892527872940755865469328218217660741476789577186890015589884245662247770020799945211943812
27 0.3755483632417240947236775162390820532537023144458318403300761407513042782961791342796366615473334949939873152
28 0.3146666721307838581281781938381462197468309735178774936125194641044148655117448678138772875118058985645168302
29 0.2611100554365924242993357446550383669524062462535071151940813867458231773264845308634610286922161996370947639
30 0.2152665328800225295894735864802753603451826443599166777593626757692022665566238712012671334149828827046096911
31 0.1767189786528364751914225691395390421899641893955572671758875518473776498890304319355279714959959784064658404
32 0.1446962209459526607844299845666952500021893272238222470501877429314470879628227213885850454890537013081441277
33 0.1183190761152884934632362889956357737849534827869502834513107392596364984766887820583838482475685311210874291
34 0.0967267889106227447140942151489214695567946695574000675534393690292584986510960574890761105941108624413666813
35 0.07913575454055304192804684752286434141369586094008123706394746936446923014422507856769683773650420214912438693
36 0.06486116786576851976589567016345329126762203758942862846336559684093069972911905167712744435543669602840600956
37 0.05331930937489712994899712484156808449196109872282667010783744543249496326934091074263490282692196680011764767
38 0.04402047957090901196267175067059428028676718310638696501673281041984571081078398617433597865389986667362940209
39 0.03655809203328889169783865834474012865842994040651025824037391730270110379456761830113065332480659894675651133
40 0.03059684423217312370605999706194180572830166939357438914969058551214404143541845117772589118090590909828213794
41 0.02586141873625191081483146217937329633108590889675594777916284850450490140283030471590807121747724433688366986
42 0.02212635546783453168760293814620747165760353845004305957243012458747598289884937442645209699439059845911104721
43 0.0192073000690235036378570803972017160055170304990200679830034068679274920902772690937720508975491492185749358
44 0.01695361142009010721936299136748940278307390480463245210827449313012511164353947300057965407953530869150803907
45 0.01524220832535553120765290778476098423230552907312008778214452719226892895781698015793036349083254070301376556
46 0.01397249691324565260530763339431797907074010872866165191623129597537795460825640045933827418513338033794613713
47 0.01306221539137437029910329964738665285419568535202863515628297133892663447466755284282568045686311709066517762
48 0.01244404407708304056104536507861768894230153189007589954667865474496459214406111599608209276034184178396837754
49 0.01206284656544569594299378734083142917357217244829798196809840905007118698342283939490530049306862740388307744
50 0.01187342746571364109199966110820939843768805108700481047394589143632421920899344309674436081960420424015910747
51 0.0118387108308375079457692041988664882491908948707477626478950904316496404113631399077522842269914514731659029
52 0.01192826012076137897588962447693439535268688572716747780625563597592302626533090617216815031849953279851654899
53 0.01211707492736950703867134337981818683829006671634238412581161409185954548178425374193491231309636060442560483
54 0.01238461177867039845785345474907304364220347487083989340571113130706372152907815712022951594568103983196538335
55 0.01271398634060523177883601259039654521248536022889396787932814997813390085155327213695427099579380719980877367
56 0.01309132252095466419683051528659413729157632468756019476218034185403101757208576624348939448283243598526974444
57 0.01350522063295715161153769783964341401124409392598209175986568817863698602781554856821964766959848638507186401
58 0.01394632215786171564597185934635664970018066118468524406690464660971764119236850214002988428309966303153027448
59 0.01440695298538838684771798228323990011769054795746425746097455539337547426647039223068245430235881435291680816
60 0.01488083050422594448121103489577426235362519511224590645977394150251897240621004776404300981250849326663079909
61 0.01536282272380627097658425543840907508133523698415769677452429404945277039597667244895874706482500997394084199
62 0.01584874986707052543496186938261267079808169339652095157610618612229197816338244914166614975512526692724604182
63 0.01633522069023348881592123736222264189659843891587376005027914630313524577201549346147172281614361261546721342
64 0.0168194972472333060271297693362184627036497703158603742017443516893904454002824208380231496235704796440352826
65 0.0172993829940247604740749616117938252735081572858077342671097563480178846122584219698114806295278895503849267
66 0.0177731300775617066553888597972610481667957077705070540704653426503049404308254608904348123384839966844642657
67 0.0182393624213619973959839274445408229324682156027841649227114579020072829687298172647300414169260881969901973
68 0.01869701184003768581225395402776627318886815892661063231132647046280019615239058210516904378590892223046103002
69 0.01914526491793352822073100596187860642649390817012040727955753519220425545884599245435660764541702505597664882
70 0.01958351879508626240528202527602783041273321204560771570120724527987516141200097953667685085879384462227422276
71 0.02001134433551703231344251400892836607683738784892280258780928165580603597946124372446020986142144083516296953
72 0.02042845542314189354805839221621529640240460377382868999514763308456878960198222202711838874260773645696748191
73 0.02083468335114157432583989427987711594182127938420417277511650090827127953436390133971846084839319504075907601
74 0.02122995545094643426636630746585251878206408934620904636371695516570968880283741757341945939329433808118342296
75 0.02161427725467755717772945508531751970913111940603177555663658967035085609708728622686992223995642157564606675
76 0.02198771760606453024703134077872299167755218133233541892203453055456714960987468282716078068728475295361971357
77 0.02235039623447046604956918938499111414192009351511921431299099961522043931371271521855760533259619672601283146
78 0.02270247338867979938555594525860111820922767408283203457450134156548762729579698060597734932923052432737965066
79 0.02304414119476665926076522695346096286011614242239301379158918988637541773077533669665570786990012295931187727
80 0.02337561645827169097359679388382450071128171704503325721016263644739248160998336394891173269368935274058613926
81 0.02369713467719175365653970940355298949786215488393147673575368649813313237556558360945135126021735104919041431
82 0.02400894507065254721102977947421469535985523674038507241465144253900912208989840256780933905552027966965407863
83 0.02431130645999204230130894394772189017373032777260701287041524735103031865447779084689538555564468079178928901
84 0.02460448386547754133973727515415384076689752683464350359825952750065430903534253277276116150275803427971759617
85 0.02488874570394724217977838019325721830396747380654213962430037349495322892517974152755592481250560444910809398
86 0.02516436149107478654433599644018572741339189642257427063693816597034586005225593903028684187488124296307043694
87 0.02543159996733124628841409624336475798073348986036516688913850995004281869857215912688187729121669946780371708
88 0.02569072757958007446660982263801910563409442244929062058272344444228408040035168251840336887027481301603416817
89 0.02594200726101211191262144816899936208951326337050905470157709064822587305713647620222212043644756996578923785
90 0.02618569746116056846503777697977063168148500885821655191952405552073928737850173319362661922635903799037024326
91 0.02642205138531972130714281310117537720223251532998679633180643116595388963991838827868241764052577398277587803
92 0.02665131640906559071332653391487318217027122905829180723126146055825819979263851636887959496855892101510554451
93 0.02687373363894069139419262210411762034870484426551739029135932868162168330904611593274801978736987037989967569
94 0.02708953759488296345888755338197674018727795849789248535414412124990150529178447918164031490356809128535507851
95 0.02729895599378818487147683440754782570576324260515772884256046017069446008688688414958304551136409454006704559
96 0.0275022096168096244865545646863926058296679962492657182577727371917271353239657193898681994620960447092136929
97 0.02769951224571350698006576008913382418736566979838069091024105715829922840291532184886780868400539575276874037
98 0.02789107065590342083130501439212499007935339594158496430786478990448104755262419724125936503270950375318040781
99 0.02807708465566748272537361077719308967473033983625862854289643431120486963769054437622952807319864699287375718
100 0.02825774716284444292966592576236243608831181753382368126963638801912201749495618053252330032988448455556577325
