4 0.230178937899206601013021365847785207187267289928148106446851888845949310993841474348519631306011424410079383
5 1.39937770223509922254259485930349046263205227311980619034060116781690275807518204979589483554274501269994817
6 -0.353659039561108305022785530615907039579290701487032012413856208713066525034426366069751198154740627917256518
7 0.443900688779021337689511323269738611095650147500715692553459456596868702421418349842060225765420790909860269
8 1.12174517961720576015340815241749056164406737863679876423962548958670281790906939724476809899216722929664187
9 1.30600330254681042204495059714040708575814917043546299056924731465178709474086473647435972273479264905285667
10 -0.304729173266714789380093131372942832825959078605464345682166737132804066322845233559211877975646839670287154
11 -1.36201745848841685593337775083067090557952802638068354920280123267053010643567466596362571209432970045663087
12 -0.60025329443260271261218214289552822887670958609708174772338331276528487561932779460933222290914620297069509
13 -0.453616499213975059121808407604550824249128573064107118477046759024084489375362205656556384162773235978579868
14 0.105124527472401210053846834038360519657792556246790429617721218767082796932611900664844363816185034881227091
15 -0.537330369146245034382699301992024424099186048982046129054404354996087699421051654173112364994792998400784749
16 0.60462550639472430380971610981696825443618442097173604859178904475836743361446802904737605411025502904456082
17 0.432118893946682151493168135455972454544544948122432819223397557230864381956299167128965654430854304051119604
18 -0.359792370759420088120324898287351285207635439047287379051513345566471115891090822102098719604429480459171061
19 -1.01392612839385444526937745306753269927551518195075600170500821934494671918590195742939124200106036829916278
20 -1.33265313788524221294029081276557955545795539315597274610386352841017641726201766788587829595637646734979266
21 -1.38040692982311110804445936718399872311680659617477544898014405483964957470830201258076014188779506316513851
22 -1.26997908715819689960121872631781818973375404212869500319244176950008143274793752145632893861505921484890932
23 -1.08932657920682058456206669875166809009545603241804981126965331371337382103662993072480870215567182321716058
24 -0.892007093280830690230866423005000729437729953549682899657815708985353543817276784994403614580276504335205156
25 -0.705720778522248913992381281188191799467751085828361776351985937963272319015066953698174074399490195631763508
26 -0.542250955913749092756344885614477005646780528704449670412261729230992264428584771437699860616516026828826896
27 -0.40468171617249492165638579225513588886545648618544458371107286290899608366909838979638400589334476945314088
28 -0.291839376939119108264527660616535953089879152717340875961922193313488756176074138596185051969427280609363544
29 -0.200780810073352948938153476446918210727590183331451395034288017641357291815956840137566144240878917462517941
30 -0.1280858658750280769959830825287906042962429756200236981436023888169379373263991441439651549700512672239999
31 -0.0704718540173751856759844506250995406412750421689283385892963238653229199814453142264744124114475093774327537
32 -0.0250450143727033436813425743116249381971414515485889738075041104891456511414172176744597261597212832387200858
33 0.0106315442413628889191682979990900682933323663973734687391931081154072102584294578867869310253434122401929698
34 0.0385556813609135200911037564260626427047720048730858864133589818574756026078433895274321406191223476488893322
35 0.060338735879467574597125676858724850688435186613205917485306728805277505606219940137532889045871494946457665
36 0.0772672722148239558051621707772950595197998422740234208111304379035881623252520438995479068977316785818270814
37 0.0903623078055478530761023968422027255531200968024050195471075753902798675827578419196061943260960262186880901
38 0.100431325258956290154652908620064871189070606954649212035931434806901937212865518291769604690338782359619905
39 0.108111851609450956745815343103402623531395337473274980765252794902209891690505232816111123201896286983021656
40 0.113906980808709610609989973931615211250972283968826200156166917376328251393711855327576070102797787263398891
41 0.118213844758162913872315501468941741709721776136282197985803513757286595712636017751326274411793975436720989
42 0.121346195040612912334912850754341250939448061804126147780910406344425678424159121913852180717863131877910468
43 0.123552199591048620349180849791349247571960040691488278551244352133555692010528500895397599300529114215957524
44 0.125028416952268667701468502995962740707355463946061906921194790542959893753320878136602909589106033742144992
45 0.125930749365980892116849625979742387143491906789782969097983437680413838877151932410078128188664809167919906
46 0.1263830235948776420160589707809037129038106042055117665541949234185375053929660013241034537189353468923917
47 0.126483716127164865224382605313551990012664107281768872085880915660184306064731225157686636065240585242230639
48 0.126311229731335716254035205211535631623842553404137399756118145903345788141898792593754245775086654637712633
49 0.125928039789548493477506859135402072469953894787029314656286240299461218479055996636069046113220213716381886
50 0.125383958567694558020493656090427853914830165594430379829174869507844697440827702660974169234159563791387341
51 0.124718710408051584310784179833437558969623100504873049598133225879445578583628033966336220862276262936426022
52 0.123963967806735796027878156465802562601064447087357523386275889162248489021674634736661850486733699300600762
53 0.123144964926530355295905266192495582829018103880035517111954409290549019811716626790534655180247628256436853
54 0.122281779207448479338566916192128286274868576317468647986273577903787261686300061225507284074064951117915002
55 0.121390351697285262941102689081203881280774702424201323726030566076467920802237314363478706392275054884329321
56 0.120483301210846864564425537739866447850385867802507526661222232884532603947677349606751846211993460229069654
57 0.119570575408171427727602372501302454965681092766083830659021080584980199400040509509178832878105457113772343
58 0.11865997255960059442117039232151056434687644894594299448661456913032150045316409745707897495791196806082114
59 0.117757560522300765910915959336578759454898878969784022776884999237390629683403244688257244166821389008156319
60 0.116868013814105208364453857394564007862115564064747484132496994058660049659479033915020907194299383933996799
61 0.115994885271465959712966098561383461176907986637408236227018010310061656833351959261325975757123909426355206
62 0.115140825338439754700809026300011014184787261426179996342472702001559743450581034311464928172424472243905423
63 0.114307759337361709796283983638497688390035830626658531149174574910083650200247329572805407535691260657802178
64 0.113497030953221272770286864867641675929591038357460019642500973466155691114946131783122436829044753542286251
65 0.112709518494824352998333953844518580758436903285666791427181498120167506629545739554720973334699033112225179
66 0.111945729177830957110402091326451772946959752721803579907116793008284990053444077394371839891478481580304327
67 0.111205875631283782251844282463531255250687464199576705348694994543826719332166796330568297519649520469209075
68 0.110489938001044952292654328593693969930584060488670974493037153398078810804949988187456565278569103996882301
69 0.109797714364598259873282637375792448782244067656004285541686135990116972026276807324522439040253973563273747
70 0.109128861646094801909299374841672416047579167304549728946342829286089730555259972224969911600272393709663609
71 0.108482928800323528552252501274124836176543434760008549052247635363087742942190771825296680260056603021943201
72 0.107859383697561602952794651926259983695650823151386429211747137711585686829061726357174840275543655666249679
73 0.107257634870808578286013011523257565687412300649124196791224959062199511968106106314457759898875457797451406
74 0.106677049069208714081925334594630409442450579257428192826610054787036572136522893582627738131621411615036004
75 0.10611696538585278162056410927901200491807620218873918434137368893588041909637930321191785563745155320955142
76 0.105576706586194504506055032020758534122071070348183702396587681136054177591608988275248503405396740496522212
77 0.105055588148337529765410247157308908632220699802937949388055019704267499116562914154672185530199824052855091
78 0.104552925433140783944642635147098064311376930677271662789017619064259097098846504093835445246646250451392998
79 0.104068039326228944595388626332695520551976372454420884535259905987686578840411665686555479519650017618689158
80 0.103600260632209460228718948654362885031930468048298945592941257546961406671003373179062527756999539327317129
81 0.103148933450991733017508000896903590035040797655343374559199236015508847857303629249185042172326471465843397
82 0.102713417724916261556476271329352637616809773407502342303010332717328163004511766626678788794328301796034295
83 0.102293091111695234205264175902385865074197290389064658432416297407228314533342478970984060795934485194171271
84 0.101887350310543225050151135353233296296566073579826830407815227122560885394658552905832532250474058171435968
85 0.101495611946209375507942976859349248633686662954427857032181158488678213396514489170291334105065294393425152
86 0.101117313096998946071585643457346575693817662508350938106228534437440698380523508770057355926098303451234447
87 0.100751911537553839134382335587951763918676098731662862186439255213157249242131660922072925216599668445438994
88 0.100398885754549251175331528132482649713865882811570022074323000337225070346405600119247353162777604080848784
89 0.100057734783069685762701699475656789129585884678597580980042294363526518146573196260689798032476145864464275
90 0.0997279779028552117424837411502929934058389137745914846995683557329593129676765341351833986166404853763650688
91 0.0994091542265342081341803967603255715487621134591016790850749603064377540128346024435958130907705683240135934
92 0.099100822206117191568119067451235088578767816391336901838764781839170140900023712892013930837852956231105956
93 0.0988025590792009744718464583443288281467591628237926238588117667351928547614643919620258469576336350189949302
94 0.0985139602723456776450429507143397015880784082491127781516035697983345735106647920152575354887598643094666
95 0.0982346387757931222742164311755063497133811175640521402851404370959370651343016674130657488651082855834670139
96 0.0979642245009738788219823291265940470505931861503981540413801475324830528548903968556858090446862039727458146
97 0.0977023636300029594051616120965577189572679365917833588027006981663517608130303689728056519857181502660147973
98 0.0974487179645093470479192614925751866033902752324325664149092483358110838523289762708979272095363790470969452
99 0.0972029642796150101436949494000606926108737584118744322109042269308713071232295500429818992657833081060660499
100 0.0969647936876191699374151663124252697189286732667463689089699739014679099335675955837151567368718348218141068
