4 0.22930771078975395539253157945806974326973528162458161986711027299918049028278842812202329555451751278427521
5 -0.41365917043039156783995616463714757568617201738405077129084867915428878605305082187786267364708991060365677
6 -0.023690156123663263813170075664924789551468649081808349762650098955581492798284687783154400722054911498531833
7 -0.2785493286558625179616754669146693752515808967318501154538614206005003447551695328960047116181865752550781
8 0.63552422141975649710523952826269303146539735014845632316220012524583263541052586253215500409811627486107193
9 -0.26532565349749604670127516019437108559065910779397299833247420587652900630116554855891548806564016591735391
10 0.59124429896137856500696627176771635227809413226147628460710315206550341984162190419065047958107559518713464
11 0.68933932535755646487967738167807210760486296739509259166259422881460384215492439580263123928821177277786327
12 -0.90871706310511260412268135899155316552431711266233809147192936956872443808795098417834260182961326876884866
13 -0.80682734521514357608537038249497808756433774532326758600319920744233576793218450219021129597794655932882163
14 -0.99260730126385952031550792874333800452047505966081209967520780916954027088068826942514394013304473019861882
15 -0.11946412455035817583247038321585375178450958132142339598516401301862786380714240819190280816511895016555223
16 -1.0564282910472276672458479415301809613549249212678695889008639801802173685131423192232624851363615270045927
17 -0.53615431683000281440389536522394121000293447457943211859700115335674438051472111500138878677524376213539065
18 0.29314506599754623234549255167512802327953864967954372559005777178092150582542381295880190926373941816133915
19 0.71262939773339842920254400445550436926185813509677473146131290154294187302697133629008596683249718066409283
20 0.70544562480338756390756204972388723065314619361056850591977805825278023083844734545741407334265492737906368
21 0.45726979253733484707848769149553145717608648527615843755805866151282740375117077881360068198926005063943482
22 0.12736539979525561321012790362290220508571848337748711210433264280244039813410504680237734470921422266423686
23 -0.19310372267743041474687447078039520702372980162784966999849055170200839895269066843497402888105027044926759
24 -0.46463288729061817229458842302994937581844169892902529536071799038597128969642432395417799566489177700904309
25 -0.67708882066903058726387096728936821956593552288898641292062005367924021943129968468426599471133284496829957
26 -0.83419405490455441259921119095100558782015828116266877790278986995948245521338203196644399910805095201739415
27 -0.94480779767511877673535142047588799066297740126788888345733198749552583002255978432863435255440606397057526
28 -1.018649678439859721399835902087875675939927447754385554951446568335620081991958891738409360761289319884193
29 -1.0644898060857742865564660832731524457968195866022201436283784934417668106833055547907300561594936216573503
30 -1.0895729987835060664265270595986408850679626372823629876594727536730804968895837229868371114875605810060587
31 -1.0996009756337134522470622710475780465625198670503596590010128964647710566776282755013129074014568861173389
32 -1.0989303618358804313274265389295269727052868129898101770781851756498152738230221719229237209753907297036818
33 -1.0908258347810687912238352093060662499821575452973781348906813823139928113433406520842252654685368392815014
34 -1.0777001352028373618083580784601255001839860097451327641512115845371597021200621710633775980016246599782504
35 -1.0613171042081151387655797597492783454676386547894497896097197668562919480973545910851087405529295496380352
36 -1.0429538401658886126592130802618879780373760312238407381784644625882812617207684587928216190444311443063777
37 -1.023526029976130119924607563058122498508389074758397008936054788681709175507905829582571158258505248305438
38 -1.0036829112315893139507539041964895073900590408452797224201629427498803350992563527928401784292910741946985
39 -0.98387833360125663405767809327208855756583935426263385973769438472104268650102153049155625221554185771396957
40 -0.96442351505698553060324529653199883974530195300954910655110943108617230316587956300740284176115848436275073
41 -0.9455260092457131937583158618290465840136324177767457187790683170908457963405600112851869905139031078454003
42 -0.92731839240526838056184922498411617060027513207515326481154598309312973181873412417356666612710031767298665
43 -0.90987933406607119478166155206342010819327300067217149824590936851212271950485485634348699569828856954640418
44 -0.89324904674738997580163682323221793191478508786792669821594671749563857573360377202251745448002287025059542
45 -0.87744059606272676549660931736426436217317739897906498986831985745204043828700289125956218831184238499883357
46 -0.86244816551222602984162487808032598494315165033136812888771955943686117167282122475734556331790838233710451
47 -0.8482530819429884211507892113537922397195710422458051162041338793967355659123102857131656549689596555000272
48 -0.83482819450257961205196949888731368110108911716554066615851077825786210110890934427538919621065068951617614
49 -0.82214104297264125062099764766685112353513439862443709936923304516649216553444079543976596522198587251941833
50 -0.81015613607482108159805857764930599752942963661956069842422181878654817696259806992080021996428895620181876
51 -0.79883657570947806789222450312632164956527354951390798333312489532838345467214118617662129261162178514579247
52 -0.78814520095631825423980580639087296185474992844957026842554058772595684003712608517193964255589795289795537
53 -0.77804538001854223545118181420979178531203221073338308683856139257324239736855978703962062877483020657075958
54 -0.76850154471550254944721791817354169466978774405330768899364733410297092747135445346188422727522378401945266
55 -0.75947953739590983441607687024302626941616081662897068434562195371027390067012430094811551171790825509855358
56 -0.75094682189669155669211881833348168541918606320548226457460709833300161702841013959646953503897794109050368
57 -0.74287259668960892704484597254692914945105470973749441544134365512411649100590964682547128571116362694071568
58 -0.73522783837989970186210804231413104668366350046937590073395426760104291573088709664398490763347805479735206
59 -0.72798529632725225717292772280442560759159590830203940422431944137809785809690738500635938879640311122416246
60 -0.72111945367392952847705332240097193089588173010590035417452216426388638433271795232384045212618932370690548
61 -0.7146064659917540785939761844657157056496721750394184467065202554922938967175306875817255962667023023394791
62 -0.70842408573377965691677125195976140934300285207226964909966554196451450981135686452907764434358833270681537
63 -0.70255157842844188708677849961047506866327984901215262765553181434348950130111494208866181034777878943624853
64 -0.69696963488465314079451371998550108109786312375976598756939774398366423650533028479345468621788033208044134
65 -0.6916602824381266892543259368397043681294228552088480069044509569363928898829156636476139436616599214408241
66 -0.6866067973526168455146553707657762831113882626942051988393240146159011965242248172715685948378234431420662
67 -0.68179361981322266136421185011539889784856658496377871795694858194493927936481030558776998090271702012079668
68 -0.67720627245165043078950912037660339336540463964768461260599057468937545185940960323706803837435613643359941
69 -0.67283128297998178661733742625863554647144732410114259928625010653297844597076213723791041568923216822925721
70 -0.66865611124610644934882994881222885921821378143281577100779314583665846875600225452409078772009288104042178
71 -0.66466908083513132834204175302170603816386228684520798874671326393700398035743013829203647868798861587852865
72 -0.66085931520771308838663299668163577527379475002486873979326304805923503039950209155032229759017434572325392
73 -0.65721667827408141789194845850974452966030835656443176746777030759346773420745697930633372459642470833223468
74 -0.65373171924079370075706912224159634063509051098450483269566628250449141919341333530411635638109035652170458
75 -0.65039562152793438120499492193120478145369460455802155301344550346898644407416078545971627562928467781419456
76 -0.64720015553150210839793336084224105770400680204841257861034736568612672519283016426671980992627863385458552
77 -0.64413763499458722282680624725003278947708650998896925207462840106780987182139469314022325180344223757447352
78 -0.6412008767482444828254046662768707876305248039113621733097800302989188413135793776026309853925741648511756
79 -0.63838316358618410932281072537355208920100309632264094029477802746841532321842920394760552245095853092749145
80 -0.63567821004465948799845945628252027873698051894735256741339162165082292970966773981598991163171857988267252
81 -0.63308013086883216723407661157183616605310499188850222918703868611314762475484278967888413893154262922957222
82 -0.63058341195842233402198246977124111915385379209848744404793211233110772473950113291323137285228221610064657
83 -0.62818288359786112886697380101157137481755603515021335430012415868917863254134416758042383841452954218718239
84 -0.62587369578891365589575762351656470784588052051954026769258622891140373858075821959814900335839838617018889
85 -0.623651295516458179937849049520415229134861991760035459117565317917610330546105239125851315578936292212083
86 -0.6215114057905242644872136081256032566739250195577629701799849074746977605383946302096515028165634648996007
87 -0.61945000631963375520032187702720422061153861752712181653694207143109664166971189993854766120289285085825064
88 -0.61746331568184097973456522092666938082500961865593359786311057227749939209173019307501426977073983980414058
89 -0.61554777487056681890773943258734899240626537774168376836973511901749492018407529509451056855055567863327862
90 -0.61370003210233408997916148858117279058016334018690945307544806774605515523755840073926896061288235082683575
91 -0.61191692878283212702674134942360912943006961242858344949556446471650735453119427577827804484270545788263235
92 -0.61019548653637688980264914270992179314756439922707068431631967415629582088196083106638724243402964277831977
93 -0.60853289521181146646813785376969938236742477489833111341031736350864493652820742307583349512325085289963847
94 -0.60692650178524023587764052971748679838509278297828115381093608328019949604979877196003881974393968161980775
95 -0.60537380008674270539606641229219049755476888096292974341327145529882126185640638923386696403043738117605398
96 -0.603872421284407144385111558892754795241826369003120908033823088204017927009204247513652480290970080821128
97 -0.60242012506469753701426275945518789846526719470380540436183753118570708489665009766195295515473331781557075
98 -0.60101479145335784729232643963151535185447809221561535907305280478233479077603223438159687074109805311712831
99 -0.59965441322580193378203692407246552028672727122972290734199311522137606292567418156028496438738968607950562
100 -0.59833708886027100312127558254237130037490357490966954139950667872587755355109213924629600150172760792815855
