4 -0.6031522395001402995108365342256185953333601744319115738916111498460422189442647619663742941186502865499879
5 0.3998053235740408995280649098963458431745980433078899070890039420265701641141006274735100584292893242515695
6 0.7092923025507320074620330844336310783446741610691021703765592566642811118560346804913884071645535221155626
7 -0.6308746795745987166642744899929963828008926940508289203998961157701261594138030764641566525092442059846866
8 -0.128682038365895829262346034469472804130964762062047967581415510374198698574974466476145750658548068492824
9 1.626225181081311718527772174379885429637996088958806270512950892251233732410475735019223262782294726726945
10 0.8357487383510458801586419372886612159555831802695218010414778032642610686514455065520034528760839323494892
11 0.07414111721409043624703342677063872258130303374997290000532726408203313171994134607799330058891023253619928
12 0.8422305902559427830661967755958150601161531034244303058555710500950937356243565703244073592571870589007159
13 -0.1970464573090669367770305216223955717574114624040549220802703404424228716396469878907882139020211639909432
14 -0.3687281260871554150971448556567259442349355073781709698939732218948713435494933932003445427538143525978293
15 -1.215132449444791341892750537942567815721809805476875884013110078694928142588345501054728640855327330560251
16 -0.1977661047716010798470533206748422210343476357818267957923944107056927420587587069855038826452259424954577
17 -0.7703390437917220979311250340884059048224682211471918502571655835758602860177284023251637788958429993429922
18 -1.366080115829992977324744364291281463805131662133919999086965000412782831364877307264742740251617261232924
19 -1.399250422358703123478629911616766923438796363657489243930792348486826554404044749825503918569114125512046
20 -1.047612556853704959712009941316814311040674293850306145394333710255792957664058002246247656728092282571743
21 -0.5793992523036773138695212550007094382062279584926664213711263717641590376630203457431704978031584766100083
22 -0.1543260697980941158264352895945598416668932454296305643249911755771987803143093779731885656914332212930804
23 0.1674589133585580021444069098082128621611826770331852927377769332590510372297562523500153930217826682601186
24 0.3807148128470733386021855781214319378711064423245775869223962612131785929236652663930400221212943609643499
25 0.5025872732074160993090889734315251414921144816044328386427075712555619630111036347744276376227409106761454
26 0.5555316594189159000413789439931684095754428135496851909635158607987354219656124291839716091847086426024354
27 0.5600775282851488748422377877400861835912690767989744918812882095243141041953628459762890431226759191288002
28 0.5325921143967276408856097546791677541650925588132241282701273364614147349107901788687605222951738228730612
29 0.4852088856649402054591306462242780652608870625335998462190590867043921818152029114698438178845103127874498
30 0.4265147135250955221689140140786855747072981722629444326304003555118161534472298143076759889552214387905572
31 0.3623779094874716717381782013870177661813087226227088676987866218452968384100516306898726545532956666902114
32 0.2966843520959671361663998561413873821896321913734762682567061531564159060582925236569037883623008285575785
33 0.2319196898348276454403428833002792858761302768706505641638652071463252395448151238795887794533249125332006
34 0.16960306080181737305627989956983318098586821084705135271485953260374078392350008704964899283756027358463
35 0.1105990609442390692643680978678828935770307330378551063101350032930747544041178429577426748625625568993859
36 0.05533713579696898033990509489573022799970605242296906097856561232416859757148634277537119568947340827539267
37 0.003963445172139141146917146269174666613490144816768077275212654197050716153495904046222160457434924093714024
38 -0.04355530714556207446646724368605613986755215957132125265683557769092404462126097633398336433784331771437022
39 -0.0873616657099515457123030485232416549205316107672557620143117355400779629409721251286283008120674899307469
40 -0.127660490389362956160748771919303879369928875472300978245346239818879135248390461469060397183455773915906
41 -0.1646880030915467136430991853302853125857257341420849444173516903978285917860177244408885629325030078392989
42 -0.19869173073292439130014434496395021592292195662049857450828462154402096439719640835858457785778836883262
43 -0.2299178292913989935977819115752132251804143410723807635158821941139925451912349708602048044678534644995709
44 -0.2586033714705385297909624636312063457489229093952110223232506132911649162524390922130743771997909731559158
45 -0.2849719424002658606055435703361993138076416294692320991866085220301524982463660691246942779218555567129919
46 -0.3092314138149996814141761905901373596632239015098651014224260863690391243176252906858194233074838121923798
47 -0.3315731290496907775050243442284730122198260218260818146848492800300069352313067349888551255414718911658291
48 -0.3521719795800370458729832461801832095072395016458409792172852390211734477192755557470600119679566482790555
49 -0.3711870239831810531971446994214943221804772310456252206443047997381829222869750020698148179296068207182577
50 -0.3887624165340575078347061296463503787154723550622107831522416820791752171634100674137052864888211530230999
51 -0.405028492022223606813489522263894203430272918869119105491393249160396155026365406045467065859821565714947
52 -0.4201029073623621149298613652419882715942079545668952278576026930007496570541664190444268718931214101352802
53 -0.4340917771437819144507404069666883778048435843623934029369394238198258572000007815085953007610718355769171
54 -0.4470907648938475498545793050210732421255619210334481081042948672115095130695430894727215971191228132055587
55 -0.4591861082796980884174589692575258587541474583466033645079802391845241723733574751311615654737202049310791
56 -0.4704555673288842912716216459301617620887334932430863681892909048367391050375830370232528846428254199912084
57 -0.4809692917920934694843682854020923570625273628512595516456512907680326908568021926021796729297738900297496
58 -0.4907906082240030064405886063079664793191417816177754208892631956130825093240030541844091792870608919955071
59 -0.4999767300632510085989758969589051948313753906653319219222637572017739726908369189375558487736977608187026
60 -0.5085793955278282169552906408716944417351303143183533469901867573726174537012891601698821628733419893837868
61 -0.5166454389044665714515264918943985789469795786750994292755905671002860476974018375410390013379828046027129
62 -0.5242173010710142535049277718714921189029571095335042485195184667932954132997450365212216271721523633274761
63 -0.531333485033972404527346206348557920630177534768716586162867385962356443963407880543157549191644773837218
64 -0.5380289620142237378237820144908249258826737631378185335548035125346440108437480102966865502933249627931825
65 -0.5443355332562354904489065090689762142506613668352324307850924668792487854613544461802833271096648350649604
66 -0.5502821523250733289440818352570054649051592906124679898822602081476914168497269196465661102123443736007306
67 -0.5558952122274013909098595825866300273545900865634423802571765641932765912172212290869426568323424955932586
68 -0.5611988012699931999692193298459568107839258811498053177034601768198335220839548188480797549372583541452389
69 -0.5662149311658793376445378318963913787266629609461213437705433884576045746846105127594070285789162283324037
70 -0.5709637405218179404197890303695558108512745038215277154450867960041173746466764095517219370845117924980356
71 -0.5754636764950049878354700768958899045519295321789226119039491942908804018082779622331947439187587792627552
72 -0.5797316570929596661724065144827197166987771834639682831935133917634295626120332020543639115209342193912765
73 -0.5837832163078057841485628667625181776144677716247157310315659226520127844248499762898161768236250028526156
74 -0.5876326340232171917735111836728243517024148975468866997060453542369133130921841642466971544679925695690226
75 -0.5912930524070486980811644481235572599938453096575407692362880867042995000625676713083472699683944855062286
76 -0.5947765803028206136547368157147371456734743903382791280620517240168268996291918362680099821670503514634496
77 -0.5980943869563806551652164459530733557746606772713253805252382606239027505656512279832245614664895990264939
78 -0.6012567862578952649944695703713010664782411545190385713666559792483531344009677468747487783311401207341997
79 -0.6042733125416060146743878433118401853625253424282550059990248740506459894651829188524888225483426003652788
80 -0.6071527888644662931330484768725450447982549341694142736887474228092429486940982670857082813820006220569509
81 -0.609903388577965580120715946477053923815875702780758607807866912724144945934148304842865551046077069806509
82 -0.6125326909134502592940771893920287034275724570330448868298599846882447061123629355704380284045725906150064
83 -0.6150477312185341531753088910067665369342593955485442862049294761437906492763517367827564802636966934708602
84 -0.6174550464093983712382519200768948102474772657413380874436081027332216063039238297831911331302750174300287
85 -0.6197607161397026073570799839734151911003110989145624884071657713646972359410082357046767659274935907853959
86 -0.6219704001304035133037424484592526042014216947986650599656675349482167381516224315731217564028951887775134
87 -0.6240893720550621360743423710477579839322825143896007983139374923827847917464748623506041483519398436969963
88 -0.6261225503313973212315831438031420838515126540391956538423208210105842045708024442756898360484026357893911
89 -0.6280745261311822877748667105490322577476859095284166397965705102133860020512131051972868447864879669198058
90 -0.6299495888864536102897574071065673348841568740451549645590234959429305848701924867915500560323471695420707
91 -0.6317517495398508315884498479142732339384104181278972389543828436170908285065679602631336382705829459901592
92 -0.6334847617602454394305136480235601225005887932276900746656938191257496488048660081614073705317868364045696
93 -0.6351521413212253382975961728419832529801042717772473607675021635242086228646099510079224165692444097526958
94 -0.6367571838191038166194221872525730232627845002101984003769298079900343498015052724238778945274146564123434
95 -0.6383029808885954646792337174718927094071030585288862216770728869760324466292960416752599587098292032338074
96 -0.6397924350578612919456575194498666189448243820037529108412808245859559961494680368946960028949626504625164
97 -0.6412282733700226525832460854519620396379219320246646310512150981410151421680918710251981537066648396761759
98 -0.6426130598852606960469115516190188734491314904270405785721281671891522220710961856950192996074575121008963
99 -0.6439492071660641021372993646452519318317087623093336497997648038462444749626047503055542078956215153293856
100 -0.6452389868378955817502381182334970156262524645965010208759074371311448083407386798705980774148744738252739
