4 -0.44506199449096464605162629016703529805196912215826890373106245577494292374403291881613523930037248720825
5 -0.37228005583619338808602530180724845033891077065240124230243468505159409819582809607021658357774078192354
6 -0.79634849394461748568191762182879092456338871844683077451321431878645922928799384407763417663674052930412
7 -0.058183922854512253131590347378806504564959914790087272630766396672504728437609918872349220319207260958191
8 -0.32338080784198518406895918436012197832419792738073842174834142142637432463698354702565534395483767489037
9 0.0927859181739943104538753234421171260124865593438124432475728275231825464917028960336870430182932606745
10 1.2043401203772111334790550854480353005262984514744189936960559497813728361220208768906688879427153096524
11 0.065555473439625533698345863050195458123330901564520438410440969299616907891034542410027642486977749793549
12 0.65830136173398403040694713725944265410117271538827847098889245806438498285522466393408819111615890044827
13 0.31238844655135136815993011028579988051964616064873427498573332069217802871404589644060507224503539446319
14 0.95326732979826395159502749963222600789745656231416877787788376400323502836475503955373476849046321425172
15 0.59556240735353277646790549691434598652898718875255129004104131748594325214385361284037618712326090562371
16 1.5821793517698840121693540300243629935052807985696636582854690075411636150579678965081478251924242532607
17 0.58465157722785141229232851369066809025886683959399183139565900841783498265801243239587306206311888357131
18 0.094730513849605580098964045937607362428119619204661912264753175780000048296951026099914420905308624085053
19 0.2666231588300323124311787335592497566308667736210957444832186756618721339057398196486894090827666275439
20 0.59702231523327733852492245628472666015006426938587843482324401477055055062155693488216227583788822441086
21 0.79727819075743532744122066256877082787001388879237559599986364967304428363733087997059852985465582513403
22 0.80921183615629955493552070250814115204632217633813519008573666332291360400045013898431936875876083023523
23 0.67526364806515572162128226908536156091714536457225346591008814987643877890519525155907221579312021794375
24 0.45738874641531135146420261149013404021346441527264755510812645266621595047793060019314568460235778456839
25 0.20611434195274112710001458957875495108658411318309977534951767338657653362158755823909244236969555685803
26 -0.045426093422136779721362181961647519456114807046401440051867096323812323160334883416916755035760524014428
27 -0.27864049661166111136985458625040149031104431641437192563123579599232754685134634299617621762316472417227
28 -0.48492110301136749725872328517077070030077861185599082615057349736762858911973581963909539488033853066293
29 -0.6617750944163177815918500725349821769729367534388265290112689990539727217092996670729828164376469662849
30 -0.81010770594058203067491027741697073799349829283153128853736065364428438122899620726455864004436978218946
31 -0.93249452984653638717278250697767181333425492111365183559349469354317998260466987234692745870119819232519
32 -1.0321572372517001581564424901878910596697712929518725143953559066604697298826534426909878201735118998588
33 -1.1123954689484424485737895189366850346718460369343453472829687367535573592809206942638004284677034002303
34 -1.1762977103671590129609892566849715296412635971500551831399404331231337449807443465635333811085158781669
35 -1.2266149401735573518622413033664522777376498715539190753098428299230635173472060540943203393865845150768
36 -1.265724753497224598109033841708490881628459028825181842924223630690633459872712758677429732954801875869
37 -1.2956426591111784735899279340829802003879490681283144166551340101549784768410019532823721349608350143408
38 -1.3180554743781000409836175332992045822124086952654718457709196474378995146469578264291141558040250056947
39 -1.3343628211882773061781033557202065595731471302089530042651753342721744181973804575465831296428544297036
40 -1.3457192871292927823424508207947584340568900078196677579661534747473533844216907031173903702415440723059
41 -1.3530736052888347807537597023299217196460025301841670033380162636116692874746586351352066285062068918792
42 -1.3572033321166138513081550422335982622008559912230747722976740914439601191556684443481073924041107057366
43 -1.3587446496263766310117380636010332416154102008595278854308279819440824473051624656801582587666725767896
44 -1.3582174996102321378479302471284009701844936032907501167293889468196440723741053471958686668956991349041
45 -1.3560465198696661152181037132531591986358642005876248241838009314108557275918472722528840303756694979868
46 -1.3525783404427264306099861228407641523502534455251100350756381437484376866938432360261042148757260961939
47 -1.3480957951158319273447435103610504882447122828849461747056497111644490946513056475967218479565088836962
48 -1.3428295576442873175521152123866567237519553454530297276477043572768058919955450911613335041621646403423
49 -1.3369676493146224789741319176732935498272327573987467300355742945252662950130420327168132428920284003691
50 -1.3306631986931603705787064944829325802649054350375020365252745848157686597276137580977798810970883283803
51 -1.3240407725179533332631956499893302492300745412781119879829826122554112782216404250702235120500290203036
52 -1.3172015416810661192373265523022280725814252802111721743001533221128184416477224036862485779938115922439
53 -1.3102274989733864420465574765081512398563368924174380251749224078731278807764235582714504595611616747162
54 -1.3031849055019618415032354023655296017517691290628408425471099293065791135594785054380909448725651430357
55 -1.2961271097201113138842582044013341875775613796813260163642022788510043188267228129825608870415142329625
56 -1.2890968559350416276919839423993636065580211322717489154331659816566808283138400393015799970459716738373
57 -1.282128177067248090413369044658489332286777262147371207397601172747804459209777002159294280705598120087
58 -1.2752479484910440808608942263100326335693291231345962893354142420447993030685161275318076961142416043718
59 -1.2684771652488595368011797493509295788725829120645207329209473174265583697836020338497501685569872668716
60 -1.2618319931755667059059070137968901042103103155321616427994117519552994931536343087850394083863753588452
61 -1.2553246349688247172676761714530832689702798247749023179136981369778710239127783568231199979023762193148
62 -1.248964044565485173656965421369005325267496365894579371606530286416622604899504302771806540097919573062
63 -1.2427565169800481785554492153002475868733453569243310216839592483853474356968659949475177290652555049769
64 -1.236706175743181320442555995957764600414606290155297897265071601019144470556400393742830639181054787339
65 -1.2308153760156018205808831959648681597165115777830088889382670333476152733959176823597036089746959751859
66 -1.2250850381593120250223656357720581694666887414580118657636947509182527374568767122985855505570302799126
67 -1.2195149238748638254653919068549178075519746632319226875057763302539000516844430719669197214491761130225
68 -1.2141038648400162621215317956528402089090175910894840901711656481822798373607624298855147962553631510047
69 -1.2088499520155013235697453323437990358405501174141412442753666396313033135906223709145857335470111566594
70 -1.2037506923402582760307871926310227948276941601183648360301394419313981653979992711618229188386137540732
71 -1.1988031383592700811094025009312047017735257153927363044332027150833494790307877755785985006015615103012
72 -1.1940039953620405365638250200644145988694187148473279795505074704915599921045722265403276152711316729536
73 -1.1893497098185351304793235694504244901216784379481467870361683053482622864090898907815142571024050741828
74 -1.1848365422496226895307102614189114927821317101747558955604276902399045883783684062029736773448464877512
75 -1.1804606271345023594780307491631861985644010709970921706015220134173050529701226559547948958288758336882
76 -1.1762180220171007355707924617088163239502321005379642613190608408673245061965464982864777553437474039213
77 -1.1721047476098243948139228062408411439143303542475482729802365513520805317178800879019525697209610764798
78 -1.1681168203924397247427706638599428475763359959278960279934071655466744467034932881768140747959957769016
79 -1.1642502789549187356120252133052418973951940636043043277466601192264144353716030193880548793832327545924
80 -1.1605012051266335494566370516276615784080036200265711971483271417910734302735310732940307147277245867841
81 -1.1568657407627993123932173611446570490551377509948771367357566882908951439952858988216049206957471125728
82 -1.1533401009164256310901889380611924202558062911557066405074374577644741730516885078613780502923165328956
83 -1.1499205840052244353802050051529114067151463206735560868893399776935446083934460915512176658405337192157
84 -1.1466035794838258577978352002958347799467397105465338002736841608713805540074873861300550612517665229998
85 -1.1433855734488971561714236872949094581005415016537428968104965884047379457672363620474504786243421844534
86 -1.1402631525355658677783889646513481814073733527587048991726732653130839460854256841447081898542742300395
87 -1.1372330064056291922739652227683202809322666537095775250303236439805406928316054342135818670430485914721
88 -1.1342919290794986893810816745838155562703987399813476182535083230165239538519895222707426764759425053368
89 -1.1314368193231217180724700434574765578896782810022248861925010927789781129521864495377375737108846097063
90 -1.1286646802669461357068030430523086431571812276139166957000677944724326255200984624901861315548365387749
91 -1.1259726184052807737035515619940429598375368443635450330406714593581971851778234271938175549224145124178
92 -1.1233578421002608897909704112405184788118530579873227027397464991417392156236387403949277462604627305872
93 -1.1208176596943146868497268908910865835238082636315444051179472189673578608163730261005300031416047965573
94 -1.1183494773179272640211555416289954269085846216883698758117037998665755677882213655191191125601852361273
95 -1.1159507964650974865035318642742001720343490663552910794007578755493988077505250114035819804529444251498
96 -1.1136192113967514167088050849197973029050851007453182251246991185976158405329763528073351956758254463288
97 -1.1113524064221536319953411183944652225691196661213573836583525642283248795744436739930074697390304776356
98 -1.1091481530997438689789361762092474775398517645998271128961023943102677889491720005678770895423609084602
99 -1.1070043073915684979172231841170130933596472398946646916146955557060703168316256937904740303414579424059
100 -1.1049188067993623688280130408323278662521600727019566736511260401381394950956763197885149307806546303996
