4 -0.3166564242309457373892863235836089005612442288029629282007644152107196110633637896168731299350308325353
5 -0.8650741810555808302996891442421908381070744315175184631269034022435809105953178445216485310330322549271
6 0.06203099578249376064577095871255207262520241189635520650004192500372538217721879661517417726605569203868
7 0.2950616542012978206146017574442688773331093901773268583187366974037952812210545600659524890920790787219
8 -1.478499055668951781144552694908174521894155346844130117811697010067154163173557271194537851566637754665
9 -0.1247360168078735635964545147800326603986613795129357156693241496500039783301464000004222564258428386211
10 -0.5211254268800508205712809416541443331243909038272545979581675219270838235200733567499537455661727714995
11 1.037401192763916001300913344556463646933835702921975259833664463999153740009828066132083883832846822994
12 0.7018286749833153995932643569687022798227097241673002239603068934342783195170406707112159498522525956075
13 0.704298814745954790017577443353379769482905818801010492548895868061867656620395565388811368697391931432
14 0.1623145370590816882101286625644388934651599517938412381442879764305120051819328770095380993822206890761
15 0.7195801889037111338172277657416942493654924990104147963353413078160744892221286122186832074108479586409
16 -0.03963646602228974919485776342395496181207364551852919269525716237623016028561186572107814750085843099004
17 1.119595587747769801353718328979437194186035885423692572589130418124720309384168776613089381244203228717
18 1.386919667137710864681164302482590372645379348417900124056007990090199863484752996158836288921871432675
19 0.9850202661921753866725234879148741629355734956774092572113450260068950792595569531176471161542641832408
20 0.5645340050126126876243769326096920329306997402407593765810450584453797937916020980740466541307082170337
21 0.3730694561286535821438170232715036381202262201695667367519159715127152309231745618852911056565862447394
22 0.395785223499621075919643446203712214450567683070020612663551613950707934313588097670789002496687702895
23 0.5438239468721599398610453163928263637384463539670259236555672706443302580443404765107235247949356190127
24 0.7379716822401682725060843824561607646780820682828199676128013457707632169929966952297554659187294680144
25 0.9280859260109571178475947912497170764765467781840947441970934289731620059611576581809692771175155424631
26 1.089014149021518640534182553372393486546719833305864248850396557817727627440200012711698006432352986427
27 1.211864121854241845819493261842668665079281976459591130175285293023989092034285881273049685967368872344
28 1.296740671051127144727732780728589731911485101741129364472064630066448157781432554901414587855621803846
29 1.347977493628791973812277348743416327732333146220768870835204721141649492144602114560242976712832404868
30 1.371383042426768818140986521082532098231188223351306905267476878522108890722130070403841775275562097852
31 1.372809397812678033444192385249814570246868092887139304619343080658545665113676784810390330080900205793
32 1.357501742256831200326857285060284206253138279862983577428920267228571010882331544397648615881412624379
33 1.329873411255062559471663186927653539678972118356320673057871176720260570695330121168591897263497847392
34 1.293494754089854995493895180515312053257143746889161536705910298352617619755862865534741462487251205869
35 1.251177283256509274701955904637024996073764388928278510521372500277795340437946768877697616661574843717
36 1.205090502454269439518190151347368931445438049154312896471891626034206442496426743045235814622425410396
37 1.156880577245633569092771380824893105838580261777765761548886917494622801092272544135587135145900545999
38 1.107777285649340313408075453569400161408251665677494102966652380513924619924075238552685211810872350302
39 1.058684642610384065538330250896422975589550194287137700845533166023369209002333545591317526373785692251
40 1.010254947850849537013501143019469711534118006855937476479969099413287865050210491733802465590216816456
41 0.9629479033678652789278872904815585325152940772994399064722860250406254607165532557222839018825180201953
42 0.9170770833719554088774478341562821161164041277532267753227471415227694498657736131338610281829691223124
43 0.872846068494146901897804198238418998050380231940754576293137967579659099262950583478407767174320719071
44 0.8303763227946722937028362984027797035323189510625158263062071366204503045115298285141959736084243036506
45 0.7897285720385984620337612543734988316032282451999250614551718720848758073001105588647329865953510314989
46 0.7509191189370529756704302796416279371625917267912187771683968721717028501622919403458379285501225360563
47 0.7139322416081988963707663245910985835470398731386078140108204948831432556300985883375997759576702073704
48 0.6787295771010933997700928689358237284908466895395518993375536043869905436544044693932056167984278708276
49 0.6452571925799333626059905138602468911607785938266109214947519775543902467508098766791143569855949401417
50 0.6134508878950794699839893270379387318623697847219199535453701103504624863643075320322903296716193914933
51 0.5832401484114149077958451901096771497081952574974940541206956432705513286157891862993377229910918819272
52 0.5545510697866491025886811733315923214904996792380719115770346942089463972560075274266425908096788533464
53 0.5273085012471987827637564773941685639151051007191708112212232247073289608274712596295074755603130860766
54 0.5014375960534770942100089309701377378694319939343442018022426180492286879471680926289117392807593069523
55 0.4768649134277819072723898610732772929325886227602218398072476300577630661473100175421268612396080392265
56 0.453519182175749644622538183336698868560252907415849619151519705245154988509047607752459181695460399902
57 0.4313318101689443424597170149727216272620227500341894424073547996795672546999021590937845591019069107779
58 0.4102372039113161062485033429444338659980473894608386401266978633775380692208565457159100153731380669454
59 0.3901729471518363641073904328468407029047458057382599789995002851846828178607108197004264532313113710135
60 0.371079875828622874618983204547283721588646870859233603752494979181485764914473155843704157935661658289
61 0.3529020776933710713279627109866018600960598630341425376863326197598940018188885419847837378750442665935
62 0.3355868381245531021642207842921137688549585372674545048289993532688100316130330979430690163814280042994
63 0.3190845484014447284550429735849717134077773464800340123952362128139258944872648690786933506938615010216
64 0.3033485887026999617753516810327330976341951477906890851044670654908065299206863367332331651643428022291
65 0.2883351950257576258093069920622430135473689449833211300723783583446747779312835554703536609641814167829
66 0.2740033168773359610970287544321634980358932927864245835102081922008361356019145446288675485305367452198
67 0.2603144707927357469778822355042326282724119417937362872808162982516582688408440629747509974225045769422
68 0.2472325933740516385483082980306576280607479024459244810633011159819189528063878959841839031646554351223
69 0.2347238964961279468335529542554924526645031636893890100029370700507344422779944972887676811808309467853
70 0.2227567265385617119684194598111285031461048151704030300854116227621022478206005902460027424117674780599
71 0.2113014289041595274371289735922955255043706974851319338359354219275046620817362851394478051274846019242
72 0.2003302186343260296408699185811687609061126380508994423551159046386338432185537952914633998180746012746
73 0.1898170575955225272069556397964465157650297877681185366110828661656743855701516350249294222471154690825
74 0.1797375384617037715110711654089682111820893139937733659903426121968585377135148721384965530497963332045
75 0.1700687755351098734971572279935822399902923651509411339877680488398218549032883449186149571898624154894
76 0.1607893023162210237302928867454944111556769293646813956674466930809575664931705174917021188623604298043
77 0.1518789756409365813084150210007281068796556052323981928290617032786741539907794605727005328483170369818
78 0.1433188861397553129527948847349295239104631653642698260206408573870322045035215259920386590744931251098
79 0.1350912747326919516250605724650017276207648996551618111478340448592738554962523389929538531207372240446
80 0.1271794548493054881453376789242793032602165227788051882631913441666495484925083606929901282679186303788
81 0.1195677400512567936525291043744485367897755183190038376355409185704906115566022102777167340447569221817
82 0.1122413767319689866296409313937120826978622134154391135178433087202621671066770946377880476281714700957
83 0.1051864815717127228824356021573877035433915135713641145703716958286694228714475344231662278696912484904
84 0.09838998343485392555790896744252247106180466565819343763733621074069566955092500835678069619170572020587
85 0.09183956940761706132514465188605479607570002833600775007354151718173031449854050853228233212570659913141
86 0.08552363468842253939789334925724532337335744795433739261519028039121285375466348200442583634297533043946
87 0.07943123605781697368871958109995106184444211204251983993959885415574530533799412901876484773058254572593
88 0.0735520486706071801788983618598960220835442466272029483598562795837247187157376308798416375463269828359
89 0.06787632592857390328754073619691006266146271551454686016143489688059729198985102277826549848831016555536
90 0.06239486220774629431680999918078881596626145722649057308343181043074700808385147102243878979977934499855
91 0.05709895822942650825351281938571046417174506278656129750599006015716057539273247718896220980086640259568
92 0.05198038887880249660139875212256299855281099447618514968902287747047487540308674529007050995339431582646
93 0.04703137328896912636056612995760187336697787324208741547085696196325369254829247151205669362494205835248
94 0.04224454702142829183587318934692338424289058290020487103777377817739817255034417119178553390531992459543
95 0.03761293618662437378443921996979574569157539684253407297423895885397047846464458697462232334199979470712
96 0.03312993335978220263857039302895107439628090271794974605329335761180275594666679535564546818959746921266
97 0.02878927515825751520841042397129071771891503337619535551444565363742996354556626199586870714799967297313
98 0.02458502135680375240589295548098954139127314566274520252732375833277039915260145879476355665860284917
99 0.0205115354266312737964043329090331096326406755254225197328384558871002655078502064312013327011680709352
100 0.01656346639291851913299350478778228187756767901315848625046289785563108236751617852984533190359946724912
