4 1.117219047938014230697677716370978263114020573871631931339743325271373381221142135314332453800179482274797837163529208857150002058570566405172014
5 -0.05158404148998083467034188383267748298638495208777456659181933246733702452749449910881809472306536612174629096758293330649764338112029303716808978
6 -0.8669294938114963880914072030848047078184543093198433938096964197418658311042397113433082159405099563878163965489270396139233914803786471271073173
7 -0.2306247831126013473765949919770397518310610446187633059654035466329377253806811276383601490712291541377491607955202654627477444879118570105551218
8 0.06272782402316196389391299246380122825433592437244767446098856840711799686314657003229872313680162427301801247306585459952160648445902388364685812
9 0.1963672609046337949272457964406052969790514489151135017513608589715357641451196947291233086518517995257694750034341180277789228705587392430773165
10 0.2625470919518401933105204169344114661946215979019211199238927791318602410500019872985267231447865547295222248549254873762045481207627850263637044
11 0.2979994732502093291613726284593951600401452828713867238401991802854399733658864974930488801354349299858628543449051600519210248483675029157758568
12 0.3182563778233642669922989344368438406774002306870273495497392285767440019700645463860933807500365648551544524278359680293485379960725466139028085
13 0.3304474434143286192703306579980181878716292838913613502693153033857983195520063906602881571541094014877906309359712875084027585723790797305052024
14 0.3380983100715585203465929995532624863409122284328445219313186567425977510433795802408065524556455510877534020433274934953076741580127548045829203
15 0.3430663981029451006717025686784788051770017782866268857019547808090774173176801696613583796601963663491273100974683907723165033672026688523608306
16 0.3463838302377858557051661547048132465101706012275976901774655238569558210850375388831140867989994030518096822503066940831646122296424765062686749
17 0.3486505404908369529368693749260590124296548494280555090347112261575368032197052469650358936683121235061437101335974719230440755299041850295854173
18 0.3502288644560160973268747839951804117729054586759261572961975729636863719480981044926972157333204864014820748799119713573736745680061641855353643
19 0.3513449491844552908431555998054664431653998566611200325068275748098751244964202714656250597739414982237555175514575103048873579586235112173372954
20 0.3521440106730372991873183919890307087409449308258563560734665983000862444443559263136498266765191239399030711220318493998788108624745892457134736
21 0.352721634362759516794327756854977339569538135744403550056577752919765374055442772747540996237682059643955874176618465142616028752075747107449704
22 0.3531421184000266237826010634179515665193149849310028854266734657558420727257293500620712843474926132441109309451229505569039867189627026099368081
23 0.3534495507027875791045812488264122666179428850540572304704686957098784143434966500651298719700377826369257320403479864401536473651343422006030769
24 0.3536746785379847581964706214058308933076031991198440879239342961805288303187711440636784204340027935446438693708778834498582771553104185856358358
25 0.3538392711703673952041028060766810593237497290435270769908450700862253658528607500216216323851531513167676310085956057756993249043506689554362484
26 0.3539589501142053598285228797222957452896295991910723030390796409858680882355106827068174266032673208743018877193362444104312805530422739644582148
27 0.354045060860816842757440124587174518159197195680736239716525709630073487013114315171487106319438413546247282224794086730437060377761063199241965
28 0.3541059324226597422410920190754458516209940220052030148110790628369513142402108981696144716210723942770962410334036336321771843913170604907603038
29 0.3541477384242436651465572831442734538145227416747409027448398971471585317768495697907767554574982594031348149764670906114097275077742406531065163
30 0.3541750943377291097952848566292434961880354422398323047423686204268849916694337414628393131444173871335909609162707086475417047016443604473028713
31 0.3541914772133716139554929229517192621447140241036972424369864623764138477468562764301947818562340622805445662511588122690673735079479093697104928
32 0.3541995242523271894991855656844813225535378084397234501534503620358317572605768452959477191327907855260182661791772218894861776675220624852245177
33 0.3542012475712487042647549119262179715479683275663150020484093314642408132048634841964062489308795720189402257135280260194839230520350997838011697
34 0.3541981902756389551673392299528085861410167473941026826514354474270208234564211295946216751718446232994966731899364976887154139923014726959292424
35 0.3541915409601166413844875698064613101406388634072434858039216895639116652207540570984443608017466760243456403617819225794373397905056244377365027
36 0.35418221844789226878200061400229033995816664236224303947530589103991154178787646744023927671582223590443883869768930899589316315249446169611501
37 0.3541709350150498984176947820973655184164285192074434992943032820525269641467333969273976975210271868483996303503696810799987879204038065683466375
38 0.3541582439177070651570382365569164138030207577179581144128796846344312262257417068827146369853306218031871154679320955856497913707115561751273694
39 0.3541445753686925756501951148652700086022983444791464886475952387041929078460525944842124522192083595075461414092910841235360288503322357139788844
40 0.3541302639470088952763372146747600036624316488716444147125505920815304159640690547257777773918638852805503214283554074953711520386215196460130507
41 0.3541155696053353811312742802699740731409324898875810023732988445052331286508416371560792420721032197588848481167711346269627994197719666081151212
42 0.3541006938601455392650870192433670481409767977891926466025067838218520941772499440830598961714570795780825828626599520208560221921502138055634414
43 0.3540857923330881768376717682735360044239180485774027689902024216779617740627503782227635121679735785421428450941747024417029853012259297051187545
44 0.3540709845118445492459374643954391907214725162176334530556181583565493381671600301084341055946156778447697444729403802222718961694429742561537132
45 0.3540563613799204687500671915591146648077421426318296793321726779150909507541201257173092029674342014133213482866010213455140322256297498178785232
46 0.3540419914043527675564235957333773760049132907146327113190830596950125532447952790874041150579907766757550107498823109632668823434152736023323728
47 0.354027925251740145560562566620580352893411823378335439499141999329596171353954667448707131870363302136651765082623203038643186265947683917992015
48 0.3540141995148128632323198759102654397080457577636881218448752257267589768877634329187180333456494004988696775734803226350985399217612231295147252
49 0.3540008396657337780101070308196227975086656510927045272247863070672939691068775495671920185145602034339036728640833796612272474233636803710535734
50 0.3539878624026006466523549415481941391590522863548145305304931816107787147192885672286116409134645536478540375167095601803837562619670407785114137
51 0.3539752775179572289913837450753913902491013823261471964531047404350157808693289635476454443742673148307122608538822013214350034905418538579526136
52 0.3539630893894376995490703719226745073226012989701619214908923267479648395883087814218425354240840897783711007671624817759659548465207205195865807
53 0.353951298170711182900374604166404658019955326626169922800688463719783104093030061647351287013393915078860988066950147720419846059379902498138458
54 0.3539399007440012236098091509881508058099887297924342237126963441147579836333564716562197010394618199214870436477254208943527902272451097940013462
55 0.3539288914823992078854591642819419639999840555301409533354002382433403089531414230968520607669826006974930064634229512968368687980167671073960865
56 0.3539182628600550678841280274918301657650845865113649555766389147899666655563813888814123520995843097438194597856784895356629949348558782367224055
57 0.3539080059404266147214712729343899329078935332725985894202834379294500091394288173905861445743953819573964570495050446200453062933846268763506445
58 0.3538981107665835239253208457333588334763042657049154426837043931445791611041212340672126286437951409840681451263980649532192919415615004103561363
59 0.3538885666727018920355091448217590089867959847770796429139250742855884983258040858263191982278721001479812012675326203858136467444204875890593717
60 0.3538793625320525909450126796524452000899175665250449038201539494855426304088992482906918428903227329827340960608710356740955144888139145901281878
61 0.3538704869537537454443656881002835995059164186588152506659580031518484352577816332552812149750738265748714301428196124870794433876240180409310982
62 0.35386192843814979165272921755223086707731764929212129119146613987508074824770835420085816315475988611389547652714125857944081409161004612767357
63 0.3538536754987619932292612219665722949364378444812316704260936896901848243864639880298726803982173034804158785442429879510792044332703644736317671
64 0.3538457167572236752415389991645484984461017255244472113389380169919835028660322817263449912949341297513064801617907332230969049193475176438332766
65 0.353838041016386694525601813512595973886355291087607432757926912664683050634952522112058875014119891372600833103542220142034596731477776385356448
66 0.3538306373158005341121154423780051884947549245947900141560793683060609186304130137765110271428408232852257714026660093462154456672253180242766823
67 0.3538234949729723469434533489025715424274011313945451178601200751590006255662942668653028258169213796996607093332911248594101341560897547604808482
68 0.3538166036131763521116134531934592809765545351549125527208279204603921785333010948359674547779712671936743158976772114300392662240416081579388746
69 0.3538099531900635132067232499904558033853122276019296719270148655464031748936896224529087413438901497783502458130197764082392655096295004466007594
70 0.3538035339989031271263143458806893311149403996775499443652321609942718193005545284664575711847295349971132473582602438744597618739895174095285874
71 0.3537973366839475624346830002267750930231813407567307468006577602709005566132533058471304237803753166623116583009841682428203366514500654895937249
72 0.3537913522411345826912660526984428422637531859627660450809550365044990647101418646481349607161158142563438608129105536733548647560967112019463534
73 0.3537855720171162415257823041068601000041230780367205543928092395799251118599328573258080253752648968667925413757694578827843131895523839770293961
74 0.3537799877054194559511932258339122111167205322438003968393523230857636157689555554225715086573173406072845773989242629369418111934981113135227187
75 0.3537745913403932008892642286953503579787102621538018144325214333138322338224079336639717074521368292591725771721107241997844151497692522471242194
76 0.3537693752894745062550044748434421192504594118049067562096011024488323993518332776334735117866686025464249786094974629481829451931658203198179886
77 0.3537643322442049870911982289759029853035696411134724199928371738245819854213256743157630787284300906027248214723683197004486781877554743700328327
78 0.3537594552103473832532725591747062568655121935462044273646591116384739671670252129350031398537102370070336228727533399025986174115795979588771694
79 0.3537547374973841964665104131123399578533907064299219728756413830718603392484483273186905590290679176713850325789417278826228085115813545246603977
80 0.3537501727076252855985778698935177367095112823725580519530562563262385932060109164469865738627359401960100626734764068884102881557238210677921212
81 0.3537457547251060173142076264569651082789773871652786691630232442697201141398765253502278489525469149590079655706568976427664213030740521812981906
82 0.3537414777044204779368291364531063836774450248896844899053129444473555688087591830032942587232746025462852234032636275914081429765600835747431688
83 0.3537373360596038716669190023149519499405050894843904837839028599031843176473149118856380938568377898036598427591239032733434294976218772141052061
84 0.3537333244531533653616876449840202479875340183149096992236653756037107526978372868185420509118762763679178849089597377695435341766704805289455412
85 0.3537294377852563124221426327008951810235241749482343005258796244806020025733492518251116180729734582549533249426047556274266332711267427379006771
86 0.3537256711832781955859419141475369292334229069597475634920633226584568362176774390168885836441452574470206741985684306592145937357050103841981744
87 0.3537220199915491116742657953310563527291026509848626908060894475726599396008467006298997334628492117789486638844496510816866712391236426554106805
88 0.3537184797614766387817792772650302035316683055351898263116249103544444438059677843777184675404988211329401432693211016836984263170691822813886139
89 0.353715046242004031983747375360297364705592838182355567966722195863759462942527933134663343144126731447313652834822624677939866471338854577526558
90 0.3537117153704255197496102337248853139704985895828815443698244067074191328517010844232430640283766070127212819827138877783636821026969144494501199
91 0.3537084832635647166264866071266835339871903932587791938787255044189911393961636039377707689468187786779303420725649839053507347098060155177159979
92 0.3537053462093175779800913448068476817640537762597643882245474269548972595027848725722884787906510002221794383936881103772777190172648323419398375
93 0.3537023006585576927370359438305789829605059368231621519593168441276532620636210630903006993084988325089507624162686289958590967075199289717062426
94 0.353699343217398869073790376902138218152424128674399272713050312498328154360377676408827997096253400663072979095879536321182301306655764955678009
95 0.3536964706398077743105296996373670631438737144851031318215106284382790712117553180886795217522665671994157423003116356657131591419052367459597239
96 0.3536936798205577267660696991110288703183526956180025552710830421039294428854395914790212645814978379481886816865770532062653868468664742582597698
97 0.3536909677885135070636268384171461001845957205730261696840259323490801394795091914418076886537546609578099479058399435146461271798138010908521995
98 0.3536883317002361790938190508853627783781422381885110426220676762042846882407788472618446446677524759120839421065349777531091561651123270076489523
99 0.353685768833896320118444857108735729007924881829592606221275914488601669189449945042706001617237199670528113144269977572583230034097866242783394
100 0.3536832765834837003773566791098789738101354855194403503109612997234545636515334562875715534664702327078385096597889758977225542041099698473342381
