4 10 -1.94958565888680468779171091873489427634448604710515597030685100770521928678022210294005440490320106004873896112717507527965823949281074550730390574068
5 10 2.53244315830904059663399512985139340844518655580447371623668333489578110936438861144755295821778757446831910312743588936045833145221912866999371693699
6 10 -0.54424563995042503903775595866672308265339669311597291380537453529845587074686357544577712741996658007091338703783107187414058805409950912202940709837
7 10 -0.420782266751279877180156022458230672548548839392348515188379310698903796514369318930778701373922136784881652483163142573446116496699958975088658557936
8 10 -0.274058981627175371428030506922358217102052222675539715445337633246197738152692767458827898445592397726788346489533854533856439437665391911113211371456
9 10 -0.187993890484876365943165441886776518028170695860505959164548155234145707983732829283658745747615671861311704520511178858452744849752762854262664067182
10 10 -0.136220039425869381565266369918962781165670507747286602568820481776514208040344994305190501763712983240907499966029724722478951037043692084452142939597
11 10 -0.103410417469931048177605524798097894462748638319644077780208105456165957369384943142012563447493312673034353380824646510087543810738497641637477312567
12 10 -0.081587400430073669557019183166737405719863731793860148116748753456060492947987869810829517755014254012610617976059315713377096822768750214650377875481
13 10 -0.0664563790299156783152050353435066867265678059478538009582743690050703535563146750657900936068687941029177284540439788721389478892070618893198503140806
14 10 -0.0555898991164257299616003109689925343514748311886116170807301232480225083789808307905059910841763514383010439483032006464960840217952781799798416415508
15 10 -0.0475500408582672970161630804767849692962573886772585195653189408291774563042447605936950522590183375792040074733036459167106955641917621988773471898316
16 10 -0.0414484903945973597740199001326924050604667924366209898347853188213976969852239170045354162219058120014452944395696788504745927306665129612466558805198
17 10 -0.036715783020227391480375800958389092860243229685742179662061666729687596878850891672718772451485577952515057917684294803710117170459088331163858835352
18 10 -0.032974809854461326519472034040078409282902193708131968999207594460363005745341944132991309222261452310582174809365733530022880452515475343695196008449
19 10 -0.0299686147763608257741767015604912475307149900824945204731021724865563264747508872554494253043457775886052647168585535287914742699224151795759895887551
20 10 -0.0275176482143141640601422621237428224327029581748600493420069341912372021937686199243848732836026991703679303626408210626816791131136525288888691611748
21 10 -0.0254936176557522546116147377959462958874041553833676401266202904510616361217871779130715929275691440489849229407518849088892181614355644239005912480076
22 10 -0.0238030143013319476364283201418790032513492037716878320059288882351444230217525353590076653280027708041797891320185531648484016759122163288065007582439
23 10 -0.0223764580733449271219435750166985550309090948365044148567772794629038209157632240790203469836019906166283345978904651615189986832774139814818156211032
24 10 -0.0211616403359880530587671091651582433159046801007854565953249451156182801637724388212510267367821963710885555107669458803905520529292416193610048392895
25 10 -0.0201185481786749502405827295562168119746216819229279595226583673297351414873243112193158722447886752800194144324787933522004978481942860404575147069388
26 10 -0.0192161691780310391416205704824255839425934810220998324474312901634495687229794635150107482514144290486024991518554173483077230688312848678243407882886
27 10 -0.0184301770911086735824910082478314065053307164393636400172839968419317363642016498175028750347322795708686620016724704321233511650074450334714709749734
28 10 -0.0177412799945640042420939476307102578275745768838131507615949445894065553694357839561185518031543777303194305762947980674351855679755837831138924102646
29 10 -0.0171340236624897920543829598111662501377949245483504509199658224296904884086976502721264000281416858935927843395082131614167014838022283498576075448256
30 10 -0.0165959128411719679802217445460430612636394558509368880297300913513684632121858012779737248499630975236939809111963105076322359589445398202956301375174
31 10 -0.0161167578147120951209749907808084336677397382233394830055642685262858069674294212566724472377745835423899486392939719384021422229467591935138425587274
32 10 -0.0156881828244717510049516993085675755210662052673496982065362219916575323650605928109333979145805902250881636123354761661958060934387293633907056543979
33 10 -0.0153032522461200373478376626565454187070228112583466422947956043984079284516223782051083873668628930663162421137711537668135444096413300982727424188694
34 10 -0.01495618345321394581566341394465630210148073834539863261283418586692586295890278711888155412861320761728076178193412700738580669658699904246010326107
35 10 -0.0146421241957736770294735271554666841226793923400239376660140702867008225801036258831475324566263348948876125021142764985083369265860229552082470808533
36 10 -0.0143569784853991116099450340451592283286728315727858394166286648065018155604227533862510149383863348763007503455760784302498019882707377859780352595866
37 10 -0.0140972693004924862617669282277479538955742687105397694918471133152686292388411296979135375907613555167899774710114698874922715606783903444605382769221
38 10 -0.0138600294919203296529515321479641148267659623422122696068890411117627765092199452290278498024402377818589798261134614294982988633218725937875450383192
39 10 -0.0136427144696442067019362599709975757974432390514483713469844395898891001966735815136773054040868099692745895369145762409464543689458820392458331593983
40 10 -0.0134431318457652697813060440251023637054777056969023751496126875578194692523762655542957199348666511801462161592098377732851224205324975745871381187572
41 10 -0.0132593843768941114069875642655282768164851359774823156907457988023439643658508357925837423504376817890343179992693164386214864939691361546529391810458
42 10 -0.0130898234112182036754833736991143863016347318163481983467478936575674358086256329823735414422035071350310279480722506511302495992717229621319820479505
43 10 -0.012933010688327358617300758273203307419869230415470468913567601483763964276701287437869675826413101660512310967817771745269743023781595648047572155792
44 10 -0.0127876868227197128478979420363860551933571679676267012571702848671611029549870859042773453467094249263894273853934484216302696949829583787467062027727
45 10 -0.0126527451675221831284607607574108082269455900610712939117475854085068421760426610976222739358999365782828561595220510642005295007434575343072708556692
46 10 -0.0125272100338390183769198126051507416351925570624397634572465830610925624809386764127297116591256636614388426469478110092439765567249177111697266946864
47 10 -0.0124102184553590585309927839333648120571865775108871093370685614430781647585027015948819189608603228177669293403361941339007001751931427542380957382097
48 10 -0.0123010048534987746903355031074093199086001283217245630150988255269897956301626801077744889213495064698153388818898138858549000853423647291318282758611
49 10 -0.0121988880872613307993402478595853808097083624871109992186170604904706088765478762422881125307080021519450423139463541013056938161343196250790489152219
50 10 -0.0121032604729101494601212091184339447019286841418613522925203022310887195818598715057526644551172998502523705908687773059699060646637670724622618186071
51 10 -0.0120135784380213494386490606108352092293019223103933446247444517935147840538904138613576498545494014673967731549994023837660607416349383341425703445808
52 10 -0.0119293545373988769839528875694931760665287725621512982700239397786962169767930438307662044362966166452802019983860184633462965913114229041712115305708
53 10 -0.0118501506084177115979998240661871335353262466644091074056938834366072153827595222420420984568583385653452820650995714171669305453387382038677075324078
54 10 -0.0117755718834251905667448087560713552021871276000087657132188835400121388445229611444231924564679704310720248010638235484386207235291711508316381516373
55 10 -0.0117052619090370419904184939077909434743064057479701407071633856037882394969080272733999228900675597927856885239362252558470817747495007832614239516937
56 10 -0.0116388981481746673831393197477349235388074603733616264606318081441433291226178209176174811711616772301554236491544978777697294516581493654151037263809
57 10 -0.0115761881617894446085705586603694136706411799029712540006042276035650124492038571255641612627400996281990102757797973409009398737476389521752530888134
58 10 -0.0115168662844087567999366882468458643658092271874050911515530620973242079768649244914321609831400190934433629659388692152579763018931056657358957236835
59 10 -0.0114606907216994023461349200861001637587496777775589660043919754067866044794032433663618777056509370808208379385564918397113464538940266490383630573062
60 10 -0.0114074410097917461940684180390249243906485726862666767969247978293733524436570312259497921015325627570524918870095394343511839190035361382640716675579
61 10 -0.0113569157856277738434439497525092030655640690870632233098502264070241398296685379913012114766113894514787753337979053850463014532962009505436783073576
62 10 -0.0113089308254730212352965277398931275430184696502611503214707887304855642938284544425145348265680192722716692149338104688775917780153956781343093692994
63 10 -0.0112633173152727784829859865520296789642075548513716299447286550891111475137689335697898281001602812475750077591207170555767275238349747318845558406708
64 10 -0.0112199203219822539609663910096033025796292648314120007401684666914394844676299088991619174679532037671223231970714963648209294089181944623576107634134
65 10 -0.0111785974395555103649554418209209354535291362797059839454042823249019626921743297242170117029534682730070744563483544133686579066986143148147929759783
66 10 -0.0111392175870977643127892981660439192890901905661842720163861416942224196884633732303832276540157639033644820150914849201534417378790855734869458641492
67 10 -0.0111016599398986152654891685532359734839066419469085655962119067380659217831545470028845371678983208500638554929632762701707531143296669572917790432465
68 10 -0.0110658129767743518127931795747046547669086846133403443737412617731258287998131314018127938812236176943982158466915145182494317215856927138573049015094
69 10 -0.0110315736294407900634276827329968730158571650562288480626635077580063917477723864314060633955748623039193557092053375684472327352549792468350022756818
70 10 -0.0109988465215837528980775946896805181861115533817693751266215580997987941569390742432159634248634968721293719641606255629703051611920557194299758836542
71 10 -0.0109675432869494384579512219938430494596482207764287764843447779481423183454886694808370170317762276622972530504919788154438432121842010332142942900611
72 10 -0.0109375819571885942416299303951472023620002284669894730103859542032564982008567744509860551877771745609311208549788964605669954950453192825253740114429
73 10 -0.0109088864113954609576303943869184063267560671632513276408418788023800456257796479027754887689032321144144419849416937401128556523129344105119029604428
74 10 -0.0108813858803170608187404764937488110385462444173647011457391366770047182318094024154209448040963681689447499877399950112055293285324515655361556502313
75 10 -0.0108550144990973152886471838268067777590392812435811820326564644756813262091882549203120985063581588732216212929918612066016080840006440114682847014178
76 10 -0.0108297109031859629703524835877878891170189468188365295438340868016913067194548119285856021163907915136380671832479643627594554373729611691954967780035
77 10 -0.0108054178627029189825577630167493005158745166392719194723687782051790565864936403228295361697218864871735251760739805054549895560802754628346615880327
78 10 -0.0107820819511201613217418952870471830723220855841911945896481313122991354891778945986588267225455574112188478247059576311372864091993449955084935696456
79 10 -0.0107596532446185390938249416776416603446096377646111452127797229323940764587525027884605109467114641492144847440707997725844197992721873313070211879604
80 10 -0.0107380850489070947065453160647408007044626503082811543812128164892364755963952692060270932381831922706628784446738408509648598380058056028314643678501
81 10 -0.0107173336506668803516540265356303309009659149094456871265102748171904622667497012734525116343988673942454713258561194853663733886046447098759854210719
82 10 -0.0106973580911076991232028239313972515058918937047358666009615110260955391542831621805584726501070152260888609366976072899477056829979127973555247036813
83 10 -0.010678119959411387205467126680873297624666799250607352344373384429861089675672360437221939997324096710292469675844238372428941966718724411674358239246
84 10 -0.010659583204084848203732352436550428530709709116627569250745191225455775426562511902957048330611104127966694057727527585584443361293575734287377631011
85 10 -0.0106417139604648855190789982161985286472243756008426570532465051309411178174100926728586975331135009846601899251304931084967469129069091965482685284683
86 10 -0.010624480392809077918761530265001985479320417157384040528234875378782293014670558464021791469596110031679642067423017409482164495721746163208731969342
87 10 -0.0106078525495760348671460796341046164167635790384878810973345830193406049548639957032905054078599191166552713124405584950308580833652987297891650583133
88 10 -0.0105918022306473754045562231703287329739870822328319723304624508476265618000509739904176553228262152866021193063083922992776492507297783802323491247085
89 10 -0.0105763028653752941069667640591586239010347269932597669221180777147795664305675043129606997889797715841030960353378037266316564464092431338187935418297
90 10 -0.0105613294004558442967104513499887935725341727959371495883294865985010209436316102993762046818401226681173804658917037921687721978010237507527111125447
91 10 -0.0105468581967310084070013210031876847820591537376835515082822468468687505799892240219680855069771618453360127618873571713678016082036157372044386499678
92 10 -0.0105328669341139018222402204648228066027144501716875582412705827838202801279373014254975340883155324415591119760421775786537741358676466339368793415066
93 10 -0.0105193345239125089792531689549907667172270165191123363871376686250906520888567178384551123170396148021221541705874741050801160118530465045990259468927
94 10 -0.0105062410278994265488492146844183380478591242750059018699655037218297055800625189164317263476696507786080000463568893814703007467491494475999913450242
95 10 -0.0104935675835392712323964499122427554482552983372659826397217311704152588940600014046708203836951592512431695715495029617411550947423198956771072957903
96 10 -0.0104812963348426410358351126844617193532814113714096609431298078717650938170719845184711564890036095447512949263829038596140752385792041307586013737249
97 10 -0.0104694103683666193136579712614213657521829955372804141420601377035206929610299250647528640165750995842350708645691455798512822774243703844040345953105
98 10 -0.0104578936539274962521882205813988623178428604236569030996985471353310564842302453551540951996056649597792421444222574803451043317979939275768092027377
99 10 -0.0104467309896322783025440174969254417843297914108495439854566351290673146563531335584670612433312379270959088358387405822456270531217330987603238945847
100 10 -0.0104359079508722097994675808383820284052691907295642009856387139084617158121621357325356401467451286707426470248417718070084210503853749686256601595262
