4 12 -2.55499740757312030674834688156361881410962525752608190869396898278332792275690849109495081027656626187679630199629032086399485384703793817525739294576
5 12 -4.89530773520700143534742077995105344280443260563300650595437796716698032204334362981108992308059340401091680788190765011648054635063558265241534199897
6 12 -0.116254438263782619866155752576209680192283332802824445618277683464982104884698456703900964182761246206420977138858783717143235704012558179511204229468
7 12 -0.717705398849329977412365065821173030109323956790562809975939935328521193748924025753713528263100211980710479752893364249088832559390451953061307473727
8 12 -0.928213869377950052437422253331497772961185114122247827598944914625465694037420640992277914438029383152671854637037652538901211702395723696509906999173
9 12 -1.02904864359749877541268052252236367879808450937221328990017485387423016964054826809225380277566584281056425084897289040753751081377277894198129687209
10 12 -1.07882383636546830707147376800487441566673215457899633434079963234895094777681123340332956900940294426490694522538656826133105476968761860978018428454
11 12 -1.10424430036863001988855681027357461374454408412083505240610733735748588328720093504749645321764482507730011637506156134197113514795662833742137068148
12 12 -1.11749765471766491949627065238643484625782330736858139948122363514343001233004980728250108251519119269673130139240743017197910238654671080275521627227
13 12 -1.12439836013789382222663511444360708427338117994015371546052169028367143568817307540067677515367887710353475932173123658396520970793326724325031699077
14 12 -1.12786375680344563049174252701062135845648743537494708186698297804784105815409089900193306267537297661474502007640920514561723423824239316926204993233
15 12 -1.12942500790597742503359115169230513917269424891214169202995542128886924857562314906016352795396786451094188487436425021879183567316910197856060649482
16 12 -1.12991651789456503868081270366931933692439376255488415087335028658827714538918532772693894302049503814305300883916715018644048574474062646465669523612
17 12 -1.12980695062817097933355983723245489578477239647417773580882230355037154570864685603083097951866149812138265050702167523705329228319494140709677522317
18 12 -1.12936574348773561936546286340250911414817545477924896613016413865412977819925140466980322991960692545653142497369796900708034927104494194047559710034
19 12 -1.12875037154805742379450677535568379542926426971470190608015783180063753939397403141675924535875495036034124444814370331396988418166325721769888372771
20 12 -1.1280537348692514022639749758134479197247875687663382091341735254153280044972440312310544869783615440677546627849448856078051114678402630603017376081
21 12 -1.12733069387444071611855798051798161619916025806946277866555148266089174757862012133127478570624988113872969329342812860614420316171782235818460272982
22 12 -1.12661332611506159743758000677230293310241791566275494781489762013658532779610011416595802971305237462644215167716695669863500962508936051920184549037
23 12 -1.12591989867774045326886699740149529418767094447719444121820126628496211710787430692503402196414692539884170007451502211473838384735308168520697546031
24 12 -1.1252602465389272483439305433640062507210888062849146329938068938620573542932943631919297364719005239007456205929707669297969078978661585093193965825
25 12 -1.12463904797486213606527333796620569047908298621119557391770059162873051601877488745900388541214631290152224038535573243263598346137500667447559818917
26 12 -1.12405784470171255113015920662775033106553004581879048456898942789644109421275825133868493638015219787141247869185713513766452814178072581828064370085
27 12 -1.12351629964192162721313516080598752066998577813933858970929994428747998771618840259499775349553318937662397334961704359225904689148516410219271967716
28 12 -1.12301298473786562632345888428338523317530761278027895329572185799369623356663300827116048602445847310786225411691724987377868085054070683042081472956
29 12 -1.12254587542282016085270551546849577976412179542441520545560807281166512502891963404954824851497480903788250702922173813230799048181398688893332846027
30 12 -1.12211266011270067948970984399993854873107322901656581584092473343733476030782949969653199069123963508551889813164578627661153486099760978818095092569
31 12 -1.12171093213730810173028931934987435162080630982157063936860674856634036511297442063649947903527202049840143837755945760247072194637726975685563501721
32 12 -1.12133830656510900145381126880555493633540257220720693117649015595471321909240509628085072522968983621233895111433449042982052064888193072834646651986
33 12 -1.1209924889318757408515462884955253416798501327158358064485186236972617646837582716991163732983811305639768015986827818695679745645437819230129092052
34 12 -1.12067131320502149116440878989093079514033300988888574507878910851127275658245166878082998770710764794443216483588716970773642589489516057764804435726
35 12 -1.12037276017975871149641489254439815288771714566113589062149087278887502601190906793652312275335745863070932348728390430651120848366820660991635056414
36 12 -1.12009496357391460190701380694987160377902674633097044917463456320105839222735310330349783072599383165490304628182621468864435679962662534931772122495
37 12 -1.11983620854984057313606828242328912969601816660200889693141874896832437025913547324698312201754651982426832432278158274801551887541843871975039424358
38 12 -1.11959492573991004232833307484155886985513591052749075293872357126286510708234708279781878240454047660811504041398680402334855991797367560428937105871
39 12 -1.11936968277068010355514000589681786795642855323611693869402358462041386754312002360091829273497620038536773770224899545690677936304717316953706845192
40 12 -1.11915917456977045363070107217743016921639845816840121524712164814398334311831696477035255002337273714093830016388947833404634104604217897299161990136
41 12 -1.11896221327079255373169023262430796724610542484618784477954568761579465836507358524442513489270703721913188907369241564191475241230308512717807475187
42 12 -1.11877771822247686326155172648185414884609125746785165420651555660964998062511321994672318328612262668024078184267311559638773401314957878151408234368
43 12 -1.11860470640456023812835400837729644177685701103264281411982294641422315866831966683504660203924029482521086973281384723792260510333337674082737282068
44 12 -1.1184422834195924674126999581553430334507496714045225381980206749853360832057880203396195462193879403053837042278208275112925546779396045396985890653
45 12 -1.1182896351431873958205709079536519772504230023038425817680868323604296120241371064542521373688093941826119767053378044557575398872739826019211055511
46 12 -1.11814602005981242355365279477506238739277977309195787234927614499494672253162969841901184127545789614411606076314301758800036526704919990454284978435
47 12 -1.11801076227657889451116230295000608596491391603470505135708389624170059053799711107408084794552332203445624484218055638827279092873328990794019388795
48 12 -1.11788324518668864893503278538778056740526832899734994999766651923577922758847378913252420756024418082283969178546019496388874763391987153652423619823
49 12 -1.11776290574251709899959736719191754088534213547342251107846875127344417666044332758179065831722537657641063196320623389504787859192909580298666876834
50 12 -1.11764922929261074362072505051632985979573972102428619326143714252283289147227311467261704384398974320695042119861224000734693872008573862765793442639
51 12 -1.11754174493501900536811202339030810447227987321878733247730060251169682049209879062563386020934080141332758279489353873257507826750271426529073053482
52 12 -1.11744002133993603821547161577967509475438220837660769578319825627027947377252305606042086944146098534709400162646198501690568622514862923649031521058
53 12 -1.11734366299663985083611193416630580779875679478375604591990192053377711434579415569029515596538370047542874647670473091920767276806181217949931630863
54 12 -1.11725230684254680893318148427284343928961288164002469390092191785033979929691596291601996563503824078855166300429343503051574766872387832883726968166
55 12 -1.11716561923543043349085312447136071349961881399984945799495033720789608317885064897196535596822506831703208106947088842609108144686958496061614003109
56 12 -1.11708329323321346924416470783603953602788147011960394570995636646387925110428519111603820484990415407041315889191190259020414272354930826889686712751
57 12 -1.11700504614906067510055909359195934588710115036940706473951634362342235346673860111659069699398013415922035732228193433542837717869603978302376538363
58 12 -1.11693061735267336182176982020761864895055634205632104474866429973589374614394010026705328278675880485831268073664310138174709714530604602292384161277
59 12 -1.11685976629165714260796825621461689794560908872017410809866393368097657596016283830748338643422012428632693280963621887140521943924803475646748243311
60 12 -1.11679227070957323506493490552145193767319180367546830936148516775546151355202362133771674493627887775386963933185644971200963866661788802849478998467
61 12 -1.11672792503978187063456689429687556429431564551587919891963396023349260236798183073461603547847822536786224742913491595091479515091250447684093558602
62 12 -1.11666653895644707638499545027811175721245850240058853575258930741719444220925525164694904452526413198380312348475776343512931357927990934265196861297
63 12 -1.11660793606610585971922775146804369217484379546048877641183723137728080801893369946417977077294457161215008038211490891138340946251345096050868006633
64 12 -1.11655195272502640099678639118148673967629944770050978506630235855983569558072969509631999698846345098357255808344172310198315247517051769031648401958
65 12 -1.11649843696920603627559695794540167711241200573810163521177801827319553238734873737963021533068144118588647406968264296267163030772951295608563314433
66 12 -1.11644724754530803167866354130278402582345084317912318977944092768367529715085183843871754033211888866335590070120746196319459354520869699426757861436
67 12 -1.11639825303212361130576313196645063956322219535911013845154665444453553203840708120319242017576472040518237545529880518293447242910829430546734741313
68 12 -1.11635133104328882287212663112072235619874761312234050834348943723182252485148488596819026635098919402049192683992637880684312709151544471057091928461
69 12 -1.11630636750299994796478975128564313538543169975974051846125601435400138914966617133797712828764275868486720087361735352995837832755383141306653850268
70 12 -1.11626325598737039545731343644496871616826684225381132806801694993815794877252143941865755579701041885074626401684660456047805880704214835355647408352
71 12 -1.11622189712486918941279308415883825053411891160004014853862669423312665397728720789156028506789868087469325947128825884337274747182976601502066053321
72 12 -1.11618219804998785111902538135648588507920787986490352040843428406428340062637753888473874664085056528243035506325271984063477507122784863972736375409
73 12 -1.11614407190490905314484874077375076391964839757622253401506442662487356349777764381720759635846084560913812433354147274535755872524257559193260699057
74 12 -1.11610743738450614597270094836625879078258626472625763030652771623823683775512242439939466863310560542623189611322217327761761127678145791831611535615
75 12 -1.11607221832049575029096181638683147681202245681918797096511288264133058942633122657225274071596031085960739812390680402810980139599960168547322070799
76 12 -1.11603834330100336101167967615110005351960327607136035991373886667599645123733559405719357568865433162385021750414602738804933131623077419738757181154
77 12 -1.116005745322190771022026610229572135620987185919132087981917750349988330228457300584352567582301964479122562588938716337854840035652798946096541161
78 12 -1.11597436146893978844188266428804486086057840339934527381963598020821277242976423385033848563649908436465281812051674099851127694888758345300274033242
79 12 -1.11594413262189421442904098215128524200064798418658187619641442916322600317931793160632704858875407372638013101714641625134980868958812952244098668711
80 12 -1.11591500318843579756236357166727300977032320661759557934926147634702760973438185007222759947636341914541714243525232011506066895851991539176190919191
81 12 -1.11588692085541378699215679024461908034655965668262230164805169604013196732340883952234885594022763888846998901828732186670721758631599653859104694802
82 12 -1.11585983636166520637485330135827437357454238587958984648016881694408396998418906615721004013199161776967161082648038563207015521158408680701310835485
83 12 -1.11583370328855709090010879617122169538609810522115267685901531116073796046322725385625181130860231068805301241446406981593769940225091586382969160062
84 12 -1.11580847786695533669166038992191800364120698220131296157974507469704693350551833576530104626014936137408740943020666232567211698152230530088592898803
85 12 -1.11578411879917985468000688602433336705002941397454992458817665793667691557642955231999802797760713882453786598585518458919200322393437547536439675297
86 12 -1.11576058709464447023862120513640355485438282885488423479897124928894520584025701891258862189752780493284921272934667575009271116093816442235527967484
87 12 -1.11573784591800429120931161136853534181319973507188388742859741333460275347804077167080141278907877391260350744798079034941718917791279361885967359296
88 12 -1.11571586044874469118559935636195939165580468988035968436530311613507285624134018703556091667162404253920568237508824800623003905746372766068958267067
89 12 -1.11569459775124604400139811845373318508829647878997610853660350749369158639409161767555077848009389100394019892544675837881048158047823067304131383487
90 12 -1.11567402665444815531309280969527135874669869731939398024037328670335774009237298153063179656502321978416278801204835321174891517582813339591029601804
91 12 -1.11565411764031907821256284156691330214027852894055115635542786459935104961693868795881960624458711270436407128158987706030260811521448492294040642885
92 12 -1.11563484274040565406306021294968953091155695382123852752609716517737285454102957779435565211780390030535041665711654942022446183346377179548373334084
93 12 -1.11561617543980855660353291678533240889103978394193370560518760905171614907917371111224521697116769508080503554375084457037953318597755219283126047267
94 12 -1.11559809058798360704693289857405284767751084865183976959490672863983868312247627354836192321167133789863866217837572804562446355982218731535170388926
95 12 -1.1155805643158243533224971480217737090078655744890963610028843975098671175777844718768420370019970541341836459556540158463952368669015490923975377407
96 12 -1.11556357395852897378293088284001706489879265686320343358638161422917052396623952694836550381302185642986632280619025609307851428821047018964272703441
97 12 -1.11554709798379801281081520495286629817882194728618860682472550307196338828322702338696496397602214662916837411741088313928659176816925151570346339836
98 12 -1.11553111592494876119354165418716252091217186730596236732032851131677405562989717522053668764587655306179526262312769772658157536641281536635871128189
99 12 -1.11551560831856768346425616482000071436704962202865057735599524241698212608753431781051329788693959959073868285296707797708691120145887845800040238773
100 12 -1.11550055664635454654454318336679840628082835283691305076644530619948763615506424206662682562412510467247255211936559247234533968006824546181592691875
