4 15 0.970205056671193871176581312008463896651548671437499781704901003533654768655416432189021071751551564545774040654368854255547072867257308970592330466045
5 15 -11.5260702161534414815214268000094990131204619959700762000655464001388191847608030128763087518638637126295170268773743057730841315213585267408093952681
6 15 -0.286680399809025787537494607477305942009122427880847516676587960382241611848932159867570563924537794374648661504511620733396977512034560098964980319199
7 15 -0.914885846322724472348826955451532100883733783745944612426946117481168958295183134213867033050187360061273801014284993015073057731105393136179569305748
8 15 -1.13488645128324134554401408529824036527425102490518313830803437336325026223293875220597170525741046345502646392341998922335885854305578994366958675731
9 15 -0.981503327296285852034704639263212700579829879280492746450535113074084238371426564147667010160627231929975056687657377024539782333861023401400699766522
10 15 -0.795616612011629553674109232076493491921260742035169005276694415831035402199870737993904232443274296838874238441344512560973713375016090238035929266123
11 15 -0.64185953063864186429812109530527701497629031117523340377415827856016635065243502113588210036399507478984911223044560343541272351067722732010964849195
12 15 -0.524248072121951884637358742488035179941755895578738303786240162325596807214345188238124143119104517707966833100103477198896634929586866928920476293573
13 15 -0.435538016671929360150943292728003438036574283197091412073270384605502121680839427685908585470799964484522304723535609764055325725316814660259722184067
14 15 -0.368207965808434767164968734334471988834014187409389611657418330304867005994887564698975336709475795765593878161248703778939180365372057137449129637887
15 15 -0.316426744068210195530271965610697556717018216627311285464341126602768953566993517841780622256166531233162347082686124691331109936909087172510077046903
16 15 -0.275993825322994526071818145766025596824069276151154730389534510111857334817704426899425043941751847143936477149986198769577726252016585633645997215964
17 15 -0.24393804792100584379750683112269550007583508865121894340447336254134076522257000640708104511595016927046211521087090688481861945872787157833577651922
18 15 -0.218154372985043242221916188178409427976102149558825149541298571457681938583157995450085678942260560062478404553662165233732745335802848659796172870677
19 15 -0.197136845524541452436715825127442764957946021686619791201116084465866294780303175401735413523008292310935240026212924005034366672179895997094386669412
20 15 -0.179794026087863647731305519426390303544438701734797245339088855541649521391417355201053473497462814129595741688914137171757921813021847225712817045649
21 15 -0.165323691579238867422644653627615549107695605341864926604105541072558899197925504780156444609792297417830363481778360138348331204828230001673232696196
22 15 -0.153127817278945336011367712357317118078874844284994962866321497383370582790022493440346109797017142602098734800308443856720440443605808715166696003554
23 15 -0.142754469902099342561265009441181329609019915693406289217851324684313924372112784238241939539176858189786594106258800165347005121023226271220674771199
24 15 -0.133857660125609288037430065222468279370423850544810102275186351319465405457705711361433986430965277896954781121149585554963335582824878927840677954042
25 15 -0.126169257480312123720542599301095005357434425466366994732881991741497642918203757274944534628335344301057037111733752915417573600155335504364711785994
26 15 -0.119479088128869404489326839744794481508396174881182188566762829229465325612491656053444283271374844705070302159740865139465231311623719043402938290827
27 15 -0.113620648788201402678207124349824138747502104599560053371421890779912716170779430688850693681139663051483247819115210974864028114719896607892642450649
28 15 -0.108460722841163510381559157112137685323049533666613481957056022281319433859082147328791517625581128151342720247370799481665053389151841887070520121414
29 15 -0.103891741527455245677839940567828318608352100646546022571573554148270451204279582736613383696698016485824781083478403314306208402168739201111977679782
30 15 -0.0998260998424223139211890302777621769376149642703116371953107055854476994692312981229453403398334382681510978048135084056645543578234370908596691415031
31 15 -0.0961918808153621633781143321564143916470582382137078565084521857130400502734192092188091912171891096472058058114850044783041109304651226732528156621056
32 15 -0.0929296060554711494289421821087290840335323163325471775883420684555848887495384653368594076929717385717337238708556403089603420429345488280520176026394
33 15 -0.0899897422245572464274619812572692769664053066924005279867359259243952592643750821222464880216034470028332476784354189800509596162064306325931614732735
34 15 -0.0873307700418069983155565724903623178282011634367521014833470537717089442784812184984426434210699057220143086591394805076717728031567327996236004294141
35 15 -0.084917675992529139299125709015430342534587192833509983395345514296080681825017615307890830684818881691153109024723425409303807948781931809119925424502
36 15 -0.08272076460995535899810649928078450589355699662188677143821691035920475753422591542046363956008733601755219052873590607581175309384501103643493375643
37 15 -0.0807147160070047015525290003226476323619889078614414135352377432209879327597498469812366444739473275287885547154518459213194104843439353949638590093772
38 15 -0.0788778325912101751072879840442564547434005165676863241509108583077971978774681549778983340846934413971374839637333402581737474162437934288466642430693
39 15 -0.0771914328615189786796790154479287280840030934608219653497425763752908244045153332157352636619864363002701612338995175662523059854446308914704995362048
40 15 -0.0756393604075448970147696527190982767800994054980656291366054635201471391346390055235384689656096355326661178468251251740198553450711949088610784895119
41 15 -0.0742075837795191795388645586504364134165755538262644075263280263030349335882659737290731598424563954352752819084593411895594988903263889186217659077823
42 15 -0.0728838685171129809515362915941640270492573002402224439507817917961135922130628403111665615507969058367110116780853783585015157814054122494328284326059
43 15 -0.0716575068434075048834217506357896553172386250104170352316135430510971673636119398202550668523668679223495904200994927771540458058795780341579733069678
44 15 -0.0705190937204550048527080226256878109362979838443288195710316848444568651333219046784060810848220365207679132270007099020168703957659196572195054969209
45 15 -0.0694603403932211639177901711952036712313725049877695675304021793458883746686142454336233675055590207223970853620564456215702764004129052888125967275296
46 15 -0.0684739184130985058781909858108328491119576184241661571788740285257416522223532185616815383742894746863027136323698729482746409043583328115209584277604
47 15 -0.0675533285719391101774088591421044433983873878401297180784964804604784558111578973835374223818486069290530594940150471660790843279573764496435148751383
48 15 -0.0666927902964589439398376244065412910525664051619659621919359197805049815849359066099754193157225713192266242264476154833585603523676905430633003516654
49 15 -0.0658871479277040339626734350686410722081944271934229526717314284293198773053856973452844504760574439389751805595047814014069730587844699514442127330078
50 15 -0.0651317909982552563244480547176284862510890746511501870092900347786443153473607077740612878699021031902108410128722219775712348127801778668052941107017
51 15 -0.0644225861639029190190392243230877187914253949992130489555216861193104726833200724349679563852813051337337597760553653753322694033361147061751450770763
52 15 -0.0637558188790492525581656982687708461919130750084447995390030977535584183111855472048828311587977565794543184006697799100255883830748960239465895848148
53 15 -0.0631281432507151046938099514489984266124972816352994635658798998294731653722558097577062082327488875361844990247813248533265291812438755236483409416373
54 15 -0.0625365387835520782814040577001455209975189728652613216830965676941361846530334950712391914557187771791652011277075509648742258268357557542593135076436
55 15 -0.0619782729521561067256854945869314296301588680097265179772365181174892745011201234434629137967507944659379969114909099643699354037611107924432223119343
56 15 -0.0614508687184219498793923358891427516374627000420484428666588474461348764097794416018058395114569286948210428468054672087688338000821601349803274612881
57 15 -0.0609520762593568103931401015393901551821065945703314291890911891842939534760418283261789380458626294128235413712847848414284019326337548854887798160712
58 15 -0.0604798482914695510900194829579762032812000747017904478831727951547761620733891393144958288775076413493274631455876949416380398793734524770431102182
59 15 -0.0600323184768946627620153130848615416203269530989555108638250005191691219739104434981234449550037381415458983122153502652556222493101204660725669377444
60 15 -0.0596077824779963289580273019507651396331676601003344018997287252167248596660553047005556512287840367971224346873318372025380242572618260940732960460162
61 15 -0.059204681294654239073600368073478625554028548336682153898375053601049043781235711446290791075540553193314338448190075842066906674050060520675291272347
62 15 -0.0588215865744061709405591419586898772688812026919470764472981889070879209520569058997073251045201374073248540275928254842279586560270903537406184794954
63 15 -0.0584571876322279448943564327764700573230171497849632263245455362449905891130348769967084712251078547927752844815023834530417155529139767231642916412806
64 15 -0.0581102799556662673685938791603619975974414426759848495530647753948620502144790163657654870646126048742429840213669376664772054499940328490213071713024
65 15 -0.0577797550036713515897689590154396117376663241929084274899134893246246829897694244357224366474851679762208477599229320905597345510987679735913947472749
66 15 -0.0574645911349095272008953937730222422048568989445926428550389047357390735383798590581814578002155303966262537016304727763597025375968430675031543831887
67 15 -0.0571638455244685886441401281809302843624828002302405018906189515243657128494504306260797449980071246251786749922320120130273648222096559249262977748237
68 15 -0.0568766469474312350199678477608011724285974175698133170006566252104546984644283360244283619873865740116559005211860795970927955229218138691436675172162
69 15 -0.0566021893243819901304464061831292603221767686319533301598750801576243104241466880533255936967243999084847792955094550634213482632120716450713295788563
70 15 -0.0563397259380203625388002630810492575860108437604639849966362626741493004420246261383990929234590849053185460534196946690384685181458870298095195440553
71 15 -0.0560885642420807853211912103179073676880637623279949192742066920349619315030153341285738730130798916563734662312320869909773046036570091371314942724429
72 15 -0.0558480611940407412861326814270641395021878010800697759294756138552505430845230266820153062512886427864995750480620282324187021907087590263274691533221
73 15 -0.0556176190519078449322399830750684470612279475060644048448016736336380989706683823221049250456825374709438466566860457406415508796216865444541633604801
74 15 -0.0553966815829431970571528544573243463312623601696410905789936572074797469409500987038120798875845351346997095551605660641535854235080542407679508210687
75 15 -0.0551847306386924724355185046994062984716525953870039576464728138086671585552298433563946007337570227408634873357306404786763839239908991022583765147029
76 15 -0.0549812830563169490773336803458952655355982294844451048281336791805268253486039066926886733192871248084860315039238944627553285085828447611300459817578
77 15 -0.0547858878510771679835425821802043318611320844217193254631381867907587176197836185783823768658598126430239420404730074146800802786638694377880148052621
78 15 -0.0545981236690338817949419887434013316338451850628332954190409055489875174261705569110361456738411105454178121365720269088297513702413890516313437323183
79 15 -0.054417596472688464093711344308612500492414716020484843103432143495637500343701135075508001427362134571300917911973311637469974854355255929175124325711
80 15 -0.0542439374354673611721704758945227488528667339070768298021189803039411559808699627874167557380400323720607619354619440966038672359387058387653442560033
81 15 -0.0540768010237295849219938701972482573998262277406770945995060544572196660091367446881829497957810244991741049398918903886977407131846812997197384283519
82 15 -0.053915863247399558205120578931644570982561029820462654330988526331288449208431216421183824148335448748518153112173468171999776037073092750907872172009
83 15 -0.0537608200624481672481467081425627919212077286053760207009895849293550106790471681202114515079178448459924113563970894515081026705325128201515844895831
84 15 -0.0536113859103038067544372935550118077430095988348691791063048000442587759156330626300755937242953363828192536295494514063332164208546203607175697951541
85 15 -0.0534672923809076442899823966489407704797083498232301251591955830474662001320147804449300779192891629671770013603211732501215375177698742628149906178729
86 15 -0.0533282869875633151773742118130743029399163360034940921957162667006480020130452144683997250318011441450637205451805885855718255511697839514522660767681
87 15 -0.0531941320429965236623514102295390116751914988137572137966748746751440743601034549978414533858402420686540721557247784425502165075194212686765301943553
88 15 -0.0530646036271566675373861752555321732708774898996849082706403036774131444513115436063359550946435872620035010250342043785709836090711870102407241964562
89 15 -0.0529394906382796311940102145101262639036917724589554569287125371922572457130383689216966786479512003908153302272201754797199616044703732087836430608552
90 15 -0.0528185939196046905689788400871499142513891381401943992609283179935912570372658379295926952404825346130347440519726880768478455701087008654777234857371
91 15 -0.0527017254549131904858452398734558475654600153335091754061842150146096333767370423536213718893248705891791516460448397040073637350310145652299895657463
92 15 -0.0525887076267445291361335266577907584850826321800912598630902604616969015652082397795802321001460681696341629028119966113952693142655477522600777649615
93 15 -0.0524793725317566216548297345240169344005669938393788384171522363771370043074089378080936238827148679027110118413117350315152934896880810229234047406075
94 15 -0.0523735613482426214435099513486556629826216984040857267449469016022313362277646357935662852359056001556692528278089251933047657856998801902793802949215
95 15 -0.0522711237513012593758780978569480460203039115196756619811208656926553933484958156057587198102705216564790726368618582367937029999398840412271436669337
96 15 -0.0521719173715916894931883292298357415850225889791289155677767086638567445743770801394255349366579668551265016959644404946709125360448641236355865185756
97 15 -0.0520758072939912874260926097345882622824576677065908550070267711677489166761230223429586679218151684181753542360030694430805110571434980072368138690389
98 15 -0.0519826655928217486073913304935933415540865555129068687432553827946660714713833315793664511086550453097409696194374185959301102077345170577210961730781
99 15 -0.051892370900619727394215415496177387216443147155787832736844364428222514293712299162773120128108820849702806242517623649934439774317919408912011386971
100 15 -0.0518048080077072205658791981512708063536660231254958744629580757531820941966249957274601293344375784332845220758691282052933971892497408193991982028161
