4 16 -2.29564575559346446858850334777281489714812438221870353411244154530627481295666701630552546999138440180248311074573632352419102329190097478221627333338
5 16 5.4283320291924294698668063351330701874158775018340238882015599211335453141023086033592960492277837330138938881583642007283185549240487222570937516983
6 16 -1.16081331043016794224281431306563112218512123633085230920261985430458048790014673440362100918070391016547439036940795515318774484162976514360033115021
7 16 -0.0269849561702269831696232299929567195661361496964210836379975553287602221807557093561995682667395033104518073243105912963342463412319346123074872231623
8 16 -0.397004265516536548493030591196136905037378623040007312522098228863845174401544024604395614695372540002295142254695081966162116486995629203939095343917
9 16 -0.815786711501724895794991280111058585030629779686527648334227998875716727096386104551946618373196697115845934060184181222106213162802445209274191184309
10 16 -1.02188488437934780530258876008178560826041517757994445376165355025634752863996444719679796936077078810750242729896853258919454326050721231016879431782
11 16 -1.1021265179683104449848462391472365437481601145883688333166833025275445142998928022075769312748676962843305214296149678407731861024658900941365865614
12 16 -1.12124987742213986238224891355217614333272237545994813193070605682720063114874350675134289272676896764423312469650616544992763515073656805352177410056
13 16 -1.11269058602658089903455534115494953094887998138279884300978450948641901778675621651525655061219325293013719473741821982095284994453412114438970893764
14 16 -1.09259376110577655208689693053436788464947860112941130069795406196160639956781591700155958154297240870340371013098360853749359350540940244558981809837
15 16 -1.06861025331450821796209238873869848483372989108129571319503339912128219818716158117888186423463625462188666946352689401169911442939518324256474866492
16 16 -1.04429759659853624706718345257969866604357559864893878294053060299148323284606021056660690779485234162151798401504935040017884491811352249989947620113
17 16 -1.02123544788746072456060478487462468190979915216482702419475187763382447769442418902009344739990383125159712238379363426806458235594070044986458877956
18 16 -1.0000447495895218658321638480442414711157646838225714108113567290881051808197382113214546346479284357820566771080613072053524256235048656888171718617
19 16 -0.98088516887373620426498617193122462373226692164288162670025315309381270226029696879726351749696415358044545698297902894759919146678967914174375817878
20 16 -0.963701023715773414522651329179096257090486894686462077943204621464511398908920664932344359435490990071294775551910759389420209749386478665344109392957
21 16 -0.948343728495030576635260635541562684089835607945123152416435478911849951517944427583647498182767598423859494523550836682926105680274125414996059010629
22 16 -0.934632547486379592251542855973512199224337237246284778938917527572074399637853271818317572608682197962291888208842953232874011676295595169412835655786
23 16 -0.922384103515586585539528604441511402802871769610697421090938874768511462283589471574607463238943279246758098221267020042616438090386505265440509761193
24 16 -0.911425944814247048604991423093071787161821815356282611423934104487118896358043955771331607126156469264280980590547306201757915286724105722364772581592
25 16 -0.901601991952845894861954086138910912585672431063232440087406916889011204982414502595386094424866907066298786503623503307299650146191005605314532739076
26 16 -0.892773913343540502670145477046221504540521672991321731343736373672733878786104194181349928626696590559423433444876369594822256040166307806941788428073
27 16 -0.884820539258844287915194643552660400506314348462647075711756101276909660390347935630287022621910354812557769381073806707006655555777775867828317651233
28 16 -0.877636413193869777540347947552070597901885901955286753502299038913440984610539260060629830709539209879285483319061100307646657527971596499373553737291
29 16 -0.871130046078095565946099079272851723666362464000415923333098349971415924966046685851007505896260012469920488856911636617467978747359263808082334403213
30 16 -0.865222155764689356186047890025517976352701216451771339833335023604846456038402388522188579271528109341636690761899600043067565997960658699016692723594
31 16 -0.859844023987952292621638341261866696416079536856332478059638871364256516204309552157373828504293058343627735880082731759474099723908130029014129091078
32 16 -0.854936023964940161704645171793122414991313626818466177174005885392431839710609279692969748751672505630354639488823220091305585020371102846109907395808
33 16 -0.850446331208615352747545303362627689821131876206585706777361049871551146253375944697399812373675124380946386238992863951538077463916061754465411266586
34 16 -0.846329810228206972872708198469585931459625997810909833012179819994292716258969702156284871493859247768250268901381569292027662438666132211654143412832
35 16 -0.84254706099812659829362878322645569277086957830904932966311349178249777128895942726385463858562110696305545460512492711764740547311202079237109724711
36 16 -0.839063606120756417119755805718973559834369055220620246382885724379388404054713082261971261792364172553893844937219366297612542867839788761577734537989
37 16 -0.835849199613568126993418149936082339205688444255677885428047792287097226719207672202558232707530591432973257492409424804403567692007582986978280716742
38 16 -0.832877239651788702314375173496220756574730668876864262419575796750387731096350748906882861769902246232140726456725374944337896898952894305407245385841
39 16 -0.830124269554373903203792995564706994970080232024309348837030480197379189860782295401288071965132849422785921527748830067778804137761132876738179017621
40 16 -0.827569553375511359664798830693147254627946139652559043934934875027631324798317901482442096522959123228908116174333851895490393157950409200319338007238
41 16 -0.82519471444009552805619123121994851476698123170331696963796101467739477510633860585009062859901926373397733735047955856338484439336355699270250500168
42 16 -0.822983426944352253750919866161366216168529160452586344492525748584610378077984172783455215285840809252484560282502576476290523852747230080558583090663
43 16 -0.820921152301266986483842075122638373394654302167568609795758461826785103784000415947865632419962972163614044406894123872030900681353473763917906316526
44 16 -0.818994913246879714594957575262571500634274579260480981509054882494870759549274514366839718669133273299265570479551798926280229058991775188935952491721
45 16 -0.817193099855583680462623129081474982523473278043962534046924477009988947280039718372758766878421629401989385841688815047484617404182360773378173549301
46 16 -0.815505302564110902439228873982796096480852709746416848466217578612384623672214356309461651044951080831250760087640029895738644803496739272771979082704
47 16 -0.813922168099811203658843626514318288768505386645812496808753795445066202606354555902293660986573085726110754381914602285698384331934672703028611767027
48 16 -0.812435274872675317698785861105118979748998486729902601995803488590820849637016955291720536561053981832865392727211098380089406321842469166144403971071
49 16 -0.811037024943421114125916305125441804827315089667762797128497740272518280278166639147316397749248727876527847020951778286674291758251296033271086818098
50 16 -0.809720550140192307341886396858101511636655381624839173264891092743190150028700191241183651126063910301392345192560724842903049096216233724099032984756
51 16 -0.808479630279634823077406067303774751710186972723225865555856692623277630385846277043532123504151022046195660806176311487867713382207766408618589140742
52 16 -0.807308621767460512552772404880557182791895082248229126103703758955375208301787588327192746387438365537836843364667683491017874509423260176007909344062
53 16 -0.8062023951200455031105896773765961078970381765216880817296850687121554551321844625728778654862912515842127307385091005458013329132128642365786963613
54 16 -0.805156280171238014781206242627499709691609413409104912818638392566700899404993242273681280810421642416373067170196110711892578342503161790110480091521
55 16 -0.804166017914889331452558079158070636374692030746907020290332575328328273777378963848952747235303803329376989130583898475583149073490172967515062224921
56 16 -0.803227718089877961055924891222462272901980660660425010670173348638253221868424204056370446031131139874177652622889656180896571592478083455099693291702
57 16 -0.802337821745686754541228324845528975017013319020219080176694734571251579470815380484484700043019827218463017079070006254810685987709999118939197849383
58 16 -0.801493068137132144861627632082204387103376130599733694009021651180900379241252180189836188192604756826789856861519490679858521452668465061063424053812
59 16 -0.800690465390109803767504323039030965355058571406756330682539133803193104599419333988303002344155726070867563491423163074379202203980775431641090174725
60 16 -0.799927264459080030626870040743530361126093100282099085775517760916205614410013706166567688521551865712960325120618555386251703820875160485783331228845
61 16 -0.79920093596383825827708948193409789599143188531687262252913717421832075956893119281515956386242187706551846501430741444509730081464192220091302855873
62 16 -0.798509149549860897151122286754410639913105576616368105807241454212521395044956926461245459670035244513923461261851218849978116280045341999775749990282
63 16 -0.797849755464807894944334877384136660704976359248891800470500383290521769530277353484024517324592223069164748547009990518804550767913740462041204360779
64 16 -0.797220768084948224042734016782613888433965012936203014383426648911048754614009580257085534018944875827837879215785060070569476548308092094433203751976
65 16 -0.796620351160473202853395439417578370001333509079641650874255914470770922169072597873892831178289490994128276282104631418212448785839257113111754914983
66 16 -0.796046804578808179300876088216625435171423892060996413247448859238621771178100208708208786974987147449426658729771374049849254879886675667539248066519
67 16 -0.795498552470904382300109625287760875980944042209504577562828558709618766671580217681273218977381274024994797124497213089710773637524834824092449710831
68 16 -0.794974132507740885860426418617359545363212738955543548699575294584085449414528173121002511915255827585549159297511022007959661330977322665245486299418
69 16 -0.794472186253437291126445757519328194540417501462979018603644862861724357179474560390740207009569920717286020928377013981712609627729353807185144058687
70 16 -0.793991450457929058966401209149528989714863988973324087514428459253778455413350599075096254791973790781968914905767518537709567807291650973498548690777
71 16 -0.793530749186474862500123767193969583039194513833472899069760121196321229768968557818550299684118993491805966727354793029730602867453032875671866011795
72 16 -0.793088986695673806559896260438754807377115488061852768231854507658004897857800798202425819885098889585034716968861590051464226517620746952435455567892
73 16 -0.792665140976444348165470147161135329217778005959745248333145582919407858778375337954061546157524364742688154311008764602676643730905943760831697652092
74 16 -0.792258257893788552553144795599228748123067404044845593985479500793380910828430765392514236416877391414885397230137418818419550216027689579439726361626
75 16 -0.791867445861331936682813609766447729097841900999570920864410351511988642797422119402703361794626210182234633338873178132906292786221721257505863485346
76 16 -0.791491870995757978818854485883815408872975196222999022569949395343940263832936554735087927808806506160722290073521555186810419728013367755477773912981
77 16 -0.791130752702489913798559930701601104849724325047108840632405165379871061048083005653259374172621566560877358289613163654770394033942121570734775266968
78 16 -0.790783359649432236537211797988289778852258371852911083196309692557924610056868933975774179407708539802437217921570532305827598728916997607434407081485
79 16 -0.790449006090374266687356763996757372703496688245611788719885463508494076695480677424294972735120155151147616295270503427152787458219969994665465314272
80 16 -0.790127048503867103818155470023263794061499837116513008060193946982596837187557054596170486756630831769199843560544423252271475909520969396688211493754
81 16 -0.789816882517089585159772553628675776560070810716897193883052910033490850205287509625019387378106077117154117447667318621493945218203941363282540882641
82 16 -0.789517940087483966674553560433350251859646494780657872748683578606803674948813811785665022920888590961118721821259772372693435839912240761328854440698
83 16 -0.789229686917824373265372009240711754091196084313771180479575991479657684769741741172415530787101468553263477289036872898865002786427195011369551880872
84 16 -0.788951620082929221347901697532624989148851413354397437653023186447013949136343277261621173761235070667186222271233590248110269881955105903552293357529
85 16 -0.788683265848484790893781968593340921738210914559220017810156641323915046411146762880447694005613966631536232367536073820408072985861661252868372983538
86 16 -0.788424177664447231136434124692404619231717109609945023542685766156626893094263540961590914204496679959202685760352709398733466308435648826342013095198
87 16 -0.788173934317265989768601210290851530597421418829323139741026088627663834653038316873380062647930076104219588618612735870506820889490940246637743894338
88 16 -0.787932138226750265065716554318073621747589642537658076523171153148009775027557937017651251015740619899327792937465439422169602990669098837588764161092
89 16 -0.787698413874805326400232668771332893454937574947405444235718032923669959781926225377713511652550564910950053890289866238645278631930245367452781200114
90 16 -0.787472406354518089706279256384861774530780488915659672963802173787515611844077229268760954830521010701321256979267055543320988049114998790850203880762
91 16 -0.787253780029189180586945002172650903700824783245818220735812429771997988272080378975936623483564037547127905583438123863514550281734580097000110318494
92 16 -0.787042217291907592992124817878384103040144956621326224741241268426382592184643892607845533428001055562339508225501022683021258484356990088786057468477
93 16 -0.786837417417157703895831314306333046615641893843626342254581626535277320075077846005366276756192538312750564537108382233723497720803116910289665615412
94 16 -0.786639095496748871794605171847559352719844412128695663827371689480798837379038560130191689751693446633976279922798561289235847259251388923916214184181
95 16 -0.786446981453075683734232388507860934530316692771511737163852489818291830462163663291030792533573595272849670332038640324629864673168407413593019514238
96 16 -0.786260819123361388886851262775839624232838097553222731632304718349416652054444619407488430828024593350940877940036748356846631979360946630163160260777
97 16 -0.786080365409116313728386561941255361845028609323181674739596040161710093487175242774378162988947305580272155917012100922651982842697563531585136562713
98 16 -0.785905389485564266947720221875316250838106207419552248974499310279692120600506930852713928567308760438538020647327831080962895913957145477165879090637
99 16 -0.785735672066259433576352889773824129327854243855004972049190714131268864562248194909553748431351722456977511500473371924694402269158842231971326300127
100 16 -0.785571004718539607393698857208242484633946994224682182098442947710154021093013243078031856853998285353293036363134135571109230502387898174305982408245
