4 17 0.416417432526531905797701049311209308405735818985970864616365714713878643029086814086372972835930322579578886226003322155539763423926661911475367716455
5 17 2.70906388117043692719278627955848282610787128722466206243240040308836974343162442008119671667091080450101966503446144926884934329718944006201158300877
6 17 1.77748203386720004535164244156296354997747177742618588004094074190472415863573965345780260529315073095279194661907344797714734758439133819632814692351
7 17 -0.552052029827712603118398356022466114251404104996553678225179013941034515094168009297952051554510501160242737316323643648847996468909716130320693823493
8 17 0.108650720034789248284987679778802185216724613805865668139896750376117423041879510659512807032157996350278903635174421970564948126873013584940777946724
9 17 0.209772952559212826885177380536870619064690997826058575350928184946167953390619490284077273090688765451790253466529943836737685431865224292075387261314
10 17 0.0311628650661475614068877510057983564471092944790290421766326086721548295157683490831151506323128993494787313384478980733150341569046097026317711256485
11 17 -0.180127341403050428632586843380263519019101512411005869855639675717182297290860171755454399061553956244916519890377771049736571912062759426667315686475
12 17 -0.358925689525693857341882989448592571136349106278189105127396359340427468197106289539681802073249924209795613957598852470142591356319335703490003967881
13 17 -0.497830886229978126537565865518954522634849220337629033794741360031299357924682816016639067161782070860461866442686166247401417784995733588066499255155
14 17 -0.603328624173628690301387240642395249196717297401285548599468551104677411855320866589269894654930097902073440457267542891319971922642599058502588082459
15 17 -0.683430503976041203104628219295798042710473184524941737109172621417551436405974895142982731198551612644580850535759135753386220184810159750501141184977
16 17 -0.744774306642449942017275712837714283408628508202608297853979942392318034732321386588860056313611310509257550015109047700055538367108921780816200750657
17 17 -0.792322489264825229047759988998772998070765680296419988049584317242819434391519925178707918119419405434275565267656087126549252925609575083822168243066
18 17 -0.829664887462319605491824314941210154190693534882776343807828677019068570079761020775438390049989829150824920260695503080063237859121705994741652769405
19 17 -0.859379233624125689362959584212724199734871666421831606819358285644653367236773643783634262764750738161915390692640155301883440759779544785346805168881
20 17 -0.883323158571877859495532982500270559350072018769692362137304593993675212982597734222061470355108761051809441738067559130888322325062209040658362501788
21 17 -0.902846935601048214420375044550078573611872901691800570289993801200634269367897588273007627064906523431434490656254668634341709146961559088331199117064
22 17 -0.918942771667013387001783675342598619780824636754656229019989231510878327426627194680599106827442040618666507009687768608965994443684504923753959854046
23 17 -0.932348360380040113895400885831771077266692115721442933021610838609613857998351404405905584049679072691085087289948326747098157960831583040739901338404
24 17 -0.943618715729842390618092893037092943248059983659232176822336162156916614786781419332085513582152515138191223648568633024300738392253127278936883698277
25 17 -0.953176293785625802235060745682234408630030176151762169333572240387994454722596091984064841630972946297457895316062603055773287403882469203681535984967
26 17 -0.961346270900066768637674096329279927103423304985424249268746461987349835171212113069056560214949714530032724134531291465555845144853696424389903710157
27 17 -0.968381626441627430944124622062722353562002642330317333908073068915259755388617956730958426873482122316354131721157796535092255796861559854932592549165
28 17 -0.974481168012226859695313837912309924222207103424042730478860020608473435178442192861898959221771175862038944093582537162692160441288690806143090957875
29 17 -0.979802625455195250229072919450639538152502277160432528455996617832455814887267921957030356754277627164935224120871128078014741477809770905096541473812
30 17 -0.984472264446843566019899199883720004660713068485924594794936933988453320084948445920585130978044972833221683088651033571174546949518645061808146765672
31 17 -0.988592018138029881894988860536063163025611086780069748795966338897916248450631747582091818335695024998854078023078776175294562783799828723388612747634
32 17 -0.992244830566785509534070753198301006338227237803260231688509815732125995498438369456351046207390279826450904987150607828293269485593832308510216433514
33 17 -0.995498698605131878022030583583361084159413465320081850261044987639794193614477653037617231055764289115909996317179382420850221407811419554183117533064
34 17 -0.998409757392229178759328862313998636805633791546816372927883796383503667005407202352986397250859622632892201290428928856635526086564059707947331313034
35 17 -1.00102465611697387297570253744290903921935088439137848510037519576134997040430539534595468327207754052210439761008841147891962687180883211017060871544
36 17 -1.00338240251518989715043626846442622778757731623315437607537388153066503012963707038382347732722329234736825037560517773085863467119345695811614896687
37 17 -1.00551580615604831694557932959340221846481843427451269797750064254412510453681628753934688198660556038631535420649362973850274994996847815227549956575
38 17 -1.00745261622859554196265743183380048985213743534325085241534986076536791843523299986360291520293620387438780600296661414590204253313712527508543915252
39 17 -1.00921642486238105999223130492760194256274942469885934092279007209421289031748915874345565116890097777397109718855212648532251493111456468445303239935
40 17 -1.01082738913859119874778034104997382376764396169304616268508714456676148781087849190141008187257124353330835743174773055979845821967031437270745412449
41 17 -1.01230281188567943448546182978288416492129861822955784678013172633020368030156752902929411533036191602397762290641718229141449850543233165336895050268
42 17 -1.01365761173076790028477095046409674305138503995455639843892256475720091464895522188589475134385074757204744592720900273966411978195671066778671716164
43 17 -1.01490470573323236111245831340905185986945012320890205050853166741598875184277350267367982971940874248959980704460185671560564138748534324417962266201
44 17 -1.01605532258152890387266515493463195878363635274152369233233466269708349686896968001243975372577115697970651830284544241140571974496749431296230260085
45 17 -1.01711926030610078002339216968407448636080552248135109764313356816913783865764514961137123785922109066514045236437964041626840728823631205365191718821
46 17 -1.01810509940434115948799306954043591864269539312414708599538607846094402014185104826845082619810296783305132096287545039922364341000428536506068595594
47 17 -1.01902037993829299023950627220070644894209364476986940004189661821450881012252025890093589966402082652013999402230759363986913001439764819103497039589
48 17 -1.01987174937023802974737496099806726801766469722285937453780371642605480837839880518041346124957533209408281697868870419446653279931846093054779394754
49 17 -1.02066508651228419184416265868470114040842265508282494322932520071047148431471960891761759801518594593533976679061778303805678471320125363284886563725
50 17 -1.02140560588511444599765100665383683769607327887059815957003020608490444995351656398533921022991738943099524621326117423957414784865748451833251709184
51 17 -1.02209794593509008084050472653702346076449299382734809457247892775386312752819135509014487462043449815239112266879511739306475343794339106751235727669
52 17 -1.02274624389321090808091739137790791825649767632514640397696280549496568277450968850071948846574162984452142425193190797487082971554340757609987681039
53 17 -1.02335419953285702707892509166081442285075712863855383703410588006437281491826552758576723934170660127955843312049634476213828655994244286412955325445
54 17 -1.02392512966459847237308947250289859486179879376747225861563056668423507481911959714661796074522994976102382184289196535452901541301766699747577816084
55 17 -1.0244620148719194296481967627582793427082457485012170582933361489695015643789328918904510013924969943554949416407096091873408644313951198299947408073
56 17 -1.02496753972328058596355127762037234122307734444272102303786700782984769767461710114583151637460909579826073533937872610215721856688685411834882675897
57 17 -1.02544412747953667019811086967899789066417043447820600392531272429137365573140967355699811987100219790480283974515697032470947571837350194990883248182
58 17 -1.02589397014050065490149333599159561564463202294949272957349044074492480677180943278230084067310129090326679336055471526385626948349303882284460390511
59 17 -1.02631905453197275002012669087403486515089634151941939620567463939234032656389929178772291394954987191416836089076214964816073068264352365857168489864
60 17 -1.02672118501824313360033931136089490271839380823219117379760616797813504693973802408560040298941110175066377146906222684448824393701471711512910108565
61 17 -1.02710200332975884318726477930953928259525264294340893617134308169865921485739975620959017266731307740171904521259371159916254257908112463549488725945
62 17 -1.02746300591723642165493396697118102782197178328260062341988863727636311157514707161375062311579690743311001879218478660176532023464500939170834755685
63 17 -1.02780555917876956510287104087739024237328560876062598773428556472544788463368092656322763280931016052487052334466685157236581025271561680060641799488
64 17 -1.02813091285285280447609085710391410898285638843424405893231077491190760829623437555852810874002785498983920601236522463720515788547044894029555498477
65 17 -1.02844021182566324587804018897420220030496925144699726517533659397335857917259312664331293692087907778193257325266087007441479239318276458861619339713
66 17 -1.02873450656376455041120180513670176652112614425316133897946671918048802623914074855859588143197077289090966678158806704504664219268790116605477495239
67 17 -1.02901476235229387174317106020713848690457442948158518403268067472475691976980131824681827858157169429799256595695332543681132567637696345529929027021
68 17 -1.02928186749259129662278089112316809984419889287894397060624099108476793406965395576411130906205648335829442203372203146773739203278621995594455732089
69 17 -1.02953664059126305420998825213422769001827520195431742172753534807833170846605004184530939037910458461861446744086214566320346055256825388822773294332
70 17 -1.02977983705412690372039819316991347079393824287367413628876697896382691814371147495449425826403879572755096054883449871249281310506229558250180234988
71 17 -1.03001215488279303502967278341560433294187526608986674345829042649538302683803812496709225593208757056495669982016856527746978999487240806296976699629
72 17 -1.03023423985831334646279770971302705062335501039977445709643986250824208443695349706003015182831383354142427172744392172862778777679020718821014356142
73 17 -1.03044669018499726575031657132122269054749255815393577018670368276892396175513537200070093141993304258303459296303847169980086629867636737833241986346
74 17 -1.03065006065782284977271031234692364052051733412750097710541459248675907240231721313151861401708913042831779467695874383993375307979809348073996216356
75 17 -1.03084486640860276438479821592868126073534500214979345290097035058523266279590622918724495113571257101230725974442767697261647968317447243795005907321
76 17 -1.0310315862789762109578800457728965777226272904750905667457908971507938565117810876146898012366641388108701345342805162165281856210183775215749135094
77 17 -1.03121066586220726113848437630497644858347623332459383141321077789224450131129009627887389002369823035799730856564699972309062873526244574953850142392
78 17 -1.03138252025052508572707431641216695391010043577641238405590458506318311235982733718405111846043126690857652149790436401732293473969071200048499539341
79 17 -1.03154753652021490044905549706106222121692920483256901684835612775514128971332989046241048333711951487619595096895202736741316074775391819734047895518
80 17 -1.03170607598275339282189742794867483121495866670502116428762654645903343286792422245205501387044099860477466394504093743531630224960804650368958441719
81 17 -1.03185847622688928021328978666930272550539156644190599970246143751143679952015741943986527401876562692017923751595941076223264243003544398216997634378
82 17 -1.03200505297362295893496857441552309121398007959565506842349685564936610040700444733833621157789765485163654736777974829696206196608463832452918211373
83 17 -1.03214610176347517506390151027761854735776273614859166168859395350802895559307565725903328439055104197192693475338631079387396902353692216931810092795
84 17 -1.03228189949319931896912405419850440263602890403199588565771879986188933521044640903528626838173560596372161164055849680767623838989603419202621981212
85 17 -1.03241270581713954842385250391525216331749324158090744438688026869754690898530620396008738918459180772931170826770306088522004528677291057753982252307
86 17 -1.03253876442672857342711781101549474611478125272492842652832788963671522908435408717799594580160080048173776672428063357343673302428925365217518375086
87 17 -1.03266030422012144562306118665772065355657621170776191387656486561754681812457971380885548608464377018723946880184972126171443671997418666294591594666
88 17 -1.0327775403726467924170207649295964125890473625390157716811539768482893307828926504119586573013173337215133655578083854255102064742331190726995497531
89 17 -1.03289067531760041718568798944611232745397555055542369185019009781694956656818668929182500990308890775011969056873008841779272874402791814312089254385
90 17 -1.03299989964588730697761417952455889089226920307097321588140871580216490154208241043860974348923206586521276508816053958636512369760325087296472773136
91 17 -1.03310539293211903172166268553953356133139691101991723593272943695002341648374618665230058773298612729037243820258804028394470326317515259811876434306
92 17 -1.03320732449397895473195549810784025834074675941231678868521245421876426245496032376534522152041457694331806133202461465332522578955132360663948408144
93 17 -1.03330585409096438882340179371547813451612688640586911698177404405335889107702226450087845054012032153035927394115161571311969625822683617425301747536
94 17 -1.03340113256799141385026440982904996449164842359496667215455496109711308236931580471211493558030754489686582190789040811572759586702719344886830685934
95 17 -1.03349330244879464744359524008520007347304985340618642245734662753681187825914529670592260049759811533619831426986808470436431095942002869637432109693
96 17 -1.03358249848356227552687996554368613563200234184380417908538450051748133741642112936977102653327362795911708959508357878378416633819982235071635624872
97 17 -1.033668848154808675906150833398494494315640258767039654771042451930959700759974552164992799667936699376837874156366824435477403268906282415927328715
98 17 -1.0337524721450965490819354704217908441585327784078001532697604987883537700136824949285660470862779395185433265220889931228661936552020779105580473311
99 17 -1.03383348476987198125245626520569341389235285473251947308245823396061179647230189745445900023633958020736006107536509007698640902723699714418021480206
100 17 -1.03391199437836439938001744290521874960302501498543885817792229727953456287529409877753723872791486642231577783158559271354459277814405210746786492046
