4 18 1.65758109399008138302478170897622727476899447030366877376690182593414531601795925021918888834959255376884705411407532071128702280239768284272669580735
5 18 -5.32496629304746833109215493563129539410131598631734232468395787420894173450368593144403553367662958496128392358710358547736358901225478976234601554874
6 18 -0.36535501664336336239151075966431173645362959118184812008670327188405061671241350142028432931969356464765534587402615689983047134900396512280087715617
7 18 0.398477558878327817369144616456678804972573751966612969165605977280865183649005921538321757117822244056547226849741627790935487068220948639092824791103
8 18 -0.47813856381535897225592283787913315042243522203366173343982620652689135139477788874287637674699887962526628119176359046347039165174918804367951547389
9 18 -0.136783654162225021512301215928235893190209260917343634219861746503443884868068130331106919012013729806753747318585626848663927368365306980349785050578
10 18 0.212462121943826158404310860574790236650848446451042215811008749524626084374146347446962327094668228838682052137657536645169058671288744821309622177904
11 18 0.390580321524754577899123627184117631049890635458438471336485462296799372359078845790188719015586171870267529202435908787507950091895495386688776704951
12 18 0.453411407321521801218036314826203883258071188456864994897199241094333261345925631515575665637819253790515629234907301996013027397286498646613102081201
13 18 0.455957255174065209476583622956447489799895323725858742605799719991906714899523740186527166185477001349471033412666416847787581295124961042467339174399
14 18 0.430383734089786975413673688834201193179393612970843815027103511290093723895636526104529118741859675364557115506490366151734369148906328220706229692999
15 18 0.393423651648507863906627698597126265882234636377894576804746639622047610611841506599560124250863667921864901842871906657738135216001003316431551592078
16 18 0.353370086912264431741518221203057124494329195473920071485835264765099348880654375624004045875257664983662385994567411520626978792304649181005948774185
17 18 0.314158823758358636947109177846105699727088863681013738512775800513733327881426541468320875785376285234232012082195795710452976377772964375143502439791
18 18 0.277520067231564855196750364430243748898769925665355945373072392584216140556763748499934654038947343950875080597215510404639341753478229935487831606484
19 18 0.244082161064434617834960639287529372668120219726476192108348729225355131591711199070528163971265958152182914168242878553337086308796965987695628454793
20 18 0.213935004453902978899130565748337682734727777306976508196519529466431927329218492344251185076220243628389956149149832519038788633314197909523926560744
21 18 0.186917737145549721612331376780214757194921046662851520456919392452464068234819774431464726049268199834540165354345877825133898331775165843560810459424
22 18 0.162765194500155223672578534477938553032105940136842369589554470834207974267771086324607844251711005760489060815440040490393486512760594534224789517804
23 18 0.141181500460274709601734200072315305082990426668282064346707854334903783403794807597142590534421445196844845840815345440343211645102741682222543675233
24 18 0.121875855203973863240766097921731292702717340637805298631061717412092768537448138968953254678966950002106566689704450317988060636864822566002471867053
25 18 0.104578694430396284523233747978734133351007292031359911868602915508707282869093963728494745538889067253472895882310576568599773699397614827000622178561
26 18 0.0890477416878526881091617101183510018786309024160718351103876568609707860791338452280686858648583019139818897807494059824419260157592079465957828859206
27 18 0.0750689770056952080114276379483615302114475140298253028459717867562283618251231944378456382261877753183813756362431087099144910117857756444052687430559
28 18 0.0624551776280639550642037676117228081775396375636067105720246956910117442481337173657132534532663775199791750789010489660592078998962799814350659091622
29 18 0.0510434273575604970082392281685839500159810703328217037215228460300702370173067656320263388471388192818364568699079064481159907515624982902433492517036
30 18 0.0406923162621018680687426683673729283455146292852814220369215304778290856395498987337953091564081006617069055416389372360797087994839011565761236600123
31 18 0.031279189942811680068234300955067662291451651417978245777611775709865003598218068584371968462492098238668645182831639174893477578978501556555070539264
32 18 0.0226976134489531674414469480669060190280727740350245497501214371725551935590463001246428332690788788719722897833775957592012441758025218668918511324721
33 18 0.0148551123399877207069318547329886187030210331662500166885333677173995799289883012229760221625310276911577765142049310678508468024674308801380709958984
34 18 0.00767120069404214736202223199645968457452662921811718243940828017242598480085662324309084460399531646214401520104289249101661680353551849587302220532961
35 18 0.00107568028900892537766934608960708522442581156853126292602491929537017297357682731998962177292422826641910840060972661902459710397883352983101361209427
36 18 -0.00499281578350944911754689677175701048600507298187967870832204720339306066423442548670564979615063418990623439049030267939239884763097112970063171432267
37 18 -0.0105880650809870962916970202985659603423478914180140898801681974022711528548122348172686391932400797640657913517361655643889748148900587891709973700834
38 18 -0.0157573127420590024884175919939446246401698289212278881363177298942669616929699985984032406150770637859609165678076639789335309788454215021876328894989
39 18 -0.02054217036069544692826151343106080749444779000973113776505966317947274052827809577661717951987686906332504556452480789684374606084023867252157027715
40 18 -0.0249793806737108981572271447074079530449109120515642490063806959107589139192285556358572299010908874779326865600319191949641202686971008335236293302407
41 18 -0.0291014687333183836378784075496583591618240295796674142880573540320855577414587271564980707404386184581102399645850356369694172887339716108458808440559
42 18 -0.0329372972247808246213096333833522714935448262495462288157196488607846239057403146084374010520493246859452006959640962113718540767839230620294235506709
43 18 -0.0365125408882388216038032010433302216024454376997540037012004112139032090564020906201133673820073658764559545554117560898736418178353816491501540982065
44 18 -0.0398500926493147882675911572404498082537694380331219419106288020000217581833206757482764687831660446455523524221307662203481210021580510050441049327437
45 18 -0.0429704120465758400076028859863226548699429769224563379174523452959549831201535413123352592527238880059134216925405649187244945983623362262806310678389
46 18 -0.0458918248362146036015375932472368846995206170784489894674967964018664681653201889505610573568380516849889703633591653974632987776074734375004783693239
47 18 -0.0486307812184732097567071859927798998681560473041307856772206052190181653999328131010920879419410331518046757919889425163278407100390108255232542806494
48 18 -0.0512020789285263387484714341718303607957912275291693541297162732699436324826317023832669900255892700887376490394837669148298969975896752053965300919133
49 18 -0.0536190564312633174630239198658088833265359204457315186662383163895040113167932560957454889753919561857327370666962243618814647109832535488976293561176
50 18 -0.0558937606229776685389475296369527069570921547486534997564623378106853509904647063894300381309991292262434783204109803716959976506143925373550527536772
51 18 -0.0580370927458999007474689879272779333967572571571712738768018491848986853303819472478245192151392337994125212903856368731419823546979305616221084888221
52 18 -0.0600589356403912346189114138125582085747182341287446447134437913721034953141613094097959513224235347696868011560796907072836372529530001288622720842827
53 18 -0.0619682649747610783607641512701374397650047672765462817323286735448909370874469801243669699882856143183889829477357868161424837508599911233582696196868
54 18 -0.0637732466876432613335034493900941959884371269029934826018398605756772530036215717541013891842292807423781912260802142304247233922067816193181787046035
55 18 -0.0654813225390173506866116880616452260420511090141901938419366132528965872651929470883521918071835778394696557517841058412283530430136448887610073573188
56 18 -0.0670992853819962941647390018972461919432829606254418227700796921263047713260068205623179318911789017161697847034715630912543304641643360653321963092857
57 18 -0.0686333455290894996895807920815669367599761302001491839124403050763721307325474900194007201419442525091832134144159285637221906562704525561528679194801
58 18 -0.0700891893860908065839149677994294336395719811815574368761263732599001688677078171415537304162819110504953826040533256762358102888563479906033954060337
59 18 -0.0714720313576796502389646235731236556876290219375261227015923761918322466159844819873415193454995570915304590168098671091948090747379353244438502971974
60 18 -0.0727866598860161654827349029440992994920713265453789239862327793429376184185733896824706540844279646293637561259038107383798315577701916821563174478901
61 18 -0.0740374783627241271623149700738173250116927051393644652730430173077994415732569509161894871982236059422696633232833366457360651530183241366234540374714
62 18 -0.0752285415521060222822794520714102396435616588615729528878331541089476103298799947545245928880168220273916935817751726108976053826185022404983511586045
63 18 -0.0763635880762544728690619469779149085954261098218814160785996898923809104347363792334329671806889686958842306015411493647089750797050345562597518368634
64 18 -0.0774460694384521052455521693873619062592941690206477303853374769169957312304508043607027907362485813031460179174588565322486693285071023647618980535587
65 18 -0.0784791759978425757895913506133823705832622952785470017576608620776841968115030171356816653928636209610660197536263051864771742927472843566861496145466
66 18 -0.0794658602541064881910345506301678931089548180544098313164660088075592100956416464886228308788635149303988870327682577892382193699535488286844187793086
67 18 -0.0804088577543677930186764776061793062557654799167473389975605595090074796137579410213853793404658802259416458732156933309744705125050985100162928592404
68 18 -0.0813107058946028712037540922958491165077663068381732887769986003512656438887911456752906530765816902032666777840980450230492813684134150958344529203421
69 18 -0.0821737608534329423645029331954860415374547622986526960397648973394488779233399129334356208642127655907783914825872632123453007265911250235434288315494
70 18 -0.0830002128665178247029906457041394596522465471606647354571274145539680630273182871392305358474035644814580574246771946723141615106648322464454765185758
71 18 -0.0837921000241353755820340522909277646592066449018408852219746624075835238600425602856673545362901859832756058151646586022563840448122649368782719420637
72 18 -0.0845513207523366152334573039353196349274209197799450793041276297684497877552067689963688905303474370806119821919301012533005867709285776189075693221863
73 18 -0.0852796451188140910820542530821422536281221285327601853132808829982190271583307768281381937151536969131581251115904617674769220239869213072246797683059
74 18 -0.0859787250878898366245496373919541108738849361243836880435623811534906960539993466768659597103773359243263679810513152344327350610106283730842609150604
75 18 -0.0866501038344629541626347389537222623273666007521717074143545647200159271590004557977136945368948000673819313653134488973812290685274063439122567102009
76 18 -0.0872952242140529094861750622996473271106923026933692717915448357638161834914369894451427164255393766329685024446442975834013268773718663060071872251697
77 18 -0.087915436474975803215938697943835037742374091392941541213090290407146134596963885217982194881434362978315124014115839660619941405433883811624774718458
78 18 -0.08851200528897796307786968634906012203636855536912458574642116451010607972513830172970229962770837635939800988340285762380550210070480924725136779924
79 18 -0.0890861161681370414999117776199181259108527112704273318215364689090070008125910090127815181069437504232111374144609736538966323142283448242941793028994
80 18 -0.0896388813283653460189891155768565488710082325130341896179131942582135605469489392101812575998692666040911389302076392916705208501360482642842004466751
81 18 -0.0901713450532762342997210188371992109148852294594218147391422898616489377639862119236776633054140372275899519935828772625831823884743669668015705690388
82 18 -0.090684488606384353925882498495513906551603462507545998477077842710437599711646513685407624737778607516985092780978400802361140898016363792509958045722
83 18 -0.0911792347345030778492062861066767415355482123376851754634392390449070007937054554000121738691063058793535247681443981534497636105363746088308759715834
84 18 -0.0916564518006904912537940309911933211321094265270422222134272409733755153281618999509580280415839189600452025555336513204898977238302955762577390216559
85 18 -0.0921169575811034966457003531184233330178659047917308729018271326958841847852960640766392992305679623044702650899567521927129980049327486890084865124678
86 18 -0.0925615227565830044776079229684835328647226412298743942365983463514464520209930258258167112783492555656392037476499154493505801248908034568053236498208
87 18 -0.0929908741266554829572535604528971629301479831028205733084285028244425858277900656860341336085092404572219019031225952621881828629989040539703869102141
88 18 -0.0934056975708485509504238936828571899010106586280847078000542172204981756083580533122713770581046822676880754235199740536439923088254924990475266050788
89 18 -0.0938066407797384305107957262465061648987233402588909106063249327057795754995115653527242497735754457140123663054360933064407545844732269276209322131929
90 18 -0.0941943157759380676424939431483854775324756257274031787000538510353365465601580292388467731541594791794289396566261094663814129688467009041515402005643
91 18 -0.0945693012432644698134302122107755436927172583830788861658971946242497892089084614898902536248419633463635647380460508130226984540500411685334702281301
92 18 -0.0949321446805642820272173238953501293205073375332976108112546734551352776803776441151506425400764672114204919928024615310207631232278587860761889878481
93 18 -0.0952833643951033540737307139847710578805574360718623201142560097713971653701776714897051581404484203812564981160223005084658514836314423778546260619815
94 18 -0.0956234513490176249662009103586057561527225479863314363210679437411492382249068456390990456730929095333737667647488833925389927420488195539111299027601
95 18 -0.0959528708710603032901992624526643193807754751296141266009914370563639501143878954093928110873049786478581471195013929873213356717596505005095497909384
96 18 -0.0962720642447475916039948160236417963422370197119873652814909353199214769258908328971350053559773263413980012263517571254387235113415180405279446352335
97 18 -0.096581450182987625429029107847986916636796686000073224020039487225720228063376235099435301454479052116135231217041166456859226860125023099561362007307
98 18 -0.0968814261983621483240395883164432660241962530776488694058858635526982759151899283370713737837510246180680144254556894074012291332424946747330108555904
99 18 -0.0971723698774065151141793528261012793836408361231947193621605859831573572584942039741508109609252011466555834850713773038527864491927658351474843062598
100 18 -0.0974546400664910189464297457495147921004269543874044534245861547683817864579899029119552961754152115215447257298673089923382145479863873366916139151812
