4 2 2.57606915478894604259986024706801262098305722201426345420567976632317761485002710885578559830520933636509607909546166818535944770163044344544882670127
5 2 10.3740848171493034839503763116093745408740056393612352625322561832071129242917119159480443923789515404639113323917366376597320347751127205317113751246
6 2 -1.09606504993009008717453227899293520936088877354554436026010981565215185013724050426085298795908069394296603762207847069949141404701189536840263146851
7 2 -0.719016337299244898480250002126818914670945372875299151310809065552859562298706898123542785360610385825038228271911229946283157547830000368482450644045
8 2 -0.618084979821412791900639352274738227612994176741990957631261536207134911848220427512194478834980126283137949596765102524777176045437780704147781191239
9 2 -0.552145320175582622407346391386098460035748062583922954106127033723509934181395511763052975627501604565075250077415614091708464841667314941474269405011
10 2 -0.501557087853976581989705161664542899112125029606472685526287160812860790112228832479413136620773190013491178953364562339946980659726946946340832334903
11 2 -0.461509646817410828917734270214277590167908177222387319023307546361802537394649052609230456674236360183665150969914850917129803287106610697924718880706
12 2 -0.429522691647682826035843886323552116408436944115008521407253904570083810294983240775270492080098073587901648199100296786591899698579955057235345232774
13 2 -0.403801017389172966645599307269481132191457080832227460767403076399316758166555240798442921992545746450731765238640976489879418802848293401922854035479
14 2 -0.382956388796951516605833282756837680451315368750892814493003113514427862404222729853425763334264560359961477573764586733253752945409743882388416849985
15 2 -0.36591691185871195849984909995605933962433485659281003585568179121523479848458090298112432496446762858661161107992725395341267067127300308386678361861
16 2 -0.351861192536674676199898066086418834751020120752557074421387317160194042227587244923211905456912455715145907098888517754690492447927094908253593872857
17 2 -0.340161656688631870907606857155657620031528786953092453333512332936299513934718748387863734848328268732832802750301561985571194349545399028914292978655
18 2 -0.330338000143541883511885192913077807857479075150068836367558285707607165693568064215386139187210093283472498156061183211086304917109975760256195870713
19 2 -0.322020829062502062839049511493570339121502149858453765218496214152850891052387438345996874235285353747889044428056316714484791628105373354471894691836
20 2 -0.314924111433471341985118439161056322140690561251298553436965999929626854125359258356952032323105915636248658514452494526499427677602471921564559769916
21 2 -0.308824625098668814699487917950881282253970774464869979707790657102682180092558526625121101908385808900170763354972282283995250881545138130774498697561
22 2 -0.303546716986231650575196397783631740852059845014753311666958797384234154519195726757245061095569055935266281070197346732242842380124897185089619662118
23 2 -0.298951003042038880980420375703571462053487030476322312947924112075076970827692463523784663214978845932167052227785956895857301644003557714110622597581
24 2 -0.294925961950331785868406513160386251992902110185082283924927364687951385057230696608941255375735320434895130263634441894835393339608381875945415783552
25 2 -0.291381647505175640730933121019649053476582299039610294054619574460642350544617934563700790479022002525172988924432095717170630036350632552156138002275
26 2 -0.288244954294870731135333825870659714801265116144632233539574829999822117099052604306017320732257001772781814905199024766587175069982337409791175584279
27 2 -0.285456026840203695576492774362988108996033081163076650333501622242534276276653579918435418277412489142630534229605653399783140671457760391942843928204
28 2 -0.282965515239316020101289166568146930030589395586331773070574437007140304037002843942368625874296779763810746773018782474174723934548260387095508760232
29 2 -0.280732461620046533642918541421431955736396224187235009982727117612619531576961656071079623814745651807446939746556685696017140447295944202009984882905
30 2 -0.278722660000520001651802140527820553500803093979673000636222442461794457123675904286567271915254751015831662552924047690755749406256854333571705750597
31 2 -0.276907374036226694873138837088682702041361882987398913553211858422942846519894726435457343507759119700826039358672473299309425655687384494353194161074
32 2 -0.275262327316496174459961015720475474551067303382861337571168526734020113019367685363123611013536097434782638234113198803865786625480927324667426199539
33 2 -0.273766902737214698870440047080785263331743383679222628888628720880296264848913258812108436362973094966276005126622269311451562127401483102513065871125
34 2 -0.272403503406113658119274825434211136786797984788855910392375772924301124530936734148080939453101938927773685802899608402981484356670809013393853738297
35 2 -0.271157039216805149525048512320262925985703200626189572963890396534680652536414366344948322831602591853340427881945214367965834505719326676137052192774
36 2 -0.270014511848783709984980938903707430546989247311633048073835352005085813368818435804807657092453992181809097522356376710561555585552877957739880606832
37 2 -0.268964677357117896477206760290025706100325524261619768729642213233178402054249191328283305543800951067811234918937726067399930944163769059095534793221
38 2 -0.267997770308739611331369617096642153213012984913878976341603064977371179646021067738283838528625949193696484189478136101764374629398410201643390652641
39 2 -0.26710527703249929666657741861575628114686314218809086938075984940175024416917011426259315078929439660574842330136460615233424361966713903872174956125
40 2 -0.266279748287388980285009608229913488570650205164689744299010088119901281706467565932910160734923319079433589690724649064603615526377335962406499629599
41 2 -0.265514643742041057231549882596693913977109918244422518664907268102935993887202590765088622643443003904044625031332086968767791859413800437677536582637
42 2 -0.264804202262440865779575170608388413500230302604928791919405709542163937732949643211555604689198484697340179060537106384190517203793988331423281591589
43 2 -0.264143333243796914605526541190661064013206279843059566455054696324371742403119888494167817174022117671749300620438123649914148767856135438024119362018
44 2 -0.263527525185315731557257663209661906264207197487703509041806728611868638832702976765772998665776663034471801535359523491804941645495913315017107527263
45 2 -0.262952768459056679107645550795107176593924617106830966764635136488833482554183645538657869509119778885306995004456956165456429495065331091947551309512
46 2 -0.262415489815291973833173756035877639120393533090729563366744179005292893652163259406169134558077637121042590316355685903540565143601019615926658750321
47 2 -0.261912496633855564217703925523904014039520432710512889545356398178512985645171218874262236466481995839711996658153866807012611574091104034827011672295
48 2 -0.261440929301801867766214619545124430718518380276892965574952956025093508136707740880662802237472305033280065354531705828667110773628118393758173957403
49 2 -0.260998220393583899578046575522384863600707884088876118860469724228872134107697748599213914574217770848281804963976479194376746031334466414011315404086
50 2 -0.260582059567167654456790138966831707051691788095175359078426536628401334538615370073496427233715797933969152331062188578244522077335842663015431414053
51 2 -0.260190363280532904373926107403019335778979005455399830074435730753386291796919834236122755150036865462609966132795637437055370335184496862352953696601
52 2 -0.259821248587535879486500717195208966458150617263795711323719486061638057713335100259738340433937628746918084418443329430229816916833114210598205325312
53 2 -0.259473010397634572130553200198998082727571580573816295445006083595684042931813503563872721023296206746482346197213612360399253106690953119190906815701
54 2 -0.259144101686362811448637663546156755436998281125540289144966514104809652152848359214517085677404043453127962928456107220188810624372659075144578637744
55 2 -0.258833116227280448575987844830025147658764376673084326068120881619628263806934636663487183203925217171211478330886845525786199770101380201453218111547
56 2 -0.258538773485044440055707484695730524916270071916133978076983098261990954117864962053853291163046366046250774607117418378421666390185440386030906745132
57 2 -0.258259905366104172058665937727834735937818133657565581192652184243503078741238977583299644968898498635767348730539314915804413902162449776400122657362
58 2 -0.25799544457060067939287738436571665431182112543615481520756221626631185085374823923956042502752948308661607929216552284926484749906966180218614734062
59 2 -0.257744414328160199874783139347335212616890304115403122348017996732596016162548578231864968181337657122028234472617852663363765149435709238513423502081
60 2 -0.257505919332873290587450993606593176302950037740350960685174274883130134065863223384823344026961185814379500895207640010709752217451347096748514018983
61 2 -0.257279137720012192422273826982420324091988013212249782355989127033396910892455902360604849562162366509085217171022687058992262175687846471822822437415
62 2 -0.257063313949906378454973235073092142124533781603553305623888031500946499010081916582859309590958051764266524449257716435046260527711790333174801333157
63 2 -0.256857752483635058258881375738217534884808989407280444100950773856403424214375827262234320068610334451908002503814207270947314365374118094234871201684
64 2 -0.256661812151428529404318469544478872989149613236876886613359419954628494218805155358934824119094239373648918881663880224008033599590295387848665598302
65 2 -0.256474901128405736552994832136221402023231877576775397987105024848074546600932060177138854939134370955491481535084767218977763169941707073872295253232
66 2 -0.256296472443929134579926581407920252792070979420021672941151371344464043639691088001527128181812700910947514124046240040684281837185404718550466422027
67 2 -0.256126019960771531194013851665030199471349406954195814757916910362902733936325027055123573741830430973929092848912414840382226133049723578394423253337
68 2 -0.255963074768744405667416223922035669035745296141617642232100674706698159340994444183879518715621489513643379476620798294437274377890770439719266131012
69 2 -0.255807201944665789698471774502141788510361973505981519299146540602144383746474157381089681566000384359522855969312812977747883151098846040030355180697
70 2 -0.255657997636740860704389426274077359882269356527333014499212643654282987683756403571174835962891248044319592523640914826385313230503249304810481174715
71 2 -0.255515086436750099087031908491405901375923417311796176984663075462197729021919537483423751978645177896513917436905804030002196742408189371598268181342
72 2 -0.255378119008021682284087540009980383918917120837821186901220686970761259600270636792433546518812551151729315080861356708636169866931167234005673812989
73 2 -0.25524676994111827759313549685209170778963385133758952566316130051725355048655557186075287441731401240644077123031702524754198858285861864231038450395
74 2 -0.255120735812587014327477312075773305038132931847828368578749076620859970078590649961504673873221694525338829240548577700978069447280832964858987181927
75 2 -0.254999733425083670883683068252565096562865104403250697959517643616444520208027597609336001218158313848479127615577992321577851492407802931326137839768
76 2 -0.254883498209754112524868592159580519163796162985434329702936208613080288995735899875061262982126906797739189399837782341063517355531569796479267931833
77 2 -0.254771782773993563709125481730035263898667309329357786779712123042630228144550017980532644608733892557269759989156104041482762586256657139130152021103
78 2 -0.25466435557965460820690776693135486602315184876616049816628073987789555114944239661015535765988938531397030763651510940298485577601692654676598798402
79 2 -0.254560999738477918810458223604270500116691881546645228758246524316550128614164091075033468855566400673194751455387519366400350628273624735499719053467
80 2 -0.254461511913009654158083262288455482092538341740520828983007132758110953625573798599740956923205773376664495148792196139244491821055896622386955853136
81 2 -0.25436570131257520603214784565819522026517891047945284961443726532894223513434947708676787285026718113378612501394009275489330040806610372566337952953
82 2 -0.254273388775025274397069742732963322614534759839769532365116251269948480968425511989705665710851323265576214507831983106521878872410710995937031137617
83 2 -0.254184405925978247527279107287542508230735082352512665056283157304055962814725620486769033517260702251442309512757397001005386200391699799018799626152
84 2 -0.254098594408170703398872238684489759381047193079986610100855738809899719813938023806712304812524667462317150506088454130968455071226108121136182437395
85 2 -0.25401580517431109611660395413626377451987615459287239565252710505469283741478877407513635874587654570972268935081862843687349096223567824808731982917
86 2 -0.253935897837523742652135388760379898151224728813665813839575538092423018571073185649895329512296698878473620777148596708425705148030492549417368848508
87 2 -0.253858740074082626045913812432399021055660820315948510084426337387408046239002493230936559940674484127189304641434280303561574796537964376952949383633
88 2 -0.253784207073677250748185426532118860742747746714660121703289313469490863655222138605578110540529892906720257351955090664766289480553866958537357208713
89 2 -0.253712181032934447464420652294090879507269491926311102518949811350203932096740899401335760553873144646825045702707504553236190649808396640064794415415
90 2 -0.253642550688348101063943444811623606326340468748793906389124638683355046295934894336203768790347163663021737883376448907098349766959233635136821508265
91 2 -0.253575210885149751580707362300806028528297906684946030441320448129508661845401807021063075244840587403571972283394928922471272509622027640637439191287
92 2 -0.253510062178992533841222622484193410985743834770028037173669505056251452716575594064451701336438571189665197629867939762246405255875848054829553108466
93 2 -0.253447010467623886069107360147436223377117876273414822322651116371351073118319682941297784451554961972551460299497989790257956600770686215602496195432
94 2 -0.253385966649993154583718103169302769273081819758013347872136448005251355394222406636994204144417293052226232807249920574393544163878726372083156719716
95 2 -0.253326846310482391432392590026806280233970762095409344151453040622854542511766829968323844938138855594759579657232184374997979336150567387360347284171
96 2 -0.253269569426165557260202402054380994472210473904666518436165939791180475558651150438164849557141348838198004856641577715291794343612151508136525936542
97 2 -0.253214060095195870327016607864434902795220929769408118572103649553552415132433222308965061133200093453329994118208469409622389187120727481958636756644
98 2 -0.253160246284595700179133188459711881313795324378401998523717735223422928955647388310599973745313368386304614640049479002645265077270305567789543636861
99 2 -0.253108059595880401590654638285104340186191292034454004772309047889740328913115696744301271950536758471279126734854575257203252946343786902803126333925
100 2 -0.253057435047088765936720791534398289836778098461203330362047759661620361568932998544067790586213494221892996933220227659001361242019902823627103914334
