4 21 0.382693316458237772591099511731678576887886025271277576930156808316699328297211125984802699739881714934224401759281366271935770364604721305914062418504
5 21 1.07056581559674599910264938953708929086391937939327237955552980618895094214208785791086308843393604842049510180177652058529083201942474931724268530836
6 21 -0.559621575230241137878274593557692482188779866465898238801845084333209415367211828327277843836167831438345674297762694398408703588131322902975269810965
7 21 0.137798085144590429424813314440773389309614271711677903872736255076620613720852528052009171977363822434905159483203879022470496971591733817568030886959
8 21 -1.57667094974350779836097804121982038877875878990410476267640307352319460589453653067952557422431532804880611602984571246166891421228034844433972671419
9 21 -0.098767664175751717143015942818016708418021112922745543826915116260290325960811381569514826472563717749374780720462562975261699405641755217235404681742
10 21 0.6775019916499772831913146112154184564419305733841715600785191919886261989595965863352931932393846351233855815823381042870021436258067482728368381902
11 21 0.809919014513616437394365904174723693672478881924658508132293189190733962188680913319554106808276214896530967788225805486092668559633056795383894411435
12 21 0.682739214695092217286436143935740183020009101889300942893332557974048552362831752421074431324854463951247030616200626643626857687776652275717800043659
13 21 0.491297525553917594380081519703438481104452140414894946340547480846516851086280590810220682254886530971674919672253205562009619867338585277670263024918
14 21 0.307705785373902002624030824300363885150884210877912635055568445246552456661305189003595828224046502080783365155742550711238917537410953184963617665327
15 21 0.152256419191303870400523056258993821685665037340414845308619633239060935024224295795322870742884479198184241931355001891449070850859618856820886534191
16 21 0.0265950852614520698921950993048110552989863586184268848246577350994479090492591615513482496140827317757275649497657611969860206889304443404114725825082
17 21 -0.0732890845420962476213722043177395351644928330103401867049494232578931927559835279526390690437701163840967189771075281338812696464535130191565530045958
18 21 -0.152396724913434982115700911680561496837450398857835252753403318503623757190542736772220936742308469738082054947698294766604918476359167192580636978603
19 21 -0.215224985294831636131265773429849095412673903231206023758595918687124604299396048122757327362763244134558877907097133288457271504497561300943680918246
20 21 -0.26542357364923181175285489731176596178609529664307668438424305949775994451286561479965678727542420714832416700579964744580814840596619435586913695634
21 21 -0.305834072907674827062259026064966822526683601680160996452696988079022239382243473731892893115851647648886882791633022525564683633419117557420244166795
22 21 -0.338631795809637288247509770112797647708978266886366931258834298879101615984203105112870239813602912455448173620276391269186073987948879506118015582564
23 21 -0.365473360641470319604715509350815122566477436901930397086335175375533930775510346238679214792878914831874149013054669126961271788490144540973357144131
24 21 -0.387621464967406867390003028839365672945196667473154979525029713290954351488652415800681918259127809944434981286687691053860492749030151827146921850256
25 21 -0.406042557572571491143402651942655781623252053990053750726270533775936672253906632630480120949893290899759556932290897091241123140065466687142801037852
26 21 -0.421480748625594319335878693792246454895805204302556411255574867283388538584224643997998072299089406685676181496612633008697826482451855836744224137961
27 21 -0.434512913631328967270833322873656224338352366624820830257110753116242702625050786546965244596775791560636019156403547086825485546721382884145317031351
28 21 -0.445589562430025623897989164573935993595901414366873186999290800308517013885737433796383316994386539201901134247677569584307881658024308627909963895801
29 21 -0.455065152782722338288221977601063426648480325174884931262367499836293488109110001761334705599304203672259017926007626192833378732664472169821332393513
30 21 -0.463220644724852445097088594863888053318315129890100825926728365334082048944398756267172360565892885110290851244434122018575366585006779453537350591831
31 21 -0.470280363793014178270820055028918963164962083434898000545801448734872329647668960576862849181706813351254389895863158019033987249811668973590172773301
32 21 -0.476424683687971830727587601086691650965154019969149955415142426959055585791413779427627054186916247403215180673821004641938493237175593739246140453682
33 21 -0.481799626524293989632282920908434973508729988675957225523567024821767510889203153749392480782969198010295370981997642447666898106435367236686427172934
34 21 -0.486524178839699726120066832293712316175724016482763305464243174934263445311504049205904232462016804573602569610216860208312128972767667007580306137161
35 21 -0.490695904953552255641205504593458957187876705775739586165416436335354294208706770672339692086314626933570629838326948601403691919465496585599849547011
36 21 -0.494395283210182662392060542059379613447674379711314086024557461450854774519810462534754428220143885768505067890127379270896223107654040795133283912485
37 21 -0.497689078069681714524120896975890972198988229622830777080034839602006561355037761401570228732934820344654874101701105040761634662102517326472879767017
38 21 -0.500632979543681442528022869380082193552865519025290801727733695732184430953263976217110089762744445180825111114487292461219841700182905282410597763729
39 21 -0.50327368225930935642993943661610020733939101553650472991963514953514710143121458024313210768835819292192979077497401599754123508496909867025487879234
40 21 -0.505650533169613824673896898919301388189718734853860637324473571334956906116831548966541994893084191954751498557072148396224591942913516677900380110029
41 21 -0.507796845138111317042251613062001170456625879682870949704893892146463630110235853163998018436209008158375958243936580005545132214026036501808093183039
42 21 -0.509740950127105569177784189037352118663563849233528537538253238657945085452842502738731028488276746617676911290020893959766112372011755094238292858934
43 21 -0.511507048245830671816306110847390219643353960636131663715968837049540352541006200871222685200537647279170416276515752976429496609275943110862560729779
44 21 -0.513115895841789657419742259080749784056540250268301639867181010820232129171402204995280668494348630640260449343164172227238220350665522948007180329139
45 21 -0.514585365979442994323316213316052267316378582208517535855668416571634359567149445759974637177763457014229658494775397784948889469183888424397508303817
46 21 -0.515930907200792647291581500622635705665516698521093670807798230435900498384369105342845298697088713909498752264095293885345016231855972611393049510803
47 21 -0.517165920789133160420230147080228636277929103596273836285862287406448131848272023315653003809245241768117213160792107918404137536998436317409506455903
48 21 -0.518302072412106593567319612662581908093284064842676271316482084545266542158323065801568151537992664199187580272055736617138203289451282664104840184239
49 21 -0.519349550673795785924126526088922262076327227460535765840984260718336661995914544630546005529424761554765592445300024876924535804851318744556637639263
50 21 -0.520317282514445776267481148869217634249052860264424076784161571829999601922769267063704583149570539969961186830360695846838286890842029990149685794924
51 21 -0.521213113379545319868833701500260223862858413660260364538055220153475978053228322153523023166865073220483309727401135332873755227228727499741914704693
52 21 -0.522043958502170261058291388386013372064976498770244708898678758816129903141675364508935768136691244699503448309431374247596498766294051866897190438707
53 21 -0.522815930402043644867298725892142506005854989173098601121540307971852054173760178632989863375979602563630840462038683292190039413221232355460071402561
54 21 -0.523534446724912690112517281380030533646804468503390449005012102241442867271750565121990279093578170369215188585433339841989975910823323849866689998783
55 21 -0.524204321768262872137653112477056328108779203458426828701113266001061391419318275666998688634836929982219226164203828073536401508263818320879660663676
56 21 -0.524829844419571675025064392224249808469169039660128960864766753676083502646776040338366069235890447795309112049494976045278857885423736227076277160224
57 21 -0.525414844737105002611961431306641425924012780740690027236403979302204722801326844359265268411547574119417915165615403869660835415307589918276307965973
58 21 -0.525962751004360998819149017351447630948340159009811483143365231137769432147947651869999661950601386858483818770363214204149276858350506975348583372027
59 21 -0.526476638767290307994756957509012041553004587758382703078620248340482960237258643180976141202686733491617138822981388862582698581527851344906011342468
60 21 -0.526959273102516167444028447799974204188806316460306663512312335342424174613928539789713683852488671967930952938010355703515842869636353720473364261663
61 21 -0.527413145152556253194454341000098399695699962371510461192372460741236769671050660723286828706802154759098545521296783372870260637974848895201202713976
62 21 -0.527840503790791937978789441667428079910820468453161612740023389995406563730488962844137023606457248399667957073852620375784731265855296631302218986687
63 21 -0.528243383136981533872764218256629467062046541065947013984975017082314191213327002043235290440605051023221244207542901851620639066266155876133118635371
64 21 -0.528623626527413635491878160039904193645439185465553661795751281819962986787477697392889815645349019650686541116242259636838342004311412193280120283481
65 21 -0.5289829074475328899077725501766543244676727668511555669128507877282990982656489583396388773413944285551243253784171950985179924493574499779017465458
66 21 -0.529322747855206943486339806029243042218489783781093356821914693466398007803367384064336298678068178489377173637770227420721588864060287133530804810958
67 21 -0.529644534256669916902726286913966172798223780085814875929009055548378731328930052478523913313731331475456888323790530813366299089723463615959885526652
68 21 -0.529949531842108967019271887940795392979518818272518692198974837966466973257338993103208358409395130660698875626708136023559211165195736932471056262249
69 21 -0.530238896941869265652594794072421539703374338126310565281612657951694214467084064717670929494988775801624973836718696138689784293409353998622392240005
70 21 -0.530513688025732230638605577914515812006081924692933824632790555829033971490644473591288627709122921375023551198179939852929868633173948659880743478257
71 21 -0.530774875435368423761013660439597960883399625424468602767448658193698519243305544030138600052959936075505995102782995709736409552302845068891286242522
72 21 -0.531023350012819096077171066043848034060720085391847722858673529733615972974317696904844671806010184055362313956521316726013048734225282531599800098758
73 21 -0.531259930764852568286527358393314813368038219324759724936965764286252351958152720733994315308925758009213465696457537014317657365017710214073671900983
74 21 -0.531485371683563988939655634978730032775092852807980417549581344226963770066263884498753802498031529085060794009409182855113202196236934084813394465362
75 21 -0.531700367827056761105957719471084320017003169442312851555323842765797866209870028666681382806989838686918865766293439587151600605364460459764775753248
76 21 -0.531905560749981035452887286509591161359068794959729093518051795396934479065680011495554466735956440325430256778305169640510135254023192235731071519502
77 21 -0.532101543361712610105377284984351133001498410187884690092633765170966843916254795966900476010944247601051451538003837143737158605025990376568995282753
78 21 -0.532288864279705919278916678901980695415124931572839866510928268050217758716148105344972624781014001150383562378052037328189207054476546222700457615649
79 21 -0.532468031736774772426702530128004953440878867443823666857683567113554019437536046601183155780746935597089466163746141275400324159780092968847312723325
80 21 -0.532639517093517013739802586850472192528895108735547404482588281007505940022021179511423418861476635585572631220648005086931854473662166048108215145555
81 21 -0.532803758000614732773161331065614600633970232192756198218293455693598541177028053752932751162414935683561383692251962136757421526909230188935376376609
82 21 -0.532961161250151437515563246424465723141464251774318208985625181723564920883111323075250867975577327014961285824936525918642819401410507327892827364222
83 21 -0.533112105350258642164236247835862301767557571530505684926558688287539043128951007130186862228420053157585989215917936952492239777924705124221124032267
84 21 -0.533256942853224754396693481906976401052446553177895659770450741420675895543205677040499284241920273248485734214970911265672946113674592336463388556713
85 21 -0.533396002463574703646095638369582571756116132704221659020908823738081225639294876086235917000613816492582535774490552220214423689400564518866782720825
86 21 -0.53352959094947982074939121487226679487477247187855218543888206579880975513424082833888677313211953429233963361517788631802085692837271634220524066012
87 21 -0.533657994878116679362887452422476126253332380759349631854362274455366096434824355135159897405729844671430523499570373282233927630712808457079265930118
88 21 -0.533781482193203790860137444016979617158619878434877294982894539669219369028113406493294716341280615857293754924747616898382969316743739851063989111148
89 21 -0.53390030365085763451028633609469010568491765779953562926593667572414457773965189347817211934649055532508869175854048101808235625303932028870559331672
90 21 -0.534014694128083137624735101308241587567913826075188403031316895082568728510033950021671074430839625795958692563384243898619928171199193542962770313811
91 21 -0.53412487381661309789567682214505401157511951146705055856691063380479726126807353689744351441747462610509846470957464706914947792264543426269329307711
92 21 -0.534231049313405983789297531126116116733728012022803053286054811996475318723373141496256212252987055247343980087667406822428153424182725442498153786657
93 21 -0.534333414617876208466300126454875443160282473354264283874739870475444298240467465552393217091347532562082048061955053541483095336986985057495010860744
94 21 -0.53443215204484316491983877815493301009498122284687572603114147896234105747149326360626025451791232142079326884540471352456490204339456696702037721108
95 21 -0.534527433061225963804184957989542451008943014759865688215754140664187690846042730968797039658402747544605019630356168931293632394236328576655921797392
96 21 -0.534619419053663506480426953491937605291876371581067286195991158907345596514630331094305175677965477765676178499610946931995148871600802464870040292135
97 21 -0.534708262033490084845657700108071384047080810370088038646331538221045128076152543410771763231774652385381940999291165641259497373915646116244185193433
98 21 -0.534794105284832882022607561824562009330960469362582628767412316886092806069427576575938530938437048349246450984140453875783405773179399534174950857846
99 21 -0.534877083961008955268077768595015165438504012452311316629649206498303415931439166875158765090263885289739029255002797529940036959217280752378106617148
100 21 -0.534957325633876325567988919796164676867750984564557016570856614597448717000114201804580839344077312881235446783435264011293418479982284566220982448481
