4 22 1.96835049520335551453280859041712700664901321097272176750262379170737973021496281861127040265338577659249127990441778426102760044304076013161695620831
5 22 5.45338840379812471968255478301642587852450472660752732462840661372848615744140318247801111101454207904787495531662513395161730825187564588110049394604
6 22 1.50048249434207581981408924471904745123395214539438806223145767823269417747934769098674134737672202423889406270787488124618567801991142471299255007362
7 22 -0.566674586604461290415352580059792861897826754414875699910757811018862474279623202547530826753191878807515165312583690326705319677459604033228437085039
8 22 -0.287098340945530882185052476221458525986152253368873631188787234901488633464586544583300225134695967302481488938128966354828772458248010897899125624087
9 22 -1.54142805188882242733423320419751357581470627484789792012930933347085538211896707212363102276706888898022351894784990642360039157499071135373681095293
10 22 -1.11560450382122941901930707886657778965798243929222792099683849667120160491878505759606317204352675506850612295380175203298004358394250560441488277165
11 22 -0.430095712415377130782462529455215388489598973539795728134454054761082039577284409763433965955844131797372203519604060290305598843421925142964697815485
12 22 0.0779493296570479007181009996341541957143252023270717523558186420691002218666935022594443550698399437037758229187415959082335212452284235456692198552919
13 22 0.386109659604046095720355428733043580315598191149818606905978436674971171007654459952272478527688824242530708584156216721130383674484414279596895339266
14 22 0.553901184873336551370179787821719717095093719227504341665422561840657243714276861947026912534881797701700201350237203961923963732028699710563569011382
15 22 0.63511682595522331522249793657480037191085426590855938906118493779207071201960702226125843699836312171075724109329706902130241665440531447350846581152
16 22 0.66573971398522888194184904233882138519737110475967545221674946133848501734276527077840147813002172917514557006241358577820469519488163935453576471786
17 22 0.66777132135173389235622098841545208958279759149562704654708767906752667007833832461129550651023994682940863056246546852592864568862755684227097562534
18 22 0.654224576295295802209874040384858040432126501222744847722254714440172767597700751508447651157428328942073820690128772456604240230675454284578073120814
19 22 0.632690359188972068453878566629808515825387918908533100528444279117021151284958846048523343152281391016306141841714586025209496734465674570179098280109
20 22 0.607558429899056828833535866405614318777728113995520045365139100640234109690215227450522550141760815449561637336598079751309754500126720840201314330405
21 22 0.581338791484730119230633419962505045578453921054272330876876845247973121923179497505209907956151895434483162154792686090494427798374370677282690935355
22 22 0.555437073273122321991090158919651871672506683013597678768900190881746970172506426651227712815377370549737098954104820837243960102452894883743684061218
23 22 0.530609203148666248060902402601553260478887070105964139136892121601560224121453764686044673271993079904314929113619088422050001291240237670989113815197
24 22 0.507229267382667110783110169290197760816719356773811497366921057471268489872317195089264160030885409436553203761373066501389653473757870552018709233896
25 22 0.485448311205915391908727458481893422405876787949450217458367731398985348169874013580670237544456264827410370267737975007985668472800565857282416059112
26 22 0.465289030705690476296565258006410902522744101621385057843614406909093422875753896612081636049374158086571260133457227005564007622246731565833996287601
27 22 0.446702452469268421987165374468249503381240543520248092457525862815521563530589566095217512715043236746730495661697490114683720708978009038703566322269
28 22 0.429601876426655504064361611946043842037848328504539067745839330218373301634332190291430453163643415347903501882690475541239614744357156310566160801733
29 22 0.413883111882965871187659300751146830730615709660472224050383174266295079490681466783454617011172953397003796114466383232321044348070432791653067704533
30 22 0.399436399403095023455323009737741746853832830990157779515888889150550050755083598022068605568859804952525862454150958474682280374435663793625952130793
31 22 0.386153270473523713775111136870611893347529136350030349555394227297891602498422806099695535505238495965733679607134633385912595703494596335546119843368
32 22 0.373930323124283329786269132313338784399476592009247236756013241038605903774902736742911704569691525529221218455753862530171290386352155749787320417534
33 22 0.362671125694481661691838151100422870490509610203690469245779493313312996560290338377298863304688585356985438533230201641214759662834050174805389575128
34 22 0.352286995642238105568532223810889564649048277660473934206102069995742770738955751246470330761753985887383727968374183078651814302014415608345748939545
35 22 0.34269711511258909934613838579807545431628994575146810788330638386237336269084238164410612034400578135340038706256723346814888046782779384402599589917
36 22 0.333828268799903353045479932039226386630171485044574035985221007906385585275157952341251921172129101836685920649934173292182447414380033652386746715366
37 22 0.325614380105868653348840602635917519111879037361300229109571823788549111583358843325475911678564385967847905339493884084399496920492710609533486124253
38 22 0.317995953169177433039005975534406394919798021877495020531526078206636445164238766962722220460865338971947907378839951461942542485170571788297117244172
39 22 0.31091948548324262295268852569368703069235161967597575657583875276240830176295275904026329673818373589250780014735839682978401826068284864097894010975
40 22 0.304336888966055460094539521025967242114111140670481864182460008766355363770424059742714141202833067132313006925011106926296922804642166826846917619413
41 22 0.298204940572961874153740233563585992790677242340508524554486912614976052248295762109433712606374562922982727990426708965785227693354982419656675047649
42 22 0.292484773141409025720764193043658596303363420101070513291855786577871751600741889150258202524524578740539729962499363880975581048878095542281255320742
43 22 0.287141410791984028411792935697303030069453325935764375823046388901744572094311920619975804099384608605504275465007395391924923313344857358869891965416
44 22 0.282143349403302224017721690002218244232234839419795148764908407880438802932518558846939848658544615622553037398657976053118592407387246692591837153176
45 22 0.277462180487994480507309156437271325542674154446574486257323704469400799184891344357789955251606170221897216816841143263436353641854212043645844748428
46 22 0.273072255621786069396319480422827688503023124647349342699644274898956803303057882976997213312714773334349292617704181814579729257619063864222773172774
47 22 0.268950388032578075570743930240082540192489628189680595547333131155042245065966109877155256522903672728730703380078837219403807145599742068546896145219
48 22 0.265075587795241766669193850714113129498653120787995134638282821557589666010601351908931812770600081425574980090942845124950500646213982757981553714719
49 22 0.261428827143287693099055354351895126146064964064878703722329011227683691824683234329153045376423194454237590647541071927763944848496340825915900789519
50 22 0.257992832600857000517498038037236551171230869062687027986526015799487723979887181598146599835998978137044554320529215919143030821175323327935165158479
51 22 0.254751900894850999423501636136350617189144571789101931053189222610986302130101654405270418720836519606394382798075331191381431718994160925540265164074
52 22 0.251691735888642748997713216130068350978454291750156222843257199955669900590833185805277675848840123365341618970271741088343723160308901070909463967167
53 22 0.248799304062290261690261180752737277344047094999495271041694833339655247072736837449712844987218472079072693817299109078535138863488487790182528126533
54 22 0.246062706335963451486964342866696342629071461668679965403156593540005854210831413502017912697307921812648993875678903152778656383478387661530689051233
55 22 0.243471064286153922955209394833750064302134310563336522685279075549862305243002689120755855069820005080028597980694355720887751368000547803259607166535
56 22 0.241014419034842904815579228321932696961846582832137876281494373750292196578852217977827211460850777325346742878662369740905257031150602200228698652172
57 22 0.238683641299258993349315080647429318773085871315487896547909137871928285156505153731742014318569873181134624168847689468017602671122110416474641460194
58 22 0.236470351274697723043660681051263552093009812999089104319791579367133225709385057459161241166386890104163660541439121059566943694002761086115148337295
59 22 0.234366847186435089813674137099283961284861058461958894939197366574045877793925642463829957332372834813856908276584866153661954225500729625084818266876
60 22 0.232366041490784495672485330019632334223661510039218688757822968593493454752538776622878285539453118066806354786636210346370545461054682726240432214404
61 22 0.230461403831711055761940559366742340758695241384896832835859991292800735464258362830039049499394317023260076518231111710051548670103537941648803832655
62 22 0.22864690997002013067426514830927106683124367062335633379747451361717193877074573728213788496835183944103687198538478689467417505156123608855111744298
63 22 0.226916995998783721269544630101395759410549449580752134278218122043897175873417457883887832390672612129725325564280040247785613327268267348688203928387
64 22 0.225266517243031899341424329291239818198386307800362604792000297709918368497661137554043127416437081005346106661031165648145582487363231949086079810717
65 22 0.223690711315336315181695810549303885904026408466939240910564589053963526734315956624680928473250220526313115389441246521856969523365178207009189362174
66 22 0.222185164863110259783365674523715675619076320802923515461002341257848689118797563219747235692876395844907617148582902594176838106016675025650567563043
67 22 0.220745783599452094586408825742510049805731835176995871601148166240040998198732171863461683073872933554088362082924148154441692754668579488912858148019
68 22 0.219368765258229195249824628997009007481216875390757442941897406411310625068667522916941658236741335894863270588136906815932719269921896364331481030038
69 22 0.21805057515676903523261407766964375624586885651479502683625814638810397280778653781720638829513949347933339770317008850471619815391182086237659405052
70 22 0.216787924086805069063964843768996321850149578399228011873686834864925094502920225312193156930010180458124961692116598997853723549761039036448538017876
71 22 0.215577748286924479052803184918819215322374312943015420346943861877823665703196491356522000106451871258797874391141954605161401534774781267300988178277
72 22 0.214417191278296335437771003532096098537857928312458288709687037453671680791293515947990481741167750478594991249332842766918731667756188164164262269588
73 22 0.213303587370454430378670732494440704948062271615318602107881458958281038265279112138669088431736015820176384265163147536688307404148111402646510653675
74 22 0.212234446665829988858641798328831074091027615308315496965621299729012009231055012164327645448514415865325257095203110623076053231093909531907718627989
75 22 0.211207441410974825003010216836181447043652460954069673700777807556359796491430669304905752365898236290661494321871465916882899857573145603318853812641
76 22 0.210220393559330905123499406825235504796572551563738701031349653528614181035885507283464055016528197469913187117997871354975630521844039587197723072227
77 22 0.20927126342528693725183728444151450272998723653445994784413721325405351634141294295141664173721604031634370422102916229597344607234150288945233354344
78 22 0.208358139322375699858139403562543967112824008893326482122056596898811605179525228502578970972931629636467855732062329738735876675708220108585582974403
79 22 0.207479228090031918518652691836733542948830024425890909145187260255859150113083276677678160690469985160745694158567814311231237721925797980289532983181
80 22 0.20663284642354430287071467269568487926745577697631764635739809082475711728747499363787612357984980965304465385720345590148299544046939659048598577659
81 22 0.205817412930865798821799808911315178433790232799364566120730708677662534413384098439876734031492727795113521782873023832782325740748922402936282229267
82 22 0.205031440847939880410473702700819061504183011809200349049167556501440967964895785208889692940164769331688085757852097057409366901832646187418509238469
83 22 0.204273531351285286325944055039327112750109022041725567612835964795756671908900588588641676525075677009093811924076848389426146604980900013583327554248
84 22 0.203542367412867896498343529442677017580574489587129157526345959454546629084070305088352337763899669158401615600315023891798675112557183654796536169866
85 22 0.202836708147873009937269741125213170797247995121126703182296672404049424001933693178408364329138711700628674130422453604022083689399948822155104603519
86 22 0.202155383610958297042403988961953525824837360084418340221751514906784748101615670077807121872390417359060387354900056507968320886022335039287302060339
87 22 0.201497290000990602336789002972016872909077228241608900842695516588008516686822275865549712274086721534727453715976233096938005834208555713148083862674
88 22 0.200861385238212720762110515293570824386664196112361428939955259273523165574979599735075636242041152395614220945445393857229138634086520542338608470463
89 22 0.200246684881305362016027298553477572637217329689033573930791524003111028210628118256139054129409944172877757965507793202696936333363355302368892321452
90 22 0.199652258354953863908316679115503826324911977390369868720163500509198483367651334736247575258783678413288488560967673914318866364311719701251389219542
91 22 0.199077225461341858236227656644130316670274444732453707935973501142301445490478532382856865705570804327077528491345704762262883926396393353858070984066
92 22 0.198520753151512794481231891951863445239210032053846610106517375658341799067293838392292904276287916254179492002496536898662645641194049750506847047917
93 22 0.197982052534798157651355248409914254552587562128900357534344918468008998683308571820340386427899223396910089555173927886510133804658130260161365828754
94 22 0.197460376106537544850125302993977195062917904551986330988208100282757450741925029819894277020377709232114274903321684883995499565025346921897129009995
95 22 0.19695501517613616826304082750693961175929833271200807680401900082870147949723947815338718786782675598888628709868047042217035796647489142352560463758
96 22 0.196465297479142460312027585874216882922478555655483334011893854817177807714431054490753064533721930584692468206440446362526562521107205546697143066635
97 22 0.19599058495850223611686238999920183939045248393222766531866116185610579272281460356127720304885910017138627058667954474050445260505732680415801880182
98 22 0.195530271701473954723359049431442689311449729526805050122224585667080865537308156586496309428004454206637143837687428897440798029566725306602221995667
99 22 0.195083782019887607749583844397570018147653753088511635811488878339610084195561264382183020679563291935218833340728432259409312593727548136316123249487
100 22 0.194650568662511455744864642046768639749750369989104505082943213721817474379720360871612846285603075069980274311094287336991935918757778967221075422078
