4 24 0.333911945476054024553538551672046607223043174960759931870674778737551515120634273261227403507749503634005293885806226963625366853416141330742886051965
5 24 -4.94120430197752081582984416126567219521016060982318575230098145821627575940186601162204370303352895967924758327005993341189347998976586376741249660833
6 24 -0.505391024946290643281067087815076611670936862800357018953865192586763250278645046852969380544419968048932991932229608883566778332593824103689106975625
7 24 0.968747951511121612551553652528648529971295050401136409850229891757216417522607415171983779520285115152932287393803342192663982710884544057268366144034
8 24 -0.111791356933456718011096042873664759600872911616661826010319859451872688715834066316844546488981935254957866871079542423897590978138098726256766876037
9 24 0.179843841063564020727477301739794266466592663635764476230092641097584338945949342708031937560251470855471321954983357185842304151092756711381778165239
10 24 0.594659577391792823247517425345074309311399428745299369248015109928709929767651377174503904852634787114310969696736875783251661008798380934116992619185
11 24 0.193135687978455048060916104618370551968741893181364235498482365989065096057137939640227145746275271678446141193965021844714479589488648338982308479165
12 24 -0.32653727345676966486844778848374851048770946539914339706055249173861889876733777325577440479973580786527505447642560606372406771068920033445233303524
13 24 -0.721623904582323908134231009009134831374040687778477608310897301100013962728811073391462179942249112223898270128110049870432152463160314338582605104832
14 24 -0.972829003343040978885662294182838188398313778955989904317110109485704902857180100581424179559861112684050913981299168450500701736750488644429228271168
15 24 -1.11578508499440862086124902605459906858884128025959655539716356664173456996596788071477396064148965895751184098013120851294647434972646934623030372915
16 24 -1.1873198510411929294738132033637100440107134108977588653624549768054082325683510321130993141400382504269893478750315221239129959001787623262366518125
17 24 -1.21445614135675244646132674233481069962762350384256434573882235515539038461982003299998329507225711326900081268938284506996956011495481251272137576834
18 24 -1.21501799087268982404804829256015451323867723368821973122325749317841038973614479349177580751384768364333580535879060967322050297868162621152845638996
19 24 -1.20025956884867715816554627430313200439887604468627799992558618230198633414140511141717533957309520509669197792506571122066941173117613843027123943169
20 24 -1.17714116535384337291411535152687318486941483644833782809988225570128585079793435946916499149543106377942298461771772712882161262661561379035641583958
21 24 -1.1499133833055994727562144694812524310103856368427987388882502394467112482341684642713939214181205211529955861332440634492282729502203477097843525894
22 24 -1.12114053016224680805193428300038522107915395554978060330224461158301012802063707002073354306423945203555397655738203479819865741873358135676304944695
23 24 -1.09234275448889062759420896262456177875128600216198818166973849281896787769019180417056687880416898102963520185039724158001180312985763467449290954742
24 24 -1.06439484521875616746435388026980577198590811762479058094404744973249123635296610156489533717776815915756267572788882696531854653699918802019120765674
25 24 -1.03777348994874833600985850826271349756934423243319184211748411903421436681424876974591884487034808533995652635539043913896659612170197868973856834777
26 24 -1.01271089913739597839320450704123354240761361443680254537397416201820164858398952082830751902114300920918450937402087752587810508282312899414371589976
27 24 -0.989290569938352170092302840008972093251773209373778072737256303372460917766117193584599729745870654460499033913834947896962845052921377661191914796147
28 24 -0.967507155133422357920176906496442890779506122707826541122285606936529875377165575743821187310406080010661781380772170413827189779975859659580280112233
29 24 -0.947303940120161899974326963253879735222448107319750515688189747196233392606752725683901079302495090333014629491590726262219983771779189932610896775794
30 24 -0.928596269191114615694179543880407352996792590214274529656001800338772564847151230129689731998899561762732045535591346093615988701707308355248479150727
31 24 -0.911286107960702988662209322928401721666667184396635981316842563894917524585700084431970308408027423846301899079639151052670948136421136742933850548946
32 24 -0.895270990717780915244331867257928208930428913730898045015865497592939936786650808706652802366971520415872796726055050290630053247818563769802180140418
33 24 -0.880449402177270425072513614948635541637741337292381976483590471213837286883158907834763772523069320770629545421442652093453939136831669605033021044941
34 24 -0.866723895077776820880156779811785917220781303027587337601926170261506608424427246651980153437098173997644300831220428772439815598373706929303447039088
35 24 -0.854002774752559969499063940449888152511209586973913814356840487038971976170683404033645129261706358257780544831961078917543265272727861950401131794035
36 24 -0.842200883784415750192742895917854888287455642547495464010081258465530780467037425679474302239206510445986810244298672148925067076027004599672733821681
37 24 -0.831239829650984526800597012295060901755734195784928219439866784147388879419270409632334984258142950938813610795162048177242385345212516879270735952995
38 24 -0.821047876089042635342202675422203682592813025907046110123224136155372951341746768385029616207786747965487690076130767472589614565167828537047098846125
39 24 -0.811559639995255172218099189051697267270185108106266620471877558533612245877904675950626248436086915010697022787885140543642293024050361115065716703273
40 24 -0.80271568449549948675701029117474945887242636077317158662358625014244440722877793597207257977251283678697105997403212783241144723334827507288994211833
41 24 -0.79446206551777495145946228951478561990362582804659628263623392784766173289298378749878229229242967511652269044947845210331820964456191544389674028554
42 24 -0.786749867517690864557154672446103769253042098789716238013040277663742256380789717011510916605211661026683504343574161513885398999558265176435864013155
43 24 -0.77953474989481519504497670976551215818718590991237766602063330961436406638351909757710253239053037630215978671073092226083541158581750196949782699357
44 24 -0.772776516489968536513129362962515223649002123020216389786920241670116508169105996942562265168886750911088407772762374795676944684563051880554362404408
45 24 -0.766438714665591801777348110391542478306999072787772909575954926254861729816399577891117565870883214497337030060992647261345974891750422887321805086838
46 24 -0.760488266728354793951633628518724209711297287662270649189906472045575892181603135131456297452447665714912130673981647972694986158681515628422416971606
47 24 -0.754895134121056883495326147771686169124083631108632381835439632208204915290797725309332837255079648488808141074957369898910146584191387718788496584891
48 24 -0.749632013404457242439268225830841835227184926702033877814924352009470409967445960549271622063650734924083498863573249279211645475944167900003176788268
49 24 -0.744674062247462154629449811657009282536222009791482805579946892368388526252455267062473503892559799215980255411090768383351700287993450135899508895473
50 24 -0.73999865323269445311384134053740659624025455663956137565195344632948214473858416188364242731798223092750833836240119387126694854486094499145530683144
51 24 -0.735585153122206540184706675823958678590801481341372814098871753432953613029110461074862336790590082115874752183497032831523977986570968047548185548987
52 24 -0.731414725221071210011894417801200536807125475632338877404764820424492721900927472402290364598755605848492783735924598591150378788674879604024664948611
53 24 -0.727470152562787508241316415491400114034033534733690858826423956910350472769383955321048501193423726162638085074800186441390553502410460644336584195642
54 24 -0.723735679779201837547191717416924017611560944389092808578392004021662661887420268594681499497886535483833752653876541451307050911527653882163951354698
55 24 -0.720196871682576297864576251550424677388913746551701361249642407164475580985697650029972712459301074473643539079440460447269819576648368334355549491165
56 24 -0.716840486761693251756884676787694814086501355684898956919845409078253141439635981024425142489795056887694882841414598483728211242299636248783479933593
57 24 -0.713654363966990319904921744663361060232394538319671316987461296214638645973900981044586308868857790423911358577821209862926505010902802431823925516719
58 24 -0.710627321325420624186781435002027367137649367345557763701217159540117982997772662277199459537207402543982354728281089222332473387656084970549683439463
59 24 -0.70774906508055649915218783906509404799829584943749395483233933613412841117491802882973976865203239444220979322074383797491308038895863144540637494113
60 24 -0.705010108195735847974410628367818608019549037357409270458386138017068498473957555273653361363716103841914320435890403313637955766391750451842304429709
61 24 -0.702401697187276779953261823898708507977152588669018889965412752695763227496678830780663063885542166914232987999630043104141176499433442821489491566222
62 24 -0.699915746371161028375973985556115218243884644111371768017144952161805681814497824083896949910852967341186847826905245171724846022329822108579382400756
63 24 -0.697544778710735943246855944287518213726732079381774649007066758162385768708325739480736333921325942554793496526259533401451595984140030604996430721575
64 24 -0.695281872545765272700647655222568791094274665795488388867773498876804611710825345053791012853141188645337147769336335679403200002720084476606792385614
65 24 -0.693120613565532627872910261316349505598184842195196257826515925009885217054316758588276371465913917192880369280864961513588446984950856710923671364211
66 24 -0.691055051461656287725015346290145870390596964533176578576700193846061531253778387698168056893997042337497267282883361107698406576340048723313994138156
67 24 -0.689079660760774125411765435681940671123569766237861329739735796279828664844031251934101306777915243769611884665576266823127223246253486837425794905177
68 24 -0.687189305394214846282012945956568003984401897032695767994457057458091961782899008114767964536477493622846772138827092051154526831603828335560990194258
69 24 -0.685379206612030618147342168094066192287793435120925216595663238229679956536273396985175054475703873518802633535572882225483635495276313425889383630186
70 24 -0.683644913893096422218614674217985835177809005196963243133414813543519607183522302488411363122182964958668157148510418310489838291578096723172962294814
71 24 -0.681982278542077571779715313377630603421136799027049519180621351635673384262649475705662678189720897054813835663212973360299345384101893628069548637124
72 24 -0.680387429698550361215692929665959774395124808566068686331101929881988378630330338765476757409774325232425558330195316365566975954067854312809116089531
73 24 -0.67885675251398460546128225741857991053939277630516515329247898967834974951286436681428908262516003604694240485962256455365807756245674447327473728887
74 24 -0.677386868279150522512228718981653371346570114328554939723632716835042343321230277082500752384898685763143026094528828723778548395603781301657945233031
75 24 -0.675974616308228115034410407765618776156922271745458673904142858488502291046412676316685894753667785127727850751710033531248578128586622679373582232361
76 24 -0.674617037406855328059451695503216346969164920589739066828320294012569031348450876462681776531001802442159917441705014703639082902665630708844948392922
77 24 -0.673311358769886061214816080211844254827547450059096597546069322562206443440032892408412932044782965820345565764826773070275704221052589879909768647136
78 24 -0.672054980171033921307630938071090346638477282432384561550916688266899480865977187955187230131842664243773000738282274132793827006128664197533747088365
79 24 -0.670845461321109581782630059440588391634375597868076801680766705072732274462563458352407799824252195514013917540697475094073859202889802004125044205165
80 24 -0.669680510284444107841072311668614801109030194912832985110503952587177391476727696471345091249704877457243797351108223804750439459425572711536351902341
81 24 -0.668557972854525000520497128880759338618638962725972222713196899218901613650920586370840521671011182974086139277207443849412918082044640420059854199041
82 24 -0.667475822800028907577089541373769986925686116485388686230559275216240422749986619303272888894718881036781798093736376105978737582964084745046703955759
83 24 -0.66643215290146640566168179206127815248384897274654310128411007776745664025577225949263384543531552044680264345115143123820672501345587758919487277584
84 24 -0.66542516670669269712763390980130552688834590127504222021495665157305236486726499842542380692565185473152834546514903486406701361296495586368265099377
85 24 -0.664453170940699829520801295668452674334167217910202676661692202476007904885478364488581200835251886606010562511358310949718136542522477791058264311606
86 24 -0.663514568511493175747063049275344932554407901705308188822788353854635164796621483111916672006771874324323018544071598616305759847378048130021810084864
87 24 -0.662607852059556954782247414202155605707066483834041160903802815273730704012376378974564236114271381994623584647906501486237027584178987524984737076869
88 24 -0.661731598003509162224811138025133277140907212151979537000886962738233518601294452101342071899938312209606128562929051232496674200273923888893819660939
89 24 -0.660884461039104521026912171099016286920054257149551415754918059627606894088159964590032824070886424981125523180150612062725122377571749493764418367757
90 24 -0.660065169052825730075828366278462965768802051131988384790404429462782726138325430048000158419876441644006234397728350143938956318871200799610485101222
91 24 -0.659272518414961874734408623314607201161894224998858583152563575529481600534156714077585937214771236965913444548518992326330538660883050826262331435789
92 24 -0.658505369620355492235266082051869915600445990727735943316667230887108631990051996412639169376798902547591712013648340116332137770528646108432374242279
93 24 -0.657762643247948004341907059392938504501180971676583449260896026495347429000380049071537914106791147708070238164127145499940466921663923899197518626866
94 24 -0.657043316212903705751857321020982230881626873547728147531558060374978046147339641566416068849625872084477019551601284821737937431865452629799994361393
95 24 -0.656346418287477615819720831053184659059096055914957985512256209487635536582099451508012882594270913155045209202918805185811557092355717792164814286636
96 24 -0.655671028868940896381060630129219828851140927647091907523682704761674823330822293880440313795813586990205204217168960950119470792647174827040289812634
97 24 -0.655016273974814548014398105219634331619241909854047127219601445063106648175497833661629113132855168746053128085588888904578946298302784473931666426479
98 24 -0.654381323447410164643712852812299663901148749865970939304979986325405597370087219238455599492478000081680305379569925598198923210203153802501425703346
99 24 -0.653765388351255550452978803435776764401972405382604110043244396264803936606668006321922491806962119538007978077879115170413364878922401416497096888282
100 24 -0.653167718548410642305236641220878772136240524069331700188556480680402327453804300693239288700372809377030915756650936909935110916145717259691215672996
