4 25 -0.427244051942939244583302964182336544250911357269957517151334300866821385341093949049448916638227211484360709913154569140442955392534220382808009747124
5 25 -3.5453114948126055191962114219834673914449079847619970302293466868272116929682658056428899124300775499924759226295581923566114761067081220527948728355
6 25 -0.753443045096011381601202736106355199796321018967830090394848045352644399450391825505105210324809583677141917687556353823366802241718415715580972670272
7 25 -0.0846175372949604580707907389762159640533984376321723334151809853565488454894433738419528737055452146289920897941754690909667888230374258296816735817379
8 25 1.87679211626076228177673238526404720078135971697727444005758562242276550825649258667267189966158262623556191469688129195463605944047330368606611360376
9 25 0.295047403489691335328940964067651281762812151221346225091365052717746182146899927279260453389237290072878007230574651808183572031383552702007480925936
10 25 0.00149846130077315296138913037889233453948827685793429405964855535656516476492438193361320677580942024882545976104791099447718779600521101395749057280955
11 25 0.414599424179544179012473641362721035345192887215589429271914355551273084180634509983856028939543685797450854665362328754378919736731211007851824743479
12 25 0.622071659254169910656094114805514802099160999543209671715472063885947081684470258978937265366369991201655675780090067600789238028878804053051868328779
13 25 0.602899723897859949241026272232461837245385161975915525718247832340273050242721299161455125488232269509279937146555104295459325057073110904458481369476
14 25 0.469216211866311372398820953724767632926621705121171136595741963275805539455330430992608975072417371405220297252015330519686347303561593697663017013345
15 25 0.298377742432527673182329886402589289685199569404732742592324721299155427757208883795480490269717385071082762400788305932539044692066580141883455862661
16 25 0.128528477330971104070844789356578669093526283847325912361850385681516141386796330746383737657159458094210774483395406684382700519631864939654022524653
17 25 -0.0249795384348010910773594007562459414128414480156870116683098067086674298510810698277981753497750346635256346627804758616367155006096129352695082545903
18 25 -0.157844692741538622964953623304634411562209934813946066338677284223094726938932827941743460397020522018347801369841149426196295649476433609443754778332
19 25 -0.270545197740183888327081598869697701359396598464676833521064596214086271144826403211118653951773821827717381492871959992961608312904440520621633340594
20 25 -0.365330345028481001209624455927182303994099561569544298225336467027298254180221005598502924252380618258608765887142957315337193861515697437672333840418
21 25 -0.444873273918483906863826584307404342105474011696571259515635939185726869336387117795980338480742189425068431783066581588074347839685930987837758772423
22 25 -0.511716091350411342305624904549555683990744445632313841645805844677513285657190306358205344532330106061868121503186713093293044423921978815965926467499
23 25 -0.568076934520818546376652353395012258327392283576949114066500216771171960688586478111869100418937902510300985494335786152787790918365978206006404526677
24 25 -0.615814418942315638354901636400694413478272126071850867458466821882915519644114258986477547284721034773977662500743086460769001724691275545538338354674
25 25 -0.656454814940177508742819152458361981150801057777021412361485629665286922025431314336545628615630892402730165568218493132396916077651410822249979497475
26 25 -0.691239439337295138766333668577395765463569686645186336270676395168828996475876304313469328031285755734342911387285806166099066612432389232322973547728
27 25 -0.721174098545151306684110460157601294178698066119341733279624403898610040122520663566765961710808634395700631150442643930218828953703345910458517472949
28 25 -0.747073588976589059875515506381599913118185263653667058768979299717361151310256735110179248736492421165486665520333977715168848060698405832061179410865
29 25 -0.76959923393145438516314250568835973268969058384499913219627388413751492447879723936541311430225690153094137207117227481207146085660299279505041657231
30 25 -0.789289524719425454317557422203911598036593453187044955127795264507286408711994370042431187520903305788060805865943848676363718178824173117161291516866
31 25 -0.806584703115851081407003032618357862675416895192063797893723587417815028748653535501678725509818958395684930765989214108571971945665077066715820076987
32 25 -0.821846308875332152620034814596969072125096909207405701574051276431717959320160029771784608929982726619443061435597694827640024360092109300056252187331
33 25 -0.835372663136186817227020030180131256730449194544562666551533695962573820238979253229612654194632789815891200581528552016069958026831027165644275379733
34 25 -0.847411122692988049478827569736125073857899333225819998889567856103175876694098372079961619253609522840667927117738257779965278123042100400295549812062
35 25 -0.858167789724707060017670434341450107906395550367909385329222298954215355966641245004102849184030046114228727572799979103699079088058396940127134000392
36 25 -0.867815223972823001744448567901542172068657806814967474279373488527229206052594531416587060136276529241116039671022461703586745394131128307752197759906
37 25 -0.876498588225996518060317745447250166521011699155655470580583958539299623939231290266569739290399115647894042408972745801956536362286273082787914877091
38 25 -0.88434056390073113265566875467869443755256062724493086002618299485619182245391813015175253004011776335738724586559715418337755192308880082038466172124
39 25 -0.891445299037287024040302569670811398760222902219042553906396264260924934618387879033238762188305785779160344885658875424953938905864143665723143314543
40 25 -0.897901592830169012943950415314121785406926645350569070804700181212693497879687964584420040126656824957329775075018235029301634035754039505368970645018
41 25 -0.903785475646836076672719053746065326414906853718132271850607104991100410599749352540801307207965286594021050358080489079374067693116882167802803824905
42 25 -0.909162308555110974828810302172151788731830140070534998954007242617494006086574504667467416206501489419847240410593271259842057264246736826878744868746
43 25 -0.914088499386611854727148402661991141808102146032642620024974441873681842091421142594258916483796571602120951580226252920179932095198524879355653330169
44 25 -0.918612911491974320102841657657839750459466286340717186541280967209768663303285674038332430056266675248802058116027082101874831168203922922131025855343
45 25 -0.922778025177049407491154054040214335579815348426481612588620116517581056455341551374759876891321403045622035118178545026382179331330467483600025243353
46 25 -0.926620899255550261368810159322326831150389896739285607580244338582844387009271105053826973565629403548465945593397485294078882139176844600146338539093
47 25 -0.93017397037579526163664670691831444984052394692537077022967551275208156252477603339470980614794168281506675469044487218781922961393056810566885098482
48 25 -0.933465720137635045133860419498368017981847749363719703714473218985585135421249168346170410126544775207786680188956690641063564600837682019620683378231
49 25 -0.936521234021971111513436551393534294790862508778845781005788379222305151153991731058345659639349173380855969432923516472906361326510869168827920074435
50 25 -0.939362671436367610149945439133010249894555874568233209186527154889138306533057711386297186031849381617401742859670335572581186899126878740094019496123
51 25 -0.94200966245065439286926792269605532005037086776591436190115515251741883299479919857876264265929864794791267842131194224260758632473874303708763292471
52 25 -0.944479643837217870674930642026964180046996481176180408265731016103419568209194441031225738456374342570639879729983591875325875156239786520676455492851
53 25 -0.946788144673570614763087909745859185936055712696752808282871052832725821542434593132406916441780953417012555506964836659387266134752851648905663348435
54 25 -0.948949029879982610396681746288160356598650186838702335204094058686025798698420462868539779674015019979337121892455253304137092429019340228357611585374
55 25 -0.950974708552017523542613785327392954846948108477194254365790473968520593449263049774119988138500203443772309997160484307578880277936536663124546854989
56 25 -0.952876312728774002619173155676376910667073461264025177849336555577779811641516769807329659115057352196049014776148031138678523102973286272905391205405
57 25 -0.954663851251733539253062847833382758041634674673033541099470918867973388022788539334135797554536887275990181399120216221704324352683398985563537048323
58 25 -0.95634634256885844369958417859082804575289311998302859168066347352806262656552571273347460529583760510383556993695552597388728658809171827066779781299
59 25 -0.957931929686685494593763117217395799046321550018311660214306039889516756371558447362819970933838431000458871921699803248223267850435271330431533348868
60 25 -0.959427979940259497692706152342919109228803551499919615902115782827320627900232081512448156131995411573117346660320321436973455868007698866569112035186
61 25 -0.960841171813635392368243482703069661078623520175324898476157590862119911578568033859214340548535951801858251251773750521581600269952996261089091432977
62 25 -0.962177570683934357598848310208948485244369133752791830705638499947436975634257545734482940059110506291492019961467084740321296273208964522607601530722
63 25 -0.963442695064909595124654896193489788133332951463412776121301950684106209885685119600550083497293116801398197351019262998461639835285901511109361253101
64 25 -0.964641574679950297297275793669013959460644475904764800976363175440905238245744661060932925177020538732099086963414535299149951128258739648929152609914
65 25 -0.96577880149004012581184913964270137885591601874197221387593670748718358163764788061617943364681034994603713691866296688018514686716663261064691897168
66 25 -0.966858574631838714561651714603665837834957792431048587473565819387509122526636691859960853224212492896110542000434146148414887766411408302431307890401
67 25 -0.967884740078678128610516574257716946461390013167170809699629299641176033999456375221646091049391872883982736046777111571795171050434991106497901760468
68 25 -0.968860825717927974243448108436704763811056533680141785006287245647038487578089827797504779041998712384949948680571897641125393393024851766445445714999
69 25 -0.969790072437876748963856331178688578462811036697349188630604297150113538501357788412970359227055946822026366400057073598380453174071957341131336464602
70 25 -0.970675461732739348334810332639174497790875575049053903423321599403180012139679556261459627507782651874498856554031375063981154859613168111223997571441
71 25 -0.971519740262964557746814776555352529747433040909306929942072604450740993878430279191040493107470514019152733628881363693370724704987623074775620136741
72 25 -0.972325441747496248247552759069632659658466660532430969800193008523717558803484877700224031749929630104151960427585930855683653016057353509317669473736
73 25 -0.973094906513241486032490052663122756109879799775997230171164883448608742114029573785595471436120682851006978451551126302261376353529951458584399693245
74 25 -0.97383029898323721041894334141110814892879841260207864866039025071440894856217347496422967159781909021957002507642992423720431389066530900350068689954
75 25 -0.974533623347660763135745953207621915300686575891232268749754300708612491958571526035335504626712186686386948804401740927979147244729650894978497112134
76 25 -0.975206737629884172273973932563375940294250936653354377379334016615857193573301005619311401124435245308862642782532632964658504318055685405225263008657
77 25 -0.97585136633238499292706702878036212453523458192233178665187465369274215905971383393649255142009102651744984431449799740633551824081885511866024685118
78 25 -0.976469111823795651844520150663748178446973996728879478947063617854089905387190687683995318772970761279390057031153794086330980627366082212636117820132
79 25 -0.977061464608112332279755132578268078583126185601389482614086002165432055250964705737779187471123389854366639299347644007482053258447652517828054756705
80 25 -0.977629812599602614530491810419866690471027983765098121225814165364967642397013635263671304803256024837913802020206280616283449641780939531443514545659
81 25 -0.978175449511836430671589624563143188834311813707054749140674868717771140835156775121702889214746966327195525588909564868102191126024501332599583919387
82 25 -0.978699582456170898450465539453155981987248102642595112365942167653153032528457750813127707046256644192134852737397707799538955213393417699317395665858
83 25 -0.979203338833654137656164118215708446901010332760545292980270808387534335756135908267603596603233309366292588102785315058201761571416578001978568539286
84 25 -0.979687772594429398651206223369571768260351653746810627634550998207590255412781435425111816752047319591139927293663477101023577134506737725028213564445
85 25 -0.980153869930109715267747931935098079366637222672096629194747513605206443621140055230334025132043626381466861275681657440122974697267191887132376994767
86 25 -0.980602554457077443441862311676223248945827712925075613081016888617040006714660323381877714246673231245609018636597660769701522751852889445676850078072
87 25 -0.981034691942091612152950806461574064071295161135216735784899696818552343145126415011673400543392826955031488935634581079973702627647567527747217120745
88 25 -0.981451094615830450942808217094412866981153466348817749844815088683840396131834522191301939888265196951618805785863552434932926101769029081549006350499
89 25 -0.981852525114947015347663840168468391456835395325548526768222367001966578847599310182252028951005351028926286572637446999534085438747789807349297272861
90 25 -0.982239700088778615971452651881398665205519315070782745851583551664297164420219522994902922451633837790405940186066814987487232230151172347230587940413
91 25 -0.982613293502945292667458213282904854316430050495782036515243033149419751391559448854527424160895648920267851005987759144113320807115087577132776557052
92 25 -0.98297393966862975698018644302170271391743888746378480604238387281334139230478543805073221515897503035901875740925337737222244230897211697623641385737
93 25 -0.983322236023291604161951333816294411779173942895573563503380762614629703225745850649288727981541468685133515513469180187388846682161735549004792766686
94 25 -0.983658745685880936838450252240735031939749396068943918274839838932346598573681184621597834738003100734774954031067533458725554414934147372103119511275
95 25 -0.983983999807236615114528006300613784067079141930384244668399640599917677123063352692323633024032562685399816163799846860065761039697055280444448991703
96 25 -0.984298499734243902732535787279773647961566720674727502929154724260896420826212702096247186862578366032055053561340532197859039005834885434926785269483
97 25 -0.984602719004452182785299836254175417537036812989629735778373615665877830572548737057499109293894645262087537117604005576649200021056998627521422875001
98 25 -0.984897105186186921790293234425250614312313205231223968525637086070546625120515870756641995864106617080474317826928542043092450464379510541232472443631
99 25 -0.985182081577706185001406373055190763211346880028713055752372179542800586539816760639107315649405596386769776250509802413816242177776467918194106088923
100 25 -0.985458048777629003882335007336315860660307031339868004456920864618907573893054460991377524188814881926523275376766828660578997435543103370182769897653
