4 28 -0.594954675420250372526906383800508387244037865485393203315843855629207340819563925647631067174682438584344284066395798465008972335911938007263098425344
5 28 -2.02309569322408579175549894373080887283580311239775865458859929548654113394325420659250661590129384844526124265398419790461554922121460920221106659111
6 28 0.195175475606054548009131921858698371187705858546539606061616456919143073843304636185020791227485516067244231103310273253586908531525396849884464102387
7 28 -0.223023496787738239331601329048048451818121543503013956162512697875172498292763347807948083492922179751940652534294063125037062188566916984040531545237
8 28 -0.908570274476059018264513335792294169724241765748499577719800513287912658732315735174255445844283588855348626570194931073130138235695906135500231100165
9 28 -0.915463570439275587483438815780627965574721814652252464696555683483936411530850374193548004588803553006461583203992287799197724473427094449543219595899
10 28 -1.57268744696121181398722254706774327268426054103192471241429056568976613641905449648045333422737202638196594683038530003894230773294886340413830822064
11 28 -0.559630381429001463223786411036221603075491943496548954011251449290139299927445304080849503042275545075610423314980838693336139611152029992871114350493
12 28 0.409450506610299475552793653240741852267571710313772568169457381276583659495918309158422487697510450776539114879588463122144241495651832697234228461146
13 28 0.900535535934807343042798541235804641088319263237394702928253369640919894319944340154361959832943684716389631257510433055842828117212009023083367612425
14 28 1.06636558113651351606541440324962648428461528997626081731060310452325737778020271244335897318508630853986966629886040360092473387699637630222743698552
15 28 1.07203116554164372638264148470316279161174263846461597590039587660688136251737028522792567450180525788439081623648360945824912586350463530203573405397
16 28 1.01276227832920421100220365693486712518140258577321435257925764459728391768800114165483601108528124802157091784842809522386149823907221219898400226295
17 28 0.934461289500798672133428976248722345191995121415592139276038053787486447211734142345387247441283660291361754681739633908613117886943263451659303374875
18 28 0.856951369309383479765934073425253546191492189241723371416082920659742617938427289414216367718583291922562696479662433255066734176877452097738060686894
19 28 0.787649625852710822379104930164919190671923991097958077223852277132644096382130266601510448584247694810437990571613927096126356559792053298052912569797
20 28 0.728448064653971685939163847590966607975814571379236119801986547166420408850919630419350482344218755292476040935267372678460551328216292788168872420254
21 28 0.678961993227982485581229945596149130099624671039354929899896254290976377607719504048038877399473356108766635644747904621495482212276038287083317016405
22 28 0.638003087923665809509156472611762638315844875944283090163096229245448255777015665115806721266908026916841168159634911449900409018039874536479503049621
23 28 0.60421781338678866384775220126563125566047484118657704542900817838771584288594672283996501804335467465979282259470699536304340979719748370157069888362
24 28 0.57634279368162442996272042462389919662225300608241715682990162002603144412402431832829262821036202683701256628701475731797812890756478505705064094355
25 28 0.553289033974779436006865436615601873737782158770303387885925457909315585315953301492720770611323406319639674302195587788973810397937073611348021691387
26 28 0.534153083359891304627086309786251919191201260481644591120311999825455569915501097878806049113325777589332380615247799419671783294713003440504906384706
27 28 0.518199858795411306798062837366699203316356448248079812042285060169482664074806782869792791802270041090302711481228674895067085042436811546961091508258
28 28 0.504836980325025750057012731753051924265598587523151937251295668807978905849950894875454468805099733726502758456206595355815600645399061334170922952501
29 28 0.493588967424119905377115360761015089847924710120555780582487880122621396289787079973972528192071232438410959901771232756006903075396488144338500441878
30 28 0.484074409018404232357304301911200285125399327386330516941417153772169514889181748099410063667924155727008992613543630476923737745615895427260572047138
31 28 0.475986909077423109317071120236220156600880375528541368456693290460694725283637589363527916945959949442642044762248559901853556055031591789677449500273
32 28 0.4690796558821843957360822918992630600871593135569272892890934234743298223774468984457481396036792142571579164583565248024515487904054859364330335911
33 28 0.463153126638351094045104312426876260855233020416348176402046571706695228652755203732939467092644402562356131374812066717257114178191510099260274088306
34 28 0.458045372737167926943575350097102980911523784906557310061985009235510489547657769663064584230434625760949863452201877541725597332839590329081565049739
35 28 0.4536243732309036589372480071985154661221951088936870943306791778358545943225635602459036927173987018046879479357279447896605420262377214598904501856
36 28 0.449782021735043193072334257092014627916544997367008826378242973223881679679644121924164476109077087348185931079415553444080600257033698499428589144094
37 28 0.446429393354182096711864589311352746518184708741846337185711299797743210900852311695774239744225548342458751639724097722611823399458628971883051572802
38 28 0.443493011070034463791864109720821602658570808710472481397005037546252522972585442636883995947180902479363531294558379796704105947943554128086020774198
39 28 0.440911891782699110326635954847529865813817792272769206799604744557950686434767351679734571173298115889820902236254812854727170507500310752314991871488
40 28 0.438635201021907983733224053283952381203072092513413031342231886982311432410185302677127118626168521705513662800132162250323136469823826957167043007293
41 28 0.436620383774593913925062040693735855374519269949788511374410923983092690581131346613000691916355013271681714672587265376265269486373704609743270198306
42 28 0.434831668763996033491637349104972589633675459580110110550549215281407932039734462792089171752510371298469101120887399871090316559735265416245064777553
43 28 0.433238866610106319170119531280933325599606604414760209565967658213905122307353470864759157814209332805085862396995732424757660651026432718784459154757
44 28 0.43181640009003517659584146289341718520134567198654538409028252411482956398554016864757280864822087557904597766020179667389429506106574742463131369806
45 28 0.430542518406488774532671101890446536714347922709439573468852691859855240453340860659019909340785088494232104767728768352444282424513209455357726337177
46 28 0.429398657914095994093255424832541114262267489541682084746646433801461754245853678518638804831950350006085999545486096863934804121650626990761803681967
47 28 0.428368919884207368322062524799287502299413507847701535591974036943423682822440065897501430127183320972775402072063040606907242439023519021857093222252
48 28 0.427439642175238337432313920517428060362586451073318486344300500669328179329657935536973454371432706570734500977872543141822049861890049554320681133715
49 28 0.42659904655006853711659423636369585936416377890202025079211274880724018348492544294155750166242597676546072646862728513293468212407390035619303470348
50 28 0.425836947173802356517010540911601201519403812867583661246510851384786703935745426880799214723868727905906701585026038649838003646928246064433285376273
51 28 0.425144508785018670725615681823462141786284448535991294361064856186106818743104657390479611676898313020274016613222186808206460284448173305199168733449
52 28 0.424514045352378304670456870016248177503425324517472426986602243931797545364916852683753812949516903419850884846004350608291754209159548473228702567879
53 28 0.423938851851691218538741740335611854815370017132399062121478958039277668022067907164297596391434623744933628879822538557429765297218031404196042452435
54 28 0.423413063237524946711690043026517551977395443930047282123012454458014713810371042031643154336655727041686862017446471612463921686323280870739512393303
55 28 0.422931535823405508942586812172880103222861903510529223010506221593664076740475662902675789771094725346786794716476581043287271762856749994075617252001
56 28 0.42248974719112815750605218166994591073519125264313637046976045551716248451197820266102534472699914417431008962354863366382237390976865960612678584114
57 28 0.422083711473155574191055855554894328425167048236118545142265627236582463797685616294141647019246372873049480328854887421293729602238934969827816957303
58 28 0.421709907431592271240499486768479027667914953162679114818173242551496527010396926684364611681249616583527654987307738719890372900322919832355021885725
59 28 0.421365217223097215643970839705646195561593047507994131186184362112513591881601293312391442816173973013463872831210181879563254822862324188678460356506
60 28 0.421046874114937888953392563905428623959549623053580892753657106941140081174859828478230469481817946321273679287536451183488076966590800711714794082659
61 28 0.420752417721646325604213136370551078112262517608952535263171521934591580293832402415773526390365891904177317877274874196199531357108173396498429288419
62 28 0.420479655578879253445762517083225674350046761983785605734814954002654978861178877193829757761568800441438354948222571171648944982604173350007081005415
63 28 0.420226630072496661453423537821878940608379991189175233786881452356000719624734436782981473766813421668210219823829575562575327193388384288572604149318
64 28 0.419991589905548063442136994571138288052689309719979404534114053614481571830924082665404514752170928476127210366598661832720264922068636749528160108654
65 28 0.419772965420919077730283224304571352202910985979260901615206374777934495253400177813342781044124211915248685055199463725371892235677415295569862491718
66 28 0.419569347208508410196291531655229095149312098598811404031333361005099418687189732072281158389094783767147064506686564136542053710287312165639085249409
67 28 0.419379467517496778668070994206845797560453255610230747831821363432935231833067154681900528540800766852469083164492718553717951182723160379295277231485
68 28 0.419202184070152297988808166944916065587701124530519855443272763321792836062165044966621017633069389502399395505064085478669628715512748844589302550568
69 28 0.419036465936596007258512236454718246868456347036314092307232896512278626582707850056676929449372910614183884754784135480882443956504663332521281111421
70 28 0.418881381182366137222659785717332124147757285599400513272969243205972366011317310068591015278958586565855854209622319785325421407956963667329602704682
71 28 0.418736086044360618457479738560435477274490238571204323766442487892546660690904738599552552580444834067868352737495030718074903253884383417743531993983
72 28 0.418599815427336015001844883369103641640492786801878947163001008841373745043390344397023391405966242369564125370065307921131038880863195072647219475744
73 28 0.418471874543842521438435320583630602959186237348000199929770533686251290692867295526929064033463148192152335696440066409834418733702663531186528916255
74 28 0.418351631546293683912170756460574411295184284161354669133560590850389734247514508135237528032121485668400436543408954967815588816361941204660033562421
75 28 0.418238511021635600799899717151643935918518054235261917505086896622874015367668618146725474501443447269727699301020932334922576925487484579681523813098
76 28 0.418131988237473436509206630006524663652383159832492673662602341511671115101533617567582847276846038774144476510861887650535234261770056189744171104821
77 28 0.418031584044091936823795570935905626726306916938892228766045101282489633485423138861285174034300112577784698438874340031955586168559199625833977621277
78 28 0.417936860350031728933811364929014958973511597479090215230367208241232177910596172391563984672656911888365318708956859596899853451174683348191755389927
79 28 0.417847416100134933454154775012584034035984991901693390702694451315442034534484637257040986899147070188152602025391720887345711363585285082097460049883
80 28 0.41776288369456707288219728158795765010238666862525381428445501321448576985372831404499571577859342597626963080281972351831805282947451081340844383524
81 28 0.417682925795519013878442639766849571149678401796614747178419261048829461582116880133192445675651604498540007413764053348907542087348702052855971056361
82 28 0.417607232475310430381494156312470510506592816308184019550995842871169721545056962896420769475928951876860080176502163920377409563600273135765023168851
83 28 0.417535518665636625789352812506337676020344929289886060061177611673220663813831241114218903266641734052615743196264237110963920276255139948744977114119
84 28 0.417467521872875345863529736492440607745705857555885675257926101561471695132595024681310951768738962668243758727854767701293749429858382546387546835893
85 28 0.417403000128826688235195459453297313530358436933416655910765461902160138990588369581589639054361635039761543828398701086152644659758189707856798448388
86 28 0.417341730150104225283885116287860182027610358337841760196748012274775188172401051186539185699571337753357593769274902713693408282058584106331888641802
87 28 0.417283505682718934841682200259439736908325480881260973870493103321898352889510920555037162659772466030188680966245338939683639036693938214092669231966
88 28 0.417228136011275321178547936948825370970820917984549168312623164658588230566427319919961003683055109909523253757506227552772746872482664254945887195441
89 28 0.417175444614695301182454559164128543266465873709691438801066998804906949476247749845868284666431418264732817528046553634388131457631782915356987763937
90 28 0.417125267952554300693449932602603061629954772336669516864715791423395898117631885950416917524463133836301716070598446916368464408789098224199142102829
91 28 0.417077454368001600369042451423852745740096903650697771067774572982111116643078338368730002395578997827348967911695085159973322906154533737527393095715
92 28 0.417031863094882431258898688473532092175512662927254849180366663869155260102209214730761309390146169092911936689249104601636727300148833667562295573485
93 28 0.416988363358115982289136420464159061693138235883052540876435001222994688658713273203987493176908546475260170087559469596156375830585403202106025707013
94 28 0.416946833557639786282992438376948767946542340643227576003684416330589841472088490137975326557524508240692547380829146807489959387791621917171630133892
95 28 0.416907160527331207365302983271131991438161514837021100794421332176440756844930586905551878951228114812262992133377618184189497589002142301288353449808
96 28 0.416869238861281774882867820944320002654875193837717106382816165345163283101093895908472316389172940306479814407794600621558131413247105019260747438465
97 28 0.416832970300647749575584291989807710075574550572025414322638696675447825213250534378421549982762641626057414614715265776254201967046057350357479819153
98 28 0.416798263175045904141678906746129558465576147065226941446442833761515019597684930642562043096742797839958674278913784658374565562301229881490019545547
99 28 0.41676503189312025120740983038229162900208759884011509235452045030887218292685853314192809825031647478910647976879791590792174603582822525873583778242
100 28 0.416733196477484733431149660321252435412505815816980216120282344862686891424303900070413106027662517612918977848942251501468096764168433773428373026245
