4 30 2.49931532031092389186295235011869288243103678852197829065964087203480152812118491041872345689431245378319883925456601137154130085850032686341665932527
5 30 -3.05922678208512356668858944098886191368213278742292044751465007240420002750797280266301422149268203557230486301036715837861496403858043075180927667974
6 30 0.31422036673065803850915417791911607741051952906838920214533376659098916990386154153226455738793085022453339705047148415333303747776454752720999930672
7 30 -0.559400743871130706276069567425204978373503218742609116175021803059633256555212809668707645375022349131380493505184223642094348366552811218785375749322
8 30 -0.29801037422517717875944528172788351211047166281541862504921580027782206997424859028916827588371895443751580615501476135089730385906045072176587376475
9 30 -0.133732847160482211361888711544688038496907662453028970398832495346325048657601823188639357386700978179280316517470868942324977905665438423188780613511
10 30 0.142778553428084037181911361565953980955005654514832698374550294049028980413362766064707371922812984033368599971377027273478064211929580749668186868355
11 30 0.261337207010198268636297379338096069778918935449703874495088056735916614724967425531641010391124175750285098884207747277023027850898248685327666009123
12 30 -0.40978824884142040408962632235530256766164801816800244771754879992844901246354768789470676795764206204551546300710200580803527206851166571906166179148
13 30 -1.11034068904019433128485478698052076606530069480758740072623339526313961145441926802494901281402859298712739737688421601332651685422549419569875256569
14 30 -1.53842021531093653109272048697384306479287386695507171620904509117700885870371237882651966274920136286586710242930744964686899503909232154056165655687
15 30 -1.71842764444702632108396784618477922296693955679742145025184399117367493179312919153099810729878389499140530541947260746763272900730572478073853667437
16 30 -1.73964125825830048669591501864129546895224759452887434472546286653161663538969752379899320034860913514705396486988794192434448035376217048425415723903
17 30 -1.67442408745085179832644718338433256024512832453732336035343219460668863113067398462293821681690219779578141429468681867433544968468495625156754588364
18 30 -1.56853870891242859801602455454145279107709547553329651373776559551943913445559114640579449216538271202290618292357158289079062954511851526223442346596
19 30 -1.4480414363693576370042355683276187363370182665524705330616774839303542370611174645433380932592782314406641838846931319218960686842307750474806648284
20 30 -1.32678014612000562465288668179762935316476637392010351018214624512245876603567159017150270559965422595599065601592323501496911544441834084323635069496
21 30 -1.21158334815168123690362043243176793912130177829086202990915413690925913289112170636636889168879747525070069145186655748885644330868827078791395753441
22 30 -1.10540974794230209072677824760185416195488359453738267819896110564757083382790352920961703326266248596519814423629678745393106131674138230317882463067
23 30 -1.00915756529892917764242830381066988056621414879690639343576645396407577778587290827919442453500639921321349946470803134597579556341414973769522106325
24 30 -0.922675227778825184768287706758844125148238067460290955045944096164174747682867975970392710734128865576004801211866993803874455576642691674463825613561
25 30 -0.845315403756506094455882368884227394112676776336148858360163680995598980769427857232734601284263326922073681752819332370915816667151020149880309243784
26 30 -0.776232897641063473257413222679544344696500532647398685329909087815416890734970679548164807113830094509080675770966137492650950883375806292308968232549
27 30 -0.714540386459224327924709845666777515593913465919495042941399953497230610969432426079933490121833647444524780479281191479513836105043320343140625333096
28 30 -0.659385929481629316918111216164275109357628771244763295003422835057925139611289968491083274181546950069454025589350706697798220108408479508424809670255
29 30 -0.609987912765680150263065980847582068919274799801390622189770838536925414679571823917226140836487570847305894757134256886651911536323911776511346019837
30 30 -0.565647264392368306251842982594838246833467202437018218303145893805412429152693198837801409399017893927255172366583521114917227070883775737722288575658
31 30 -0.525747935970575210681347190128903632960400076703368783201990160798018154419372598461557582505752211873692423494528739004408062942222657850535956547082
32 30 -0.489751705375919039293677383852578619453932585351258967239230038086039191981840242756502419911869464285395398559924611634095819357353207013290921415416
33 30 -0.457190592113948227602544972184147327848005219571569562474452606606707254462480951718742167290844786145152650562881924777966855446513764121784165049414
34 30 -0.427658631784307243528032875538705625556901207388420018187160878299224162530223468816672700807258620862683879829153516378598866243636584559900985290758
35 30 -0.400803895717946790856428661615037791325742903627357539869464834943902365483574818855430717541993578825560820501362622102035546294735626500028947053249
36 30 -0.376321166999233835025391676070931401425656606174988168024742282579055980197387857614390596853849141787806272152093590638796256918183581488188981701674
37 30 -0.353945426600870707755078782099008676547711023353650011181112450528003828631587221344048265736016271638981917507910700746919186297223611168578051517431
38 30 -0.333446168203122526614207601214876158960656985284728715604796855044144203006402780645649058680959843302701759432678591931606364189681049185747444530331
39 30 -0.314622493515830735151544785515500120026869698220754493351001381514054776632275905097662289359546787704543198320408596694630797505683483742780403373532
40 30 -0.297298910918325091995855689949118848444926667180562250664677402166752209186396739827636239977434989624195048916583610876854147769713132587348923298009
41 30 -0.281321751564325852371917714165009964291423590802485030751299041389781990476998385530098166875855154026854105211505636782524630348442288490476583375708
42 30 -0.266556118916668718182766087303299989868871643990964699091169376972266565645220075199705176806207438879580108691814455495221886901269849479545699988715
43 30 -0.252883294464114979743427558970928707909116144810817029347484057818881606803746049506334627197123233194714958655158721776802838134027528014956974536895
44 30 -0.240198531096653763414320881154319223368730173639693253285470682379412170282099226296854933437092768734686207387220617872190672587491636882481243070918
45 30 -0.228409174662198376877992954113904520408032084950599477927843638273708190997906847700303222806687560873923766528155682483855240499008164517281860822012
46 30 -0.217433062786489073269145214586834613329850132780057199393383007352720802303588240561571556740889101764744504495546199372906190034033055370313583291351
47 30 -0.207197157749153713066535177472764229227603271275946750987577669243374697006994367474926567203908423010901503342209828796165854450097724360687921950058
48 30 -0.19763637695736872421595892509499611236928627480160475869207352249243589093599026265762603881670523831853813960574744517787015474236567451732801919621
49 30 -0.188692590357658621475532219040114257428780313451346847651981810148928877189682378165884975866622244504418666575173942951896851020748372497830104528401
50 30 -0.180313759051027210630334800746559700930843026681088853706829066335865524283434394144429754990091023733636828908269769715753985478042901285264125104806
51 30 -0.172453193526538243284129789690661257302989394063487204580470723440389083621185106258931864138528613422107771410906367851848956611509665561712884911928
52 30 -0.165068913408239871967222478138342293263898631682902990648849105886910119478241874249071776198846593754138616804138516472393220647206767151440229596501
53 30 -0.158123093519309115055330912999434895030526028910246407500834510420867962358083634177016438949751915090137731559667736441235879012799186601791936369366
54 30 -0.151581583495032853363537723360096728780134941297187823608631154665709931115926298661770658400860118081572615472919388994988239747684069149155207642906
55 30 -0.145413490200968480344045912834936023912659893295505832759189007915461793086786529511705449957709928812314662980376744183677608764626673660955835362621
56 30 -0.139590813901325061407318795933675781470308386752585316405655729490561546707651253528618717501561371642477254738060406657847943605831327162224756852519
57 30 -0.134088130531882806636509159704910864965707577475698027199164792499422938938219145704963128128175366290061483014048741289217588429207738167166214290789
58 30 -0.128882313609043912759953878753306403178586450198973271857101617832034597616111983646283858433402878591816799718769931074292305632144516666971952291998
59 30 -0.123952290291369682209569039616553135004318005820959352681599896902820232357978123675331227289612988992883144696269593090982269592545370343234349029238
60 30 -0.119278826934964604803157134615715519189635248709059420696077286958554827232902328038173030895755448725682578074559390268011416236430860011061995912371
61 30 -0.114844340176426454419953078936598520676403985989081761169287411283161718012892649450849960668092935264904813158831681608829459817361323187231886784995
62 30 -0.110632730159196806115111076193330094595204938333532374744083874408194276353824693549361822241834947107663720514153787771169967004656919871238706799891
63 30 -0.106629233009525528515963142083721675603986957608898458807670086914934716921171014598587836909262659497826693915312466063947315221558907289303866034158
64 30 -0.10282029008219428589218120027977105828385810327101072584967877456143849883952474479115892291893307732532200394302802838038657252785810049497580836259
65 30 -0.0991934318462646799145786478302565390981974436438947179380108901390042689576824041866892447378084972906012321448725765108968811957221948817617628212542
66 30 -0.0957371745778807449358066709203430698872315469947899449545687990818115959365742675425207864768900786756458049696257566298449153160427741459772417563629
67 30 -0.0924409282792220979403203214001024928466256125330098950918425210783498861548420210745684686801536084323253596013462396938054857413629157878680961164336
68 30 -0.0892949144572550424333822385695755727369838702394181151463931588456389297007109850621632373939793248090441734616552999702530649499773908205508150153121
69 30 -0.0862900925789303198937055496658912831014910316222292227650472789377649457062418077355444860639550091535087047023490378365925794928486941298519660543559
70 30 -0.0834180941758921949433270835503606733702464002386998858479403587472037188904910061938009455873399266952374388595250428744544245130788320845292779112593
71 30 -0.0806711637057320717180009970837442807870735529765714466787741466043669149076639234157456189737494698449150699194902370779653358277609350477510026127258
72 30 -0.0780421053917963654906683461673254303244404895536570097442121588318546414996816731170588039202585437213057932325686995950888584844255513528893327246791
73 30 -0.0755242353624339482209279256525568854902058684531259513822446829076501370760743040471449768194898706368231365957757123158475774329832494258396046279238
74 30 -0.0731113384957665979468694571126710977051745397024352597525843308634494493067853470780002927426370918931308629699610085953270830515985595683176064869065
75 30 -0.0707976294496219260853227842292723526619718847555517328147554231697413304913955042405234505705702122592049913601684421789316108787929166558530154301611
76 30 -0.0685777174198950837864714728189065881508634776645767208423299141154280824403962092368837784219067856453028567996508455330402931347292337894834244356235
77 30 -0.06644657422574737892902738872365831798900181102147597608169688486146778409750757782625061665033102252553819816188718011274641905965878728378831587922
78 30 -0.0643995053679268655473378145740492608047123085730765690316607669978305652350684198277706874944109485193248103561016870100750286919313060828043223057397
79 30 -0.0624321237481407527001089674274627565456254226266439311196358034737677077736243939884167563559827758638764949490049108535275165923165672284948916291156
80 30 -0.0605403257736979855370784541640219717810260884568400163548835362327341626359567323499889361404228951143993012636364703868067239160672780953127202749661
81 30 -0.0587202696033168069420075924442561652760302772253392028045587879688316399096923743666855805123147948511508670909153927805184390821659275317074139454191
82 30 -0.0569683553176900868905789648065766687833047203081159303834177727892333092161130690341056841108325007718623846134723406828357350094280959523091228601767
83 30 -0.0552812068226610868774447654609127628981505507915146081185777994116577892974122066980806919855502529698127278766838052581016053467954766746472100134949
84 30 -0.0536556553141458506249893754620670307494476761666263706843718648097380873481933765083838809301432446191807835427699107800125096415510147263002670151397
85 30 -0.0520887241526408469097982537069102377586845962421988277295290978198147561577810349281227156295301705902392101404321955240356964398851338545337759565743
86 30 -0.0505776150116148045717589535143367284560182126624857970403712539642622693886335776413593026577972367513945508734212341075279021713175392364651063736283
87 30 -0.0491196951785930759818063982897633493041150801200061141508311739806117006998806828859592678519843939422298022787433285241724158528370051304803534601432
88 30 -0.0477124859005519451051865122611744768442004625961074296960980990811781098700498709257517432377528418615099597147099026037890944454008327097206739654777
89 30 -0.0463536516765650900677025027912486564620630655707855606398188024413610168528435475399972263344478739885407733312485230846625508231974251391983486260139
90 30 -0.0450409904106714588555489527283789209548235106077993615013874553777666233387941707104818472652603035358787586225590160372361405488609105980766639236569
91 30 -0.04377242434682446375912295369185374255772344969041787448464977154664542040148924777583594688796335313987409566434847964272045745522345665817812662226
92 30 -0.0425459917156764211452219617683109219259036947008649215326412569725532762041327947841365034766251349516916151140145826558576337273310086150468129533565
93 30 -0.041359839029970842402437966325812170292365510709760089546796376287661475500411255671108447768900936467443737800602600724320205472364616707819091187124
94 30 -0.0402122139715639234161910948828213781370003209960523392655704137483146474256152210483511138156031455395052840033955108418426135772014920531138431758567
95 30 -0.0391014588186671275048223531737354722183781527083685740375576216229520927025603050609074260720792113684016386007550019467094977249764157674559090953792
96 30 -0.038026004366875084975764181934708970683432382072782836120107314320429558682554103775665121302045954828962882992225295084424099161949896000813884922864
97 30 -0.0369843643019869598822950637559121411772090386460670084132891379124834617038947808741081379741729395677572435314582951601628511076865547443562675535597
98 30 -0.0359751299866060021323250402437026381809024158605574911636587834204272359475418216013024932942688492832464861786603975112540754430078596532288468890437
99 30 -0.0349969656260646539829558274363034233107091813064689997205770956487661459225545346735621769877403427844615012690908396602828187703435220710336065792942
100 30 -0.0340486037824181708692663733035104469549847017313522724344209468142869570550849257892729271107501934687442016958221504885835912763518756310671064469871
