4 32 -2.40674154857859632042164169919857903345651474421631080170981953969918144919160177735015757621815170311444024951998158127322939682380691754117332091233
5 32 -0.383833725899932397280055107924936111545058316021707431389191392955543599029510220239146060836116328514774108056406148433689797474447798189544668393467
6 32 0.396963966159869870987922425378093763599442637529587709348038085666031813053234980420726664776747866875027078650350014010621645402249814721348965263126
7 32 0.109803278092530669556512811475193100093534438068855979512823392948548965150359079081378259559974829815280630777506432312621668294886845691357272312986
8 32 -0.413993273706648617225177151120987148349944189730992391014492342958893845177967573555737405572336729084499319044248097080383691691154399516056565560377
9 32 -0.860804568616489357828408738190190384707056184940230552745992607858630233423016337912593435751906872599284155170651651036093806028594728425672089067984
10 32 0.759018686712541221156306795659845144001713874081795687013936845793040136897799494237724785650147403557444045786467434297724975221289372108508447854721
11 32 0.344847132713906948342801961453895007876207734579338587198410122912200573952448496939325661132079102032937907087036533662105490426294715323046735344633
12 32 -0.0741563495314690999623884031827571169577982519824370789781180899817032105575404704830145432999677045524740588887275366934996888492072983245127827980145
13 32 -0.00397299004746637314948737240679622396694152937207735143172489545364072379487794906258036615171432770838274515828635832391118227444857475207757173759414
14 32 0.266069594523167045314531045320498173843389446330763304847087857851185956365039041606294028859731244583621337132050130303149968615670609241818510876135
15 32 0.511459787706796792203462182238614610439321808971334816211796489401828924335578601748525926139067519723093920931101026162199878189836289166733140620347
16 32 0.664516405463522050132958840257769762362188252482314920027126956462077946188586576810579038654856288068779605639741907087720997434190457955245732986199
17 32 0.729925738855704696129910959733428989904654618363294816575985168225150713732806768132562869380436706492199897502713580706358138483208480784490800120524
18 32 0.731560879493295398564502913434123489187986202244576527853204589755905949145390209210669998525263006132456486406532177361133890260710385302141944983186
19 32 0.692490846677497814023710150809199292395369668928589392571066552328108047650667274073313040475071782772439930843559091812923129098801935215663677440895
20 32 0.63001441977701702779144275483019626263791243152826779010095742192575131569122053305139398896048293367331653156577035646277462365599221011183044930038
21 32 0.555804574386378401551846685883640655001453846825818173009245871236654715700564529248866348838592938522313475202058232304783387050183431219145964436273
22 32 0.477275153895450496078557389385813180610619216132904803415832692551366184498719835354315196158022584084982283245646858617801221904705465708318201427636
23 32 0.398917433372204203191732975523717035087070516451338324884493111440052643009816693329091237626013646295403082406515839425715288809140868655718676588363
24 32 0.323314580171790716233099658455112598640894441390508639628701558400749676884502023197026447573421850749529705407373345875133595099099358266810663702035
25 32 0.251841503132988427796363866585782804274221219567656515961379401142519193812403538686039481648670400708315102935729244563200810719054382586866176959207
26 32 0.185126068298353984281329684558925136755757022112911509495953955231942187563369805461742609606343758854900946335565820449977124048926312654615468918856
27 32 0.123345556888762995295282063495487769646267032528890204232898070097492053272387683206587762768082753116220244889325501758926738779044530800413230120273
28 32 0.0664142653639054277793441910801134181627177659416842834400982021163505187560157175125235066572886635124351316644130757334966745410496724452740304819239
29 32 0.0141007902039532979073660172726449422262609430362453146077279682845663647920346231356452618595541696326802407824706437555510625303232870240465264767155
30 32 -0.033899548267153273107463333464790672024051274958684531728026412249596862859481247157347706738520396437045890238231278438495527778208317018276137073702
31 32 -0.0779206909996178146794124305080670256335494251364816750451192061160910634804761610473004628196203393580262352700489232217535577703219687694715318190997
32 32 -0.118299716185944881079362323633361723879815205635262657777680368204815476489353662759089000726391155963130513794304137232573070157830974193181595164426
33 32 -0.155361917848194785302132752510793823544955031246712750837619209497953062819272387568792058552354205820789945822999708615223242553319604936058059512363
34 32 -0.189412845450076244110157704870856571126483400100019111065443500889104015430435242270369486607458303829410744958172141611781985313924689263964798345126
35 32 -0.220734618994587302987705723489625292225906322473834302688503037406773063255647772876266813401787291458115211048868090371976871167557073795632052431653
36 32 -0.2495848224222411971007604118521581751825350669553664017381303346006729882058122024895121017291452723100267979960302108007106140713995733908721556905
37 32 -0.276196906052177927177962960043794336028856072876996053670876841435021147400827737482800133989969790359388748495656604804236597354064431613170054230258
38 32 -0.300781428055605421139650002910949485757349034119426108948648608795573901195638449213559063658818436096112187278667603635096322548203906173328891429608
39 32 -0.323527718935051110870899213286170885550758072999277435251026708957388738009642674936098740391537003533580623591289141459764811658288374694583915863444
40 32 -0.344605714500206955369697530640394597411273937401534746181271526090229141219245066086580231407007064237388038880232321806343079733802518088875145192607
41 32 -0.36416780535259752316479275525119714865386194366905275986778214040836618478925949220002932315326792950829527904060416348981350382333381748171833882784
42 32 -0.382350615694573416931738266110271245827285916918348310793924920384422731243736937960828675697891042924571314983964146232375691547004310000821391256815
43 32 -0.399276664933615798909759724419183771835396782438083425618875211652671999814329367709303645975273196731143426547498322459698514686685567220604074448502
44 32 -0.415055890744224489889126569597557007544154577422857518864874180679718850345213934754309820140312435147443289476049698799060646703268496144620657240759
45 32 -0.429787027550276153841021437703749625238538522134176131005480096658070292844163699620258002806720322370066642880892870567286661600958294448500728831962
46 32 -0.443558843386953711084968379299689242647804017409461888720518149686440849335257432064340932798526311423826676184904005217525247004766444246932884513427
47 32 -0.456451243104593605056930779784064302260136228573868879058317745318697477409631867161278388599838775516731752801617571048554090171991316667682062448616
48 32 -0.468536248377650066592224961555545727884458568016475308544098609942192972106798516663897303220429585085976146509821676631897504710944435479263578626566
49 32 -0.479878865940764533142559949564070572190151066324142398684455237786189497254521009056868894945908724612820442072761256503552410638472934901082585307216
50 32 -0.490537855507577028338004774506643358068385040896692010423442789642248892477827993870072157727787711305527967931953095373313338129874774863634953496029
51 32 -0.500566408330562864403383431973818943579065922466747031039275659046358689094176030520482259560341986796156178406620673859253239540598265395306363092969
52 32 -0.51001274658133737201033121812614453975155041214908173298213821405542439850154977797732732609831389607709870203199922296263741595344948104332417707591
53 32 -0.518920652826244107777596107165199656439715964744799267869080597579300443283344765778648249223811942610442055757888917038499556289241190919019443022225
54 32 -0.527329937936625963730719014839763031705237320064518407374350364654876706204373710921318377377984729472702893432118610989092789258348513921388840799928
55 32 -0.535276854862883111316622287265086187865879686162441841780333565046898796194020764272843194484952469248316485303574698448438311188570581121509035420051
56 32 -0.542794464847185915401358392520120031132069609850345320241147601312528824941465025951481783144570259832507383654348636187100336103508134103330922331503
57 32 -0.549912961866720243270320465764506705584852576964675205102179110740796045174582160716946670665889330448161121907163110395117200723077569787690550868677
58 32 -0.556659960393031666041522567683266143288927922003340624071243792685330920088631045100167727698680994443386486074989330820850046100722695265698310567367
59 32 -0.563060750922981292759302725163043542688797791290973197539424728546253538006314097844028276686601312855061433316790633457452683979976685267328383510677
60 32 -0.569138527179256879832441993932182848645225169757215234489918460638912401782321692069637762472926937103121666649491306328846690620857637293737022936708
61 32 -0.574914588387773371986747125632437179606823027482533853779180429441854329006455761879000521807599898063778061033299837722523484834063634292950890602586
62 32 -0.580408519609370561568315291391418122523997546123484388681637827980603532206272468978369274047672908447655810262813290561992758770027143813120080093714
63 32 -0.585638352727555632673026199439229265974694325681067811929838015726656735933053486351418485605851190106526259821265725262139559097997414800729721939801
64 32 -0.590620710366447740080331466262961963580516662030270893231495774187330403227732049821428910655380046991200509528998282612997456938923547154477541221873
65 32 -0.59537093472777923516786834664641301806890249825246536747503251888604922536292445479992644753188387524868647062777784332214643631297678891058280421525
66 32 -0.599903203087522471709957355282700964990551196493732301925431199441134606048298938378816175752994793708550650571377470678613206807637322969178874367825
67 32 -0.604230631476711329792953851331214812134660711971332368957351488660710985505717047125896115392318017185107970694863295533281487495284357951396651445571
68 32 -0.608365367883113970436397676537261764430234015655884191125886888646551824283203768661324677090285611452445206785424114802095940460690869841337485726617
69 32 -0.612318676146891725551101281611591422674415440214936784866647284948711600593248338403296779782390504641454740656686974829828368293438541618416308517944
70 32 -0.616101011581014017171999760716333230345260061329524785908599141196564124400058238048143786205358703062532105802666641002078819548169262420809963792308
71 32 -0.619722089223172758522946143835208132007899741276917835109346413294231869848635538548598939707989384917664165686344631200674610668553640033005915650196
72 32 -0.623190945517804388286828042981056815808253293456815368724040049771433522774953670376719561348117626554035224294948610304278245354216683488056204059451
73 32 -0.626515994132462814119707921507011355500536470475493395012378802204958260094813844680995100578788781616969534268656363336900712809046335778852798702051
74 32 -0.629705076530357395712714609887668313577949617663789843976081374755410103600922250143638816397394636975565229231341999239351175068273953447169700649266
75 32 -0.63276550784879108211655887585336981391001069605904605022409294404414067814637406731060736762205714059044190507161135423752712897907684005182395764162
76 32 -0.635704118570135444453369232240898465965726105232507564487182022815333217302260136522294007711440113446962256862364757336330649318106415930874755341507
77 32 -0.638527292416679092118302276696708147567826766482274122945551894255703854265838685926846806115426554922010758515083649442401641179665770136287667082306
78 32 -0.641241000852162731337346061647009031108787111211654504308217019656191125584077105504007482422537945595992349034388922522864110276674259034791473879739
79 32 -0.643850834530185997676508501442387937523065682410155498742337517916118447996317239039477366903545448916068148795149944857043434423591870814519234709729
80 32 -0.646362031992176127726283837550749604923901005981735037824268995760868852776195321384428393597812709996762505502046400297899165471569913481859044830062
81 32 -0.648779505884587694436983179053272979268323485987653228753485864764091104963219283901799329177568497534503465420547268166537414958470480134475191765897
82 32 -0.651107866935886010495691691781643901686138773426445428011337746783464818385747658206378019208608175009554668094955745882154076608201394917490187686192
83 32 -0.65335144590816085929231881244749564990246167042863515488087543204850465651366864273579849323683294015737073075513415731492564032714776442856387066939
84 32 -0.655514313715494225256518615991594686587109621449834256607907411498109600505185028540270157704028876677777523796274063715806434653355246712143581589026
85 32 -0.657600299881094643163519427630768419021145364078373850823307970401434607890798377848821818580262523726642359583850549471832674474584490521573754256866
86 32 -0.659613009487389507273199370847769790476419982891400038447951048201072138075853859090420044855523290272101958710573383449854605772258968523427816032591
87 32 -0.661555838757455147161696011589008670706638647051923949131757002506717705430154714022620950743813323982706954383716652510139519974734282929497559913622
88 32 -0.663431989392119020051120528528592432255233964414379273374812633553742529867919115784719090043642668129449612536492179267750609498020907430718841044183
89 32 -0.665244481774576727176477880506243796024710731464214152696627459022913490683817227547777646490516261160298563588177416867660003120554220612361813799891
90 32 -0.666996167143243622144093515692592255693168548151661903522479410919215268287091551696078960886079160586520717838919459358551372942105261871649729790113
91 32 -0.668689738823644923758660534416418881636949010306850401776770564171408047688743951935865084993557829229370717322811931597497276955414036089073801668894
92 32 -0.670327742601298205565193645238938344017898190969785230634925200094300191251755732970141125026501160593551074722325370770178753714262749292567706675412
93 32 -0.671912586309634285256292421359871814879537634300685783277755821809690153978819050833247473439792182381033826077063697840126883659108555799852884587605
94 32 -0.673446548699928570541607515482390912958036253441123336943369703468474522246029739535340453694414073950578296463361409289937028367058424560806055959698
95 32 -0.674931787653879833573077465988081432660917911914386789045997109782269755149088397745558850697574626764460289700892701671701680723588513096606958491295
96 32 -0.676370347793793759527447090378378029566833329970366232452345774330535654010583447373949156963373639685447550223887482750805034093170532844865963607704
97 32 -0.67776416754023110369588068483977691751018744139353013776791590100286657107948535123586164119185341582757233478202493128461350670755286733770689058737
98 32 -0.679115085662400341627830252243925418645968135171673989316432898151074864154982498665282632525290291428334459826827727802826990105260597825299689108255
99 32 -0.680424847362455425652553151542613075708648682110249908675105650506892672289472923188271636676044117624574371419488212581313142821280432742591621942905
100 32 -0.681695109931150488186357668378383725755965689594350127747931201922160862367168255130212054946776109194186090104746462189029358156468410122620948978152
