4 35 0.2259211821006031067157813200430702590012565299155809078492733580689084109489209648717884869090584403137142120219161191739375193631556543012284456671
5 35 -1.22741735415214793473459292626791767199406260794102628621737551394439764863567379971441598301950507061201485559028972024356924429632231460497446997559
6 35 0.48129761078628699569033068679591646486393699874048226273088746139643941029616032092568268213056768252752775796594052904239475065929953570845522311936
7 35 0.291426672421032849933630609251583326588331256153615701820916208003342518782785738301191238498087820779080883387256838239296732334573700868547517719179
8 35 -0.316150023568118391852600772780571669469901814960085633279441759441854783865679186438460132025662950519807793453354234323735447579312005867552204021509
9 35 1.21419516929040280116880022346434996910005753898070983689310607718735694857749072484099755970950474133322885677089807712247338578395346805072876044021
10 35 0.0795677001898639750877887645016222901947272634804039355406253657938075516473286815251788337970798028139309983888818860547553032552247738016686320285169
11 35 0.62448641531846315760308815461026893883742244264392572406878035639038571736905324155843628733153597706999677031829580992955936343669812755177009038394
12 35 -0.315174587270201716025713783819818180343082841821307857242589132330904534062892072189111098262446837405386801241982137070021143011915010844026690470217
13 35 -0.701055298413121803271243694393488419001069599047670539030294115268774284755697022666710134817308085458038440883662446882405441421060214285830700857599
14 35 -0.577574926276763739552476944338708909587743837114491594247933442811621429050618797312570936263490042447952229553805434896337047461136633279135673677964
15 35 -0.276211560507665821062088078687806526725857332027932551208702418411408528505655216141202663466194395597277821139762494127673510000338223119852413691113
16 35 0.0130476729112915692829727991325031237872077234420313727655330234715065511107686879199917399448974108518421657716693168316258770395305422686781757904121
17 35 0.229175711587316649080194660241916857259043878094778670854440613007154467184323282421241590804632719992051575204649779946588498887782859368823924949122
18 35 0.370020720086829248533167793686834357612592927992686362222771206379221471745709920074073698763735600299748772030386008670263782723676461033648551496418
19 35 0.451537831564500528281169751827005614481846708998390990982049136426694069986983737410984874343568234040289462874057061920830000603894430626035453479326
20 35 0.491297003596771718228782997724403092253274868239771909954744187504889942134222746989046935266418437884479440548942578512148254431010947319875182738546
21 35 0.503514741870459983404002599685603760066939765364192797792173739318775699804688121573268499731196511619645230648363987498217175392272221181390889349066
22 35 0.498444298822030596953027060875135470999135800665490628861189028978542238104329584384492257927112807061517836004528563490247059336715127595685092027184
23 35 0.483068521550719860974728790686490168156288434076565278463359446622856530132050435406716382363124327827215346464514368543561476375001850946837110542599
24 35 0.461983197767551802466892412357343436842143435035231996794519000589731237866415221506034551617818467463218080178901719499329865149355855387684852068395
25 35 0.438138732115717971305552714225586554779744485417964079920558017381884809764179869102620545746899572617083391641980373577314140653964876915150020285882
26 35 0.41338565222468664871417024534419855340952562389285095815458014533245031758263574516276370710081084795919767805444692742557659471604846045515107920913
27 35 0.388852659911644735108891547812633403737204534747336799113805453047101998753909235979700093818600983817489050505575556212113834380261558427394847198651
28 35 0.365200788282235892000530041434862926112320400609000656547230227573170927355320617826069254871513593227909969859827792561054810793055029600269861027751
29 35 0.342791461629735618446662092941455333602827692605045121146186128681048559247254343846211427224961864758628714868973571768393216340281304573419476677427
30 35 0.321796568012641460598884413143616122535493122999793141925805769129263747071410688815517204160994776525095313645852912397820111647299325264395186749557
31 35 0.302270109676030507927019088123831787381703714350430710876111943994839137547357758433834021468892826251448497327617676465146974075822763581654020749828
32 35 0.284194610478437134607216102381722707859740315794652579248740150466930081412589692561152397642973263104880277032483906446198696694894433836674823203256
33 35 0.267511009813386972734624799946648770278995774088925479305856852661616208986370991631857758307881881010417573796610522730524898747659314578049807597138
34 35 0.252137777012557189354913320669968751818500872053684050879513361075645785137235997415404013998010113259528192304805549919543417648377927767258399311774
35 35 0.237982998896473231026791000621515400110995686007705033576066240964550713575107848444513082638293216865141465347664180858864525534390447631614795823418
36 35 0.224951893945311101054906505309433358262230561460100992844495191848309561707604744391528919770271171378452108160376259811819037136426930009749189257302
37 35 0.212951357700548151239677965144127023246252501157670254802894825735858159900310122892252352429049798318336217425860516983159370474018718566428500874599
38 35 0.201892589725726642844328414952311332027279512331878295078190248413183351899544428003075198978853756848587823155340337644932942973270768143921754731005
39 35 0.191692490136032573403916684675226718507055339151809158729976507383092286761013037458447040731703098925823328123682277876321166345814582787508826099542
40 35 0.182274276407691555183442141532084187746569666264517109877551662529850959884896906901484197254372412761201350609605103510505248423395828361451645201666
41 35 0.173567615408933081634252856961109601830434614785099245583916231329265736357871156764270605756019496614762731678652684873011439238445843341720578805673
42 35 0.165508463122530194037956028567871874111629024239832892189243739496939793850569165325733639114892358363057828549879074852273831726834038909792519066676
43 35 0.158038737004494050321004817025812313199352429860422356528002326723161705495581034579322153756846739475466691909541631366444371025993914660530966995049
44 35 0.151105901384795917266329588840382699130517467863774146429053954683550787964966259219021463880035218377802135729812614881694696986882497178323804224145
45 35 0.144662516943843628182820155896894719356856634087229463813906248901093811159781870014990852701613019319425747644313909405838343107894046997934901742236
46 35 0.138665785960488456909769775711191625458943297010804657440439585985363945025994253491874428724977746790314511647753422290127134775292817833884309010008
47 35 0.133077112342446488721387494421082065836215845141458850964209558591937323452028420869548816334874544559901772324524015292738759608905431085529443700966
48 35 0.127861687182552338052493282211363240164551199576561675338969343719558524991868233759719084510256102421428731899710329618703707426367868713502897392104
49 35 0.122988105250987780666984132345691605558056323195862782725926919131354458634097737905483090668790034987832094385608347251388373660659248626929177627553
50 35 0.11842801444757386854812399887001629371505979910961608488838774911023209533002580848251132632554534090552562787181223712350996180494352009064289876984
51 35 0.114155798141067744584161501825269253560768766666720800405081801477717032039798125477115150723687211030741402907216115329319173057085166121370970552554
52 35 0.110148289074335842751462657726823894607544629499631251781864576558624429865503568051214639107784155306698500335993820678816777220753597112522183157679
53 35 0.106384512821205623666652738163518111425626167659845808662116683461956523474258138640591425606323334202975076031042232366523884234776223409799219532937
54 35 0.102845458446174423027546430364204409975263063345452779433534082963474903808265050596376195233054459842747355589782212899711414356011078382956130054177
55 35 0.0995138739108378524959840376463775013692738396760977753179449863650120979642421789216004586164925935811614519940405193747718894716166177962577660988069
56 35 0.0963740838037103984759876131757006882859954874130368693725754313890414614663693901411819000330276450660114451365936460853581995368736086887121627353088
57 35 0.0934118270854339891860809935536362607723203590703048750659780142992964567237972915183255624339765368166875831357051730675163746692027883622304753537498
58 35 0.090614112701481877085681134703314358085968159249087810206692598996724073560314744942238374411791045746541048252280094426380121156798663233133093258039
59 35 0.0879690910950035527657250300653083167902530960023949023999459320167556071077794729254546792641572383057651826900845287639487106648045807332940792004512
60 35 0.085465939838014021091256812467323740191491316126342456946309800084378737477222434622034527313452006766765826122397901900192403246772807023827941048561
61 35 0.08309476178027247414850155212759490881664707162469422603760143786197342812319069365081695612175800095861797018574408823707246302580011153730715530576
62 35 0.0808464942864411701013822831987309461368357584001062996851671262419607001363982502668816395105916548069965640283076024641650319529824494050433153042634
63 35 0.0787128282905765124667484749320448077317600885420972591821002789329361570909277397580526572190162709414393374376226106387469915310344245044592609777638
64 35 0.0766861360414634406578716865268727378574352809668907586523053052408956795931266855692006006351745594125391722933988055958146241436471642343039216093233
65 35 0.074759406542596328753700425428250172214380092727705589031967750212861571934428235057787611204890458274655612953071469431769412064689420822371159542321
66 35 0.0729261878072085923785186476272272879755680827843607099192210322403103804952949788193802322503978956869424044363857384474209674459228066766722406491978
67 35 0.0711805351524977664540913565746324475358801099027911609402218833388463482170539079100468537845399726590290610506017739025347664092987135811204245470063
68 35 0.0695169648491066980415841132404917142021649131960598184212220286774422610961147573549813668865028431975385509643899137398285147750390016744428056191744
69 35 0.0679304125230980568944432834964920669833486100590438710004536833498881625991105012348364416663525746562107228012341859553489747030125536240270849843031
70 35 0.0664161957791892234049476062193566978465910828277479182567675616906158864523349931345256546285639508948437386721440614620836749654703577479750342865595
71 35 0.0649699805769422278049821012186766726291429427956897482035353741651711528298068363504682797719068776588367332267688160945661562899949733420863961015218
72 35 0.0635877509469028245131544264697464825191317705015076093667633671677734304676588106225556434636766386684045555421497617248922659691486824022219314251674
73 35 0.0622657816822458902223816742642980273338476614891431646155505396615541127946250099585505110878985521161143731343778808649888175748855389442836947074749
74 35 0.0610006136841172060903425526981293278546801169922172907735204221749813930958271085492664034723646240874613950387976546114384124361460425370811313998478
75 35 0.0597890316762858765615914785187808073928984550819224459819648236573481464562383728951893933139640742561991774159701004364434292536245091025724084389262
76 35 0.0586280440375784488102339536100605044025277967930864520570335726563504232957318782084205359065165130595295765243613870097700104168885734171619447320217
77 35 0.05751486452942214433116770634011558462396919343573381690401423244174823884363222081689988037110512950941568595529379702186454020322095614333995913756
78 35 0.0564468957211796321069376328895721640308897798280865178654971686015665073179091208239821302350706520338431754833420339239169120083970941252151387537643
79 35 0.0554217139382495782983144344550129785424953661498074132416345834752136486398078804460634838688843040780425700535858063315120661504508190527651089860506
80 35 0.054437055577519486349422516733866335323430617213644928603468232386367574073044277470619164109858837747576626477023976410857228936404743120125316202077
81 35 0.0534908046520255523444472249718915752953726440280755979729161458287263637987026842272194755270014213036203152558512363981059592520573269014241421764137
82 35 0.0525809814418913518823123503491264104524162793053697537444256861242285810769110006172881972853154739896566564618285881312142698088481696761667059624815
83 35 0.0517057321420387713286061141107569832952143869915730347573058430157326826573603297804155891749821007629347967406666483743998552365181956811721593609652
84 35 0.0508633194090136501203313843767772686979591450183665498134637941695763163137918898913473902763726716530206421372874903178339907892348417853100702770914
85 35 0.0500521137197395270071255904761809727246166953032959907598970271206671403585297715610881497083823157465426028448486811436663801412187548403796158470773
86 35 0.0492705854642752136283408016264951183456608668279357785641475396166080470016242798631723656663470153640838377194830302892285739477264261507491922963757
87 35 0.0485172977028535141071693890374318259304183695479288136739445217692223366645214630612280574608611575806248440560610013605601082529034138111826983120006
88 35 0.0477908995247482710722231116177360771503162996434879975835352864491328207227467500105887661297772764774315787084839372104092113038181599175441197982771
89 35 0.0470901199529676456096720171486865009671211300116830338464529704512759093236944077189077450584026607595915578193888878752063585203525506050041895226405
90 35 0.0464137623445014670960364890354204670430361420431559492366769091469050448389255942131949385309470626027677443819590514337771269935782499300750422880361
91 35 0.0457606992409455530200924844078161691538926027351390504513712327711062436948450868893252984156948232306164888444371884604573959994567183279016169833287
92 35 0.0451298676288612485468336778822083112183144780665082105098410498937214054178846152775557968799010376598885936674789351795302054129117796110885376811485
93 35 0.0445202645732698395769739234287240126524708674843617990615000718409762260528127655129989704373849363665207381506457689334838771437194067075834103481693
94 35 0.0439309431912865571725832398172952710228177514897725184633048004637669336575567705873463468234015174146175620911220382115621008340213699416642810976785
95 35 0.0433610089361181143170105855439708080204790871196384731746447139797951498833471886215417340572715566286705021907690877988252674387409092838289812412059
96 35 0.0428096161645254060051872510590485874217018853865064557617524726695714704651555673615159368082502085281864186120725826805991223423486533509748539239382
97 35 0.0422759649634280720849374979900992948239558933191771115436364804826011157274998048711886242215382790190470963652740753854025889393395251544209172648364
98 35 0.041759298213634273231598278965454446292517630487607500935769527415688319391426491861450932535388737856681217692837680359570075975522350075441798120783
99 35 0.0412588988707473587895936966545045031682490189032393992373702562438019357777776359916638547409320284541456403669577126517040819861157118665138404766132
100 35 0.0407740874451576157128727115228804009646416262930665904929932368335320130279155008957386153485677102169500761375079120145894104544059790471471166016562
