4 36 1.28241621638512603739162699960001061469234268702388827323060830918704630469144345581149846259848971070037976438477330511641693998508321790662739828747
5 36 -7.20402365108456981564977190806797660174502282412459072966628060766211564138521220964256263320175391058530886507548406983908903920521083341727512624437
6 36 0.06711953122608362527060118603775848531336396781654208215572838472043177996209853234932711546073680016444190949556109523332919698795364599147217885389
7 36 -0.34988209347921701544041247494343569762900546132539422517763681287258791354425667448869000679423779579090259781319472468280098254012705880423531391203
8 36 0.408847285129585835216026712634852717511181404862352737600023108273836427581659351665603224229121334474439850757848399586817190439947610571008252091458
9 36 -0.589964488708906513983273606751319701187129497405731362769951599674686220462452971028674863406689866006974461256979239786040806314344660261587178433165
10 36 0.230902525548325267491776176058762215583452763474886547950442630002804966546815926646049191348564255765598414924105204892767853503411071714402995094
11 36 0.0640422616613578334569344951671852357784213166706229526170934452206776746177392216601073216685304713726635178568050024445474726989871069005092649613972
12 36 0.811703453037090950730522882982022422014040074659180583699396995938530410875330555622951663861159002211050990464524294048528788978013501310225589421313
13 36 0.558626838290119987755703560276990561629377393389466032937745887955486419694310567866523005877124697049300485376608843692583381422354612868988800880007
14 36 0.0236691047877491934626602932138255791216187715747032971840785181148715562418442681740308846901277232317727606120726988480106040199233539590585235224001
15 36 -0.39060608811675095075013094935048952552990827711360442593804231088512480958959565713773212935526945378756274318413481206489945236823735313475698915448
16 36 -0.608805604427765460814699121442110746125500828412698696729049113457632719029000592354240112278599554172103967231642246220459217905562380680410279319133
17 36 -0.675483697162963441199987191029203868037104628168502046745721590673588267940202163771562208175354388588567334565880850560515184255772292305944870090096
18 36 -0.650273504792955851027857003674074754823162461040129209249685813983914760618582570600695737110067796805315247250168369848592856922492554907219028412838
19 36 -0.577941446322021549804268504126530458410544873246979907835142862322473631066626087233138263081361058909453012703846852517444351313028325089776171556675
20 36 -0.486371416865723211305450119257321610549471074357459207471085815655446956630392307030734436599081599685861581960628204953941882049871434715259360493493
21 36 -0.391194921894232247052269874767799420670236447272339213516004226247200703924448256555023291418182970746841307244487851249181023254603608529520127544969
22 36 -0.300394482258815440083327755024527237644050073440865766421821613436538101081247032115551907935529189561993458928482563549932099461346385091563903603509
23 36 -0.217536685891989980825388681236237494249747448340922131284556223274280554027412260913822178318620541429290025602531545382681247855561021339707055201384
24 36 -0.143778807502921802413465026744359268776741425129822141020198388769438853090943107545541319631582938273055988995709303093275161347791553212796791801822
25 36 -0.0790394903397871311932634512373129895464836905632258517147220359841635096069990250594820315512001729926338923187744672471918720315648399797022977792171
26 36 -0.0226551253021736968786340693284963003385113044241117946664593014104186714183599729382232755893871180189073892401386534961938936026675987932008144781833
27 36 0.0262646054530769235855570076434584394487332636946499150962683831759193750147510710788802118145077379876123910667730781998204377640348198092984224962192
28 36 0.0686519525436874329414418795322987006495610405583687632850977938623720250743371707887404173500309530156632158131746691784655215052032725002728828418332
29 36 0.105391093065869793699440486770851221483884383757199637246436254357295862510707645832460214212868806836882216805230784772809499795221357085965300781479
30 36 0.13727952277267268689084852043992185579424161192116839769873948666100724166827935520749655775801156592203821371965690156892259476249374839151159417968
31 36 0.165016482858432082331419197488780402898714124390212003182413877579893365481940977711298692751509459216574280392509195134199409250249413963896979179252
32 36 0.189204923125659377163677159649941478465715950400938309712491368901246068283162711071093052382327777225521355880025548879666504409314930407687213775462
33 36 0.210359644265980324470401936899998310929919245624169850216618943401984475725570606873095948748349882926842700711976674726907981948672899386716995357745
34 36 0.228917702980383000744038084857261924685482497821324626754581154397983201456404662018641571093672571952592951988965862533987665590424162436228877143375
35 36 0.245249074598862801120289068135118221919796236604904911782993980602537205372895469538071300723740381971207113333560297751527876555815472481290486121415
36 36 0.259666616269965743548396782990911708342240465424731864987122649404915716609083198322729868538656031904921300845523106681535271494051285681887967946085
37 36 0.272434938235036765575924991382030121814379177692348719183203296981893315940253758221505921109023125272443335834206655677383420630022571598723567856177
38 36 0.283778085214939954230974145215552400830549199511989969964741208153623044527538282311713860594172178516141165874828182324210263824694439560877121842203
39 36 0.293886075298806368351988978654566929195899776603467047749020666241331355402824325616239963363419879599645847432410588886243650749542218199791985227806
40 36 0.302920407931079392108330128918290989856382989261291000511272011493118710276048245716346839171087924211757339630436700576996532396638045947202184025185
41 36 0.311018673767398009625805341356169391315745516627098860770447649459430137209246943356820491683385968692184591781051862425624321829705517940782291265703
42 36 0.31829839852792410858338092085068796570708208282095631586618598497455889393612369579370858420221808199076344275213248761396320613887575484037008597183
43 36 0.324860242176105359883996695749308508311773926377310545589905299493543625212584299970311873263415718368263323600412840706508327113250697591072280085766
44 36 0.330790660060156281315246828572511201596206035558462631275854438493065056270850606938170811617119970747852341316587160112180291653644235406910378230321
45 36 0.336164117322246110620347377120363145718151823175008275539999709276319492293171356602544926890723921922695452032135371539038724387829976184974556413266
46 36 0.341044933480584282711743629523248191623755342034711286249665483288000575587413474114282159133259053031885736414969860268508872527756232541537840581206
47 36 0.345488821284827214841191964477775324808794580337852048623375632103611652588142812554939883601871647004204140437333747455328900615291905478448793817429
48 36 0.349544172916876831412670042076593530156216109115211823255764520406830475657308380189281276269377602832955761436470038893819513601855294871809486121499
49 36 0.353253137298042382968245244611776750007462561367097355066696350845079019843251712436291788537337560588957818026296693246982946878513523179311439566989
50 36 0.356652524502416274387339526003065715907308985954445472210086345956607952693626176662129823279859704334780933912370564077895601153783194533590534230284
51 36 0.359774566860783816597826467881660308881351298771138777700587957533580011521592344264526814427988564015585887580526995096007292657800984434837846882708
52 36 0.362647561064352579656060578561530329219563147261280334032597571961771294255783042845540711842533527880702843466116837408915907781598121172843887837496
53 36 0.36529641125442691111020160870468085175743577639938694704659586640617863888312144650360216364621819338044610738596874678910941448392677505080882425969
54 36 0.367743089547440532576324633492164165165473156598190608379554346372021824459747020504860028084887029181868778653127516035477829003256542490054039054243
55 36 0.370007027553516636147269778190288529820562701074478959292850862933695820791539230582158847269608783816587776740626034796803110690399649001980929848073
56 36 0.372105450082993069760238922081867311348174621117509846940226738034565255733240216873176469859344990277896557566077888204594524744540558373155619436698
57 36 0.374053660301621345112004116320734073062427086486507027611422864167547597554521363136817533987118661165516376819529224164209895488571090837948901259449
58 36 0.375865284011464400735595890832055042795849471857264911213815310536464755818888236506356833492543713827943740462538287631607558306384552728598393857083
59 36 0.377552479435660927225360022741499395525538444882566538981412692881484938035970181137671357452430028497434913876326304163789502862755858287971229564991
60 36 0.379126117818177964990537348504360195170689710172269973382498426765715265555917425800613302850934191369907899767513635392213061299452174378768895686875
61 36 0.38059593927142874402781772430070598290429930744190777280758499678354598766436633405094417145462369651437778458800649076510120373885538766194227501573
62 36 0.381970687580331554284336083717006515123231735607887551716865964883545630804171196635853914857019706321292475212061814269619942082952347975980496989178
63 36 0.383258227072783088989797979261721558262337837592218967084109994646701684917951534352960407054476420778503797127886883920426408308550996059438971771862
64 36 0.384465644170721763352905073856225772896020790172345348780743847440256016164226470794396762342837325394028063537572691952688628678407244152338707096324
65 36 0.385599335824390525332822809292770215126760240803272892483536460935093745869859689497935522796162767752832640937570474252429838086609888175959090248574
66 36 0.386665086689991111344336663431306682479555635183674179969575695767301560911793889641697810553066491609922585461438312507034119409213730746580263593433
67 36 0.387668136625385377848858982004297982588007800564886897019151639584885963266402078721147352999594633852552902215991924012238793643063733826565431239377
68 36 0.388613239839851589781310462448104034922641601611884703541580908767454394192627976195554024054200325615000506203577496308823283729005099796936025474568
69 36 0.389504716833990187027549140481392574820993551244733224076202764166211644016350550591473178759893154564199485709675120173438729786765068446435912314585
70 36 0.390346500098028170232318260114615591835169529477965182539097220236315422964769916663404272398755623070070918252621391795588131476056645911382963620042
71 36 0.391142174395533067741325561643820791723336356643315863846749978097472735950404142474222773396435594461565842191138832008447843536028879155586470235581
72 36 0.391895012340434217106662132792492311351416958929760520549885989698063704465466410682556519326088626428798334781451931387192354878029675538131492653293
73 36 0.392608005874574133077689059723252028325906249777502772319731312101660233849868593159160648342588308203879812356476690326492872917569869178666648353088
74 36 0.393283894167737341185918139333491548259886890462912888623111810742346300322998540340536185911349846479440951368261681689560286095736564323229070200187
75 36 0.393925188389718318664254837369293004725007624888571204343932655687178065332360579300396627578498649736396400029331816954353023138246454893282309489554
76 36 0.394534193742416545785065552174338028363609116825185704842040409431444919392292233259190332217247892430214507073321009891214837968230371107882052461693
77 36 0.395113029087461794132896989325362683963696779947302224795628518059511305147878037659183362865473664555554609682687466857321530053681242027627672931824
78 36 0.395663644460044121220645240921142000547779919578382785662112909430221943348629677825420964667165812347758431421241162255797337544326672965317192731967
79 36 0.396187836721257274590249527266175564268889693742154507147735579025752040680519802566264953879492665733185452341865049966153282234122310952858787259233
80 36 0.396687263568365192553551442633798512064632692862004098176182595031328762240852803252651053602020258418499383332375739246046747210524836844884815427846
81 36 0.397163456094135762638694866248435839913622053940234174774853947669816800153690051484860681553312534740048449690701903333806428552462765895892529612138
82 36 0.397617830062055520076441479599318866028362770281956438093395258336802600425162430776373678137225388856151941098744157421831433426023678292117117308652
83 36 0.398051696043256913354185664075791228485137941395734561626012569800969545128528194082376446298934817399493128923944660585170830568909588404262551620026
84 36 0.398466268542862439403194088139031959009031226613222812848318251549685185897867652294802091711236857652521972028251991383983141640171410922402053754691
85 36 0.39886267422776105475921309370554300640942111595202742374569288414912813772130807114073056348407928772002662093556826787183080063343036267586141518883
86 36 0.399241959354230074688674987845749543603711665365825566083618513666149882476207620760245760029561994958612040455064441056490621054840036267156362587011
87 36 0.399605096482002543918428145514891137299286871650488367184486133597787739875850539794958563063170104311415979373158622347327762356545926904479373082389
88 36 0.399952990551103292375685469450775864636472128700499981094067768828749154230364574792578168621976101005438726362082355433558770043403382868441746304913
89 36 0.400286484388822029967013394317521407088151810444682969284308426371230702524759849926949383896672658210414351912831567446956502276262996789933102145876
90 36 0.40060636370637626007894677731349717411164149876759013047225703212589787929640933287989113818663824995377498647482588168712719764158100113344958453275
91 36 0.40091336163798476966611427622893855934179710558876842584298577808020341459747278419688465012360808649061592043451808991580109583089659161053692983038
92 36 0.401208162869090951002121645193474425450886237374245499322727607434411073965305984372275234922242293023223743302320891501744923661515886543991171559048
93 36 0.401491407395230386542577673626553692590384368321133851918750087445463203565701616155272140009540889727700815720913210764268402799695012363017156167168
94 36 0.401763693948431402672216113343005928713463920810252814019523530058894717316297349582974428767362679656713677197972296216395985602059096256400727348392
95 36 0.402025583123986885866853839057629733162377486059109282700630484381339543601220027679862846348258682457044640030962691433460114166675307510888594827037
96 36 0.402277600236868499328065264352493435579145787708943690286975606183116045625197087308397339672262024813558957276794170912065491809572040916143523062028
97 36 0.402520237933908468986085411608394737821026108409071870636015310130071358416958143274838180554989491086368817214637410123097204374886343139791162464576
98 36 0.402753958585095771929247515378783650644881341294748830899429626253246222745762458962950556766911803036895570914319671032062302903597153230440027471583
99 36 0.402979196474876581551750769230122341019983716215541917144845083570987556666549667335284618395520351050357539459420236020105171668942851341008054847733
100 36 0.403196359812173152569678207942893722382386843562734125013094368838841525663000152899967108064110246270258471272263523658927200420741010250405492783669
