4 37 0.400473807470319149259948775445736168558271915669044579803853808107231005479823726719806467478529170592499942946834411238707884186681154722531314652223
5 37 2.01294091141713151782476747843275497057563100232037831794372359598037410860652413171436427352539084153043667613274004288918434761796083122808433264884
6 37 -0.922175472112329667467513004267725746320261682181180223611475334109680642564559159892215300944592285002171916501653044057029263987431757500173094490412
7 37 -1.24088820388193877213882853540494595395177367057732243334819335137704089960562931898135958290514048165234618193926303598094029744909851758622417980588
8 37 -0.310396399147389410353072145195454935450681248023895846418702675773258088361744909327333689899471942256396700391530270024708027611352040411518187265646
9 37 0.230385024179660067188490985108794841730404451484952011627422605651554051003928580070910176082935274765467279818412966925142133713481978058896061796927
10 37 0.48497539038076450599704200062007445142650225525379422499026661036333625547849263849805016475145443695392575032668868982388178585345715297749911692437
11 37 0.226683737413375770464543826123185597464729980069478364544998658676267051539574926309383322154913815381464018917542451301044603520496139501966103519309
12 37 -0.196909382527251973347178426966239929091723113583143343228397702096837486384774727124948065499263810123074648132048760491488148656791862152670000488735
13 37 0.386278517972985675739787064269900856594416431130948909313538991617895595647237169604868503160812484536778257401963363736511334532084369231733059617726
14 37 0.804692165482941545933585646438682003720385872233449394080077289525360790384684593104783206395946415649880660293066094948341524625299040589993455822807
15 37 0.876407866256515602317683428246128625702201808787204673896701018061415858013235009500777086836292223911097996808403350547301180003624673859656308357184
16 37 0.7301386011181612012886937777851260956086840589233200319356016330878927369579895859482058310421185087572925629498680820817161308972436196293636929369
17 37 0.49915101226429758430424235413458587868484514671461497523138189536207739319833153174874619570974390530815652354880382411233574144884964790124640962468
18 37 0.261176310808303772543808267853542659935381438096425622016535973993821012751497369652674222587667339633239889584850026869573035002129095345663982687995
19 37 0.0505069100567142646591800132345261614094339745078331510214507131278435637100077631698665861362008511347115218699446867919940170494291516713541177604705
20 37 -0.122606352584379909391486222624207171350180961167749538809675004572466037063118108899597375719001632054976942952970536075827319236205689130233369691994
21 37 -0.258985539500180091888770956137659002023555296986227225247632595790536823360791115176850801228824061058993104487609939676421028975696196320055426357261
22 37 -0.363611344743121199575072432140863427142189100307757362378665129077301295004675870391533993861781614776959263387956987536422073294041036543708509530653
23 37 -0.442378911799760049809430679485241217537897313405229010531806540975611724805565254370798878102789838398724874295838612393705588578893626034135997372579
24 37 -0.500758568737339688446145669386639846688953564138468997851303775592780902821683265708251752767856337432558655020861335874452155567095533224836806670649
25 37 -0.543358609320944205999240684696320696262264747431011101216649179578850781504037373932190290939607606713466527304142695062471617442003032458409819309754
26 37 -0.573879600664755648724486463074696434701851580966579604345425234558885773575786660202890190215795485876247285152528341283923258535346869448995872384646
27 37 -0.5952172345240067946916097584861134189411840926388828431977960380557776957849290486576217951072058236685380270121893614058816612057999249830717042161
28 37 -0.609605012933486222050786157032040748204300906422130422829656067100765894435878894266278457900249076877506805594741506448459307575545994616280590752333
29 37 -0.618752167269724450514319155739923232512336664513604209632363727471246838496264567450051056565556276742832150884859713801339404423995899671544246251979
30 37 -0.623961468981947526799420430888402493770464420385834045264239837948237651141280978242108525843773617482125175354000081676724441410582144531325774749433
31 37 -0.626224175119120570720190186232882227829291737157896433210940987393796513373051032538876445623338666715883797435094423474285986988324231351718904199891
32 37 -0.626294219725981329275818410986416579334556315605662648373586234156420020797981870627205070322449010614618485140758990721296948246107505768337103284838
33 37 -0.624745205939500230934355988502795227601588613959518240764244916351924612471958469822964734336631164071572541029084522682789518708076352213331151853509
34 37 -0.622013780257292434732780499347904367765997244474656878593183309804186156322964787516754689871545093460540135823249843361455740385097386371776848597621
35 37 -0.618432490191882594605191179810953151436374213529650652289348953165420369828561672779403813283733472747067362942899300960128816833702708724169714929869
36 37 -0.614254632774070385961662927983171517623225926411218446410267818040615696646810080729015982221123488681172939571690421582064506743975759203102288554757
37 37 -0.609673049379124601661277562447902605741230681410807347710625518041800720425764988816464532794820064427756921728212727128092695965095974342425943849449
38 37 -0.604834361325061961453659037119238400873902406196697065253869046478263944478620746155153132415971209275644504750248372833276164398650194588789061272789
39 37 -0.599849775398465924908231487265588356604355883915431739840745034234861563093834000929191851755019406406659153768252117979829561809128771139918731622268
40 37 -0.594803307262000555070099024619307184901069185184146412225984464068521882749354649702799426057873278427929712980472109355250628792148840411535922683147
41 37 -0.589758057773145165818429621527503514782231860615419372725664180307469559815899789790160729734241314566195799646511291291481274820665359762647378891962
42 37 -0.584761017518123172197040493402952373707026700578710470611266113470638822696349571687712408764972195853827931696739311071495401620881596109835553400544
43 37 -0.579846755635738104024327493885957378418997360294378986974311093079015128128020586335499161479146899895213451544133334678986750142799953242507936848978
44 37 -0.575040260189489108693985495025341134295055369216778614212448366999343393289491818672980668376301570649243392039492441349848161580163895220158581027841
45 37 -0.570359131196032414157639068829417197720489982280226300775997233580597819652014675568640788201582337634690993548449784134140045039273590078923434884331
46 37 -0.565815278093699309879245900568328812245497828810618618810320905050088536438432496077494173094916889193538306251686867739097812384406019334137803132529
47 37 -0.561416236582356274501972832088815587174380349442596689065633769855432621879712779217332503104335391348357980556207809380798541378971309149913425663017
48 37 -0.557166192159566667283268866020407497745616102909784246513022003184413600158901992953652510335521879500936349404458450595318284495799786879843431239824
49 37 -0.553066776935267172837961490087730261089999608011682914114647177056763381220358878103221365642751355606564919376822977606501400203712971220789313167675
50 37 -0.549117690670124997752199711923212019671799588228264540352040119362630863454157418557586054077853582929374237578196645840339963418453747520003697524894
51 37 -0.545317185153822510057156554288580158076677166337172592773207930033143050523570172470557253416274677759078053376011183827536458330607840485265649099115
52 37 -0.541662442059541234608939449508250195399292062509513844522234778322900215694553492456230006747965424473971628504160058635564219566938595193124932078003
53 37 -0.538149867569310796346478286553805384059894705262721520202102976273128167148802851098505218758357807501024165657781700888920985133493347791139289631346
54 37 -0.534775321833842600504877100372343155196319846462384281984425012685070838577429789383956745508493315978438889090550498701765270036496180281156549541299
55 37 -0.531534297316750217988692943072561977076308456535753981919814111489168528842612836129056973255750567446510715244771605447954316684834936412955882046216
56 37 -0.528422056982744925150912087751486240864149033044830294380227810970801010388904322552128292886224920561775477263378326409608003609344535466843728515245
57 37 -0.525433740902041348334524663328831107006470220722685117389630233047722702060336843396349336938802059664957148031532178961288668859588342923227636812503
58 37 -0.522564447992900767628302565728547155780887496662775785982377242227541387765876014518852130635582618440686697280120964630690438033578722739579016595445
59 37 -0.519809298185662288228508073970682817800922594973134011315313213124763804944986805982858085386240495388926888914958312481275541114166273074050985992192
60 37 -0.517163479169775388635954853051222016994698706649477574360761640808398524999041957407807242925191565251358722039903386755859841284228757113627454202806
61 37 -0.514622281007994142397048404038702472062308411415885317236695810880529657883250019581756721261979852802514939924926280343596646692804268647609880622401
62 37 -0.512181121213865819061907745636807779603055211592439677547352821305901078597296431255082743475241609209519587090823094057521649301518029371119292796017
63 37 -0.50983556234769415473071488976353698226513803923112206855453367002962143326930323806451731489976568782954553341265342210111185528061015871037506139407
64 37 -0.507581323759807268685809752917941682195754661435469041840094223663922354134600816675239934191600844080541352060411621406712098687052865592651003384106
65 37 -0.505414288773171056844054804070146992416230485346572982060241313351674212424020143535049811735698937287151692758566843894551163087436677620592951824638
66 37 -0.503330508330788844432256996273162520496254102812962889062549502538033156856264639436345999620865221147772247023800048562254378439013364654715852570772
67 37 -0.501326201921883602622600426446102572685420766369891730959723656724037971429067550760082007101060960413722456892790757990928255706858266355580648307255
68 37 -0.499397756432868025164676783339781465468717833617871266688981427656984615583881419847888655138293875766801967015653835176786214246587296928463018098462
69 37 -0.497541723435434511196226663061017967128584070880912073433587662903032142552050001987775734297045035958541318840591361771678837273894131603304284159264
70 37 -0.495754815317589202294159051285763584634825155334893391437529030917483838921686049565958600127821543055379800591247797985898232875076469030988795670555
71 37 -0.494033900578496690421427587229085239099102481671876245038394897876682557988809277675272428187493691812299186125388108141406312071575013471540018261148
72 37 -0.492375998540175222511512835852924407602318065589438757630295316137353458264409431038881582381881297737017249437767456562124577090066295431883363927735
73 37 -0.490778273674898659803994933104627257392127493455058740829881190918973200688295985545351340829934905167890584148058568648316387589511746002669261579733
74 37 -0.489238029703862474682559761333019256704531951052621101156167547507587529077259396527395760375049699315648185225083100113630617064878841205300564289475
75 37 -0.487752703588069582298943963268604232400872134440729236307065474486919815654723674198465617767366744050585833515085083483709923175062192778406826530744
76 37 -0.486319859504750032526901337950372069666173822926881290265190699917488249706678318351303595450261458553022793082565882583222509295949397099468739523825
77 37 -0.48493718288056290645680845358381134192216127985648570906234549980511271485515793937792432354611279417312682681019359529635560052127508155101410743563
78 37 -0.483602474535235371018848898992136433954508772000123111993387839825288684394501635906931727660339996462935721923979189299845873193751701174264361826433
79 37 -0.482313644975290562059720600749757964868852661228942728561758500738229945124437826107048509396813904270339425359327584377851117075245126171112766792694
80 37 -0.481068708866396521466589301367788925626818185311712091597499976918232404947909179773161351946730672333745393491478657491609338964104742916724399127423
81 37 -0.479865779704066479102967759298385107052513329732446639714634898383281518617031148251760230024804509767914679497757222058548554340921324666404481897094
82 37 -0.478703064695501569981168490615794452352262005001470778088688267498686530205457419285015900918422069325276109998593122125901050515826448199260388407263
83 37 -0.477578859859924935883948258265886736863401153918187944060526747094337857502900754523047042514511506806408264694410696829687391853661832216112552070441
84 37 -0.476491545350516702767130016321981056178665385856856971364402758611541277645373605068524828372963404783136854032141433498749871591100587401872236203548
85 37 -0.475439580997785331333240120861804227804460729198844125887403932436163651283283299784013336501323362913180398019296063528009184466169905605826923472679
86 37 -0.474421502071710983962776190233888485851679898566409044678539851476968492387849517478197247329134419966551847561983551103185186782221913199027958630047
87 37 -0.473435915258116422840585304760740410376300296814556731356198493854620216366161747978763609805919706953812325891180489485114229065551087232934396449428
88 37 -0.472481494843335865305069084953595307408679316300134788366139138356259036694348335725749819887171985071702476510989914201708708324328485885095392156615
89 37 -0.471556979100261461565042722231971877107512950195476884441813290184221071418435588218946321887166739595713729313880436380170759690584569380352951438015
90 37 -0.470661166868169274165573457817692760883549910559927504646797042189552550667802045589988481136700276591056239807828463984885804724250281781739709678234
91 37 -0.469792914318296123982459137969162192330345711289977221611849831100998163041028013606064192159429377600366242940996079507453309869907789245125049683707
92 37 -0.468951131896902382331354697233466516998167116832052886868198693568562598888439800715459344667609229266317225937833799773797011618884889331142656821167
93 37 -0.468134781437470945406930924573136101411958630334306706130633705339705680251188777527254322567697653897307757567503614400891902979723050774203946570402
94 37 -0.467342873433724747991508253654918944463670652419209838786079032927576764054161725974798085712324910770986341056352756600958900191869956052962608361132
95 37 -0.466574464465266518318750681299429198476228655158293267309868808339800611653092157283893852246364952416762144655390835010606302935134127412307200030091
96 37 -0.465828654767832770560809443846885595428566058108372354599319619473989994219214053029020954098013109039023889046592453520860284573419722160120775551191
97 37 -0.465104585940391434974411789668715122068354095903594619645014978075802646602630147980738331218499065246504991558816547654596434491173508341217498212332
98 37 -0.464401438781584794839446265250794622190404028113416508998326587018039959933020613727268782614612978632167720979845774451169412356363008658221084213907
99 37 -0.463718431248315208224250937410695334308147337646017320925355125721440599857558123896053006779379722013048493590646471269204757873824402160820865021873
100 37 -0.463054816529581481088919291604981686456437228972860794885505226880930626451857783486138331483789151844704898142312421492971117793545377530665328185514
