4 38 -1.94667462403891510487527104774042605338503415109705053296903068283740470356199986171518406132885414525829150487727336245701129304732219645896062645171
5 38 3.70085855799181861222132577964076905907381134642612078250196452168536256890992848962453441745660803547294573861011129711862876984313987389365441376371
6 38 1.36707082833173650853760684516556452887986575852193230239536853170286111954037003789620815949103977687067189595213084774242866404168383952294053490614
7 38 0.475425346267126231771278509763773845564625506375050151118558287467224597813210902975224119146525201740828008312047407495708236879949575860031330447685
8 38 -0.361153170298895989502468392687210074503676681064653976375616491462160629601472555232825067968162997071563570503220665732477706932838251368422178503218
9 38 -0.0119650368265382195746056543388838402549762154341714159594724633879058709956797168113172405955710908539655914395174984350441447958854022146915729188513
10 38 -1.01466693074580547271887072711184519904610929466962467716930526342907340514874009813365598800307470042203590546198701528625555460426536145076199862524
11 38 0.229557117349908987359138776963376803290562608838236868413753208435274248631266895347692859542667169557211266390216764593255594808036392009814596462192
12 38 0.40414129999969752174018980489846989048810782789271239083395544786762989154286322986807108796740245729965957115882098992406850539087165464950291083819
13 38 -0.186788237270860888054704901216433060132784130443341082042579514322136866328465994312459931610608222346029870098354680740389696753653405473066019704814
14 38 -0.252562454105612844289330756162295187991446838252086471799657247983564107796712297790719622272235630166010546740084339843887239464718032779235860828471
15 38 0.0147827870463522423155108048111597563214918590857078741615275227315424337387040737727066314757632178053491451594986990244588245144062697293887647240192
16 38 0.346872580192368832410293380070996558823566126884067837680276958708544012430807298432229545563288722012978559662787875891683274066731061794285959219292
17 38 0.618178429846096095841535642439868258337600930668423266809006245524085781663189949905036143897556372061195302457521615709505907489831102734431992833025
18 38 0.798916235323942307339688342675779736217294087139757558031518238850142980810152556568989644725234974711881453146542154589474856271377064191235789749289
19 38 0.899070126834176012738918800825044493457913761429171385119368960068071281613417417304973350966414718408341126619061211012808208236172826406766220751941
20 38 0.939001941095672330635976845650960215670979441606394156191588367708903840502171156766537543764761688587096871349439407213190915376745059040210586231951
21 38 0.937964511363290363750799034370167141870951169969395095462793391687621220665432109132099624587251428455836273873156566687506910299640077507921501599525
22 38 0.9109257034025108343237137430442400215698984959418946314529084144864019609007630839549388687875966473090755149025746647405674733562412349599094399966
23 38 0.868533754980579419776244746215571029257438237970848228726150864609362206104666379300864244950080586788508854691703702280511980593470196198967269682016
24 38 0.81798765088105071274978187968360442273361660524565704383163686376030762725445359122698022799963317903343419007673769550905224808817431922875555395991
25 38 0.76398253792619157286013468350054328515703158433853652281302079678675136184490936726248269023669022265327030736738302008047721126016834826065933675643
26 38 0.7094831965034167241362656917169570283004972850366349658309783683983991957453555351222782883083010678991122034928228414672737363833570350437977603131
27 38 0.656292988313305742323788732321967809148079738906767005460572959410013204794305154594127740614804112925369691261803701923116408429810370091362412049636
28 38 0.605451242479032726183367886716896876460763289376874130051944097799138494956353585133962913156998202503056364678722522991965088760011958379281769645906
29 38 0.557503039709963370756449003999890823992890064315932421946901898726204129734242797390460978845336803585922581306409688678656257732315538311344687093475
30 38 0.512679284717343175787074945688402891136301634531767217845983395273489402777382340312324017534202608522423587367896519227715499726281243173871289274802
31 38 0.471015551237427917162961763245249447650298048982684830490313142915610941398058281553800731614143996005351969106892246430171939922762135704086973797723
32 38 0.432429827578941644086819749698657694613048667735907162398199943392471874913786784685879714538443008924301271822909969163879528881657167153359228079673
33 38 0.396772938389497537890265921213674763859552186143988149677356798311395426744827420784869670230186464617218926145058626499480488952415847996082783279544
34 38 0.363860908788529514159715756851028991052839513232780236994868445258297809798348823213083588309052106438611935529041658173597946165436802516345793385437
35 38 0.333495445052263193978077424448099678528458760623980312983674163012414554744789847257863892532631527219520847953466262653863688432866800494613891587082
36 38 0.305476625206122176356902093617434335412442306163810854148446133255026269408600230933711990894607186009264433771758675188721326003088916313142619938957
37 38 0.279610506370662224905833392454714381034178059710744049457277725415731457056163521481180754310192233538599800151145590931402663978545689316583663237164
38 38 0.255713436394071517067740923825940204701649185282655193883400962220769643486533230777465482640042362761179844650342463755772896409387630036720136044689
39 38 0.233614248987494256256673247267885034593424373401704328305647567913189586516074412003463702476671095718266865719996938325174183557367365429818513518453
40 38 0.213155119190338090017325997152571724894595981985914906792635297119456485947973827671320427389464568122223288159070487132320688005949027098654761699532
41 38 0.194191589688563862434810760043971621978410788368537233818289020148302754109933758951985437755624796915876857388382293341296112928024298403102653428863
42 38 0.176592102134781642009521674270084478109124607221697460012331320528499521429292926138120117317615532884592545638611691150800873494676728219391703272433
43 38 0.16023725074238602424737568830227278263520737736252367335749691483155259815481209937401306561597051178140489962922154632958349905330942935403239868677
44 38 0.14501889798148647923231058451134440452432962409772039849104457608992819332933367246877838084135534313150027399575647150871609168823993474632061912917
45 38 0.130839240943833960905441299799595461045681410047805453996970777724829631648358812717282387748886152199487094551914818287569309027423021626297138389429
46 38 0.117609883101160965115589836021495691781252610292565499989823486550086856649107774190116677909104911957174420149480904073412473422251601378851042397136
47 38 0.105250943940868184283369565197760014418574812432814499685676562940689848401217383809323148250839425971668578224353352865521304853825919894535959305829
48 38 0.0936902244563707877128296902310670826373434489766653953224580008997519618215340689643133155423355707346925830533800509928949645988526480307270021713232
49 38 0.082862437116703449355920207060340299831974005994738942450306043406375987661306972609322579492051237414501721768304453603597220873939220309330776877437
50 38 0.0727085030165916482752159546470789722142309616707155236206014558378268263072286105996443624439674093805860590545904825222835705312112224288961287775759
51 38 0.0631749152592358810658452777152146195143274941265359245718637919605725431842298486566028918928255952613564199936634855031379580719435593180892292329836
52 38 0.0542131654752501322356151450847934462216947670766542037891172712361629448922255074530641499296061307283366703088023474495418624947838520112198411598242
53 38 0.0457792292133026152487986681634976437234026533709441559831394340557964494220052859712356095234093116658746159689819680554676318830585089914976180502532
54 38 0.0378331054030985974852612118182205870536551840282074209667825684012783357159618383976883648340971524322305210027363618804099425895517186583037504535581
55 38 0.0303384049568121699389005268848111169178005229558001543405886723114400205376975850493317900939523369772439500179831504686960484571217790925865200904912
56 38 0.0232619836860387590484124851804736866053436346541483454321217719543838002918717265384144974991981810166642494750794214790438807434345523560374494023462
57 38 0.016573614965357204668737403210700998650728297839906794432298935826641549306680123324614957946834469495439315396481011572269425607814484644216508853307
58 38 0.0102456979035681688375907376601077016774284509634418620784440435438502860989191742522223297628775474605691269966396735435375270931518512631776665287944
59 38 0.00425299714632690019949703185774980003209964877334859251424830158522369833135613665808358446493211880255233147247390459305538932870510516964655457055139
60 38 -0.00142758919809673469038728113299127101978952808260015467009495815496315750921447626607632233721280235592642237018456771181892601232532634826970225913911
61 38 -0.00681723666145788316291379627355518053325861763703966483618057944862717402761292500053398967917234132217838634603096947725422224367640780709814635783271
62 38 -0.01193537936220309925277471702567697425288618228574419745906959451249186530776227602971585113190030627529077456399121812645716041070629091413863808865
63 38 -0.0167998753016619387045004294768594684653608931050178873115012244196421752429178395913163265532069259489798599287600603841877223575271737429393595483177
64 38 -0.0214271542328488605751381054496426485775878059565505287158251047312938065062743908922830196171765446110136091431062105923195443192178018856270909870528
65 38 -0.025832350070329742011247655045826873869110627317974965913079268279411315712491766203188361704497554696720719691253124973328495295783181767348212938855
66 38 -0.0300294195816922273484435087138903868138742017547814156047812957158518236304405889119228404789649107639482316979981271803019205971612505971618652760443
67 38 -0.0340312488982518135059094337936320225892635217783163581667991850297073044999554053338669919472679200325619646502762074679505424726707171943686203927598
68 38 -0.0378497492026998682771902322089988220620734155527367678600279351223675077215598121831065608035660568888395290436456414505695715246752051086425731958674
69 38 -0.0414959427923189423428952936104855241547560376450872676465889106548848954415617009153831638349042956634200784652161119300597537475767234557964192080826
70 38 -0.0449800405760372175894353787477162237026256584852014339301886130957137343249061282366892301701677045944148330723560185207994876164317331267263469304432
71 38 -0.0483115119399469802308350667503469663088875412456756622252293649716113171925358714490225667312660758783868587007640839921975042086126215705376368149825
72 38 -0.0514991478070906362349499438091081278691833721269374355690816773318881617670193269457745709146584699450841421828719787823711999262931459991184996240273
73 38 -0.054551117621601102703309870539721596773718051602299989103868058611611640094733105963141203006905764699942078064396284987642025829906037568308115295018
74 38 -0.0574750209031163931456681246179576500732652409464848148842067059142407656595791774079330618388366766813315163362640851791164185229035632430353311268161
75 38 -0.0602779339433785001109656023882455582342208991915915427925937851785134770089125851537610405959404372240595192482075071314908650228056141210475440538822
76 38 -0.0629664521518360019272998196482466978860186980939855042326581714731541401733819024200584187884849045444969043469026606055139469126059017012161716753748
77 38 -0.065546728499802599127366510135801553843617959130891895243050161804507494907484070368469191607970496342810310677978998068513976919044026790939966168474
78 38 -0.0680245084623144235320921304826837856954775795328907017027360653837235554046639603378570806684922908040286143432555511085214314862161275986765215957536
79 38 -0.0704051618124288982937571635546026430065028367952200124805519536788505838840247376783782605171833854363908447229962074080183027196677188337370113874921
80 38 -0.0726937115835730627765474707957468190465800132051725749437203860274544471256749606506738871688075667777234273841016242596692692775538815118437784606902
81 38 -0.0748948604810281449798053853246379882728436907061640795969331110232288279211762621039043359098806025606264033590687550734639030412958285135151782412115
82 38 -0.0770130149931600299496211004869126925097648513994328665222220099476291886343964889055388108431558921124187075655555663635516727576682492569750963006505
83 38 -0.0790523074260742394354051388777134313829572333814655970358787671334915167377008780936463249250269166127795448322540278382157470664634633088806202395947
84 38 -0.0810166160615541758739309780745381831253094068050462882501011943064172010846347836973777349633925287733721762608599302238224243033086299530643425292524
85 38 -0.0829095836170528307729724820027347473188879935704871313429763648000130524101084787116542163227629558773543766244193476739337744251495683360189566839219
86 38 -0.0847346341678191362175439833942719044054404701324458770154668522349525949737870084213130003311778511139693009892576061823399924243431023096212607349474
87 38 -0.0864949886746608092457064684920870936922043999284551342726023591219776464766634157596785747396740865436093907344738899253942731727721159776763065555401
88 38 -0.0881936792461226122342942886506267834152862453644406907577576838070441195426903498204839483615685483361916543275158245836394849741265388438990829829552
89 38 -0.0898335622507709758192093292379025031413095581612408649863119145711906938451532871385824427609403678514606267699618918079663822523837183271658931229478
90 38 -0.0914173303836291788297068345689065888395491013814644197776814761717749372465146370176244551759848524079850082705460941228998961243286384355013991407354
91 38 -0.092947523780432173197723779136839985140470062739576433279239138905891930836147497066230803346764026489317192371668816440026529081949773783183361137585
92 38 -0.0944265402641181329332714740507655518486053194809785233287035817077622196694543869109155327272513573509409533243690635100526900627075710895267752561073
93 38 -0.0958566447997146701962444213650477718888218502387729950587356772289466730334767293335994498762709946573289687999852447505064627996642103684183704666523
94 38 -0.0972399782263971434332971956343986231697009455866505497452259787853624063687481602512720392627912071891823104147348474455204863203584073566084780849986
95 38 -0.0985785653288942538136916220992341974936490618633525659391080220469209534129411918826370295717436732239007611539951553443040447255280762938998107690498
96 38 -0.0998743223045040090187845449811049677925805927068945361081455401562305011821057159472387746911012173376596484162683024520237688560455255550461654892561
97 38 -0.101129063676683558913464276017994976597423149309698856791057634438370284826850634067659473230495073732915039672044518227764860886492454953092408052713
98 38 -0.102344508701421075955337922153570785285481685130140166518252661740522839140423605550672009187064133623219720274141395409822769289698636758727915645151
99 38 -0.103522287308326569252888573027399707515734948371900687449541722301474838994353836156101358523740900356607065897877735121972348340160966839350965745334
100 38 -0.104663945614538182023625430788476662765904398209246783321976373320165064328372690251723924016001998446074310872270014042036732264398413631831372517393
