4 4 1.99302035394151145749271680397926852283591781774610220014884705498543354191228003369020057184501538692053289120931490554492783678571890994140730361753
5 4 6.95452980962580817493329643669462880085482503442710363771060072654984601686554266693023289252531960962921883882069039164866739681809549895024321489763
6 4 0.20135859367825087581180355811327545594009190344962624646718515416129533988629559704798134638221040049332572848668328569998759096386093797441653656167
7 4 0.466005441118088137351284180608764827464323148228978633150140301611039453908147505747231432729240601873684146814599748678808267482303500437895794288341
8 4 0.574415980068251842603672000695656368381325627326721564538447835194791720948593399523987858726003047812726145085445150961779610051105408614132792554608
9 4 0.649750979669034785054078693431285192092866827165737342352041420064205984618092767060303859775556525020127601401163293770571390716699838337688774421911
10 4 0.705144372464339298374480676865735665924744001369279116957167240456805116832755595011099370717869116484441181171655318681471982936777621516231256306944
11 4 0.746547652128572153951290997244844382277070377091798665886934557900629518832527203471327070086133542492868134054530779046451902210708961122826140191504
12 4 0.777932248954155149507114790250863002792145989206169093621051862996181733582145802302536335920027109430869572561110026461328493722368571000378726601749
13 4 0.802086035805520774660389028411198829410541453533561318355839216206043811881470624032736343703817383361921429505900638430900114641632405649937564933765
14 4 0.820966643158579213928728823717585686171201112069481454831757367557949988914919582722569967776384247686932739789298185703592948626212126245115421707391
15 4 0.835950645459634473679310505502323382291471301043710745548576013627101957631865568780379696104476427213576994618261154139232794698460519474936784773957
16 4 0.848013059900649228123587668855853103008970557000476850115959094525219276974079824505576315987016239974685783691594979667072611683528046897030680365959
17 4 0.85785228488613983890380988733866551393823820418332273112482122673551110771871821773845694189978816556180834012827790933739574348275527815551975031107
18 4 0.865975264231053208390656677384261894254722033812038751400089579310832121580259493270652303564314506952849673341910504129530510375236517042224189759959
19 4 0.872755165809868181840769755390007021684474656993152296701918590638349134854904228722034373092520708489195953177458914224961693524621287611857653723471
20 4 0.878470553333714103214253280738872711346313334718987452180619801890160192122311142416651247814540980201391671134737928650804710320796339720207296322823
21 4 0.883332204227664494227894906985927986158317012436885029970488541766135833798553905925359975727566231952767796078268864413430514639808614310595829466602
22 4 0.887501670422508021437881900476844752499587932709197537717452330131582876035115845663592908288418788036514283801522732334577980147636001853298734941962
23 4 0.891104282481438592848760943253609566929237430406340927497100831826434342671899371868692165314009951755645145800247551464782264550755229265253865319136
24 4 0.894238377307765289718732240450774198517067692701055476945168416012828960528156404787282234520661800875848082115783567935124601445518819518049846994319
25 4 0.896981929911332984098567907495230268066981852880125201991121497638375142363558970299280863219476250896545965248353423135901992399777221433538619762
26 4 0.899397379051815461641606387170261684318518364036543594366265633272789851588943870215120368050968023179117331975137106181691483230154046675805731965309
27 4 0.901535180845445790803376483131970242051447839560872576148764879995645893355012479650095799400577204955032933617442624718802953945403206974821766710541
28 4 0.903436455639944796600320200653669161303414004020634032283932336178756727277523816291785494601338464164647979918106393355881409995354067721108139861849
29 4 0.905134980955252552961372523405260862244430409399235339152813237926769500282024397061272907144969296890659515551368680477778268002845704698902010879768
30 4 0.9066587074766657798000813823714455344142330877450636400801331048425696487564731269767384268585954264539306321824124538691742921157604194906470356345
31 4 0.908030923428919883510835955973930725634247879418672510873290282076974924395295404449424316937048976011846268192054381632298926054890184591129016128353
32 4 0.909271157062756191657058096028668674682123752570907547775145987052115239064209529729367103981742061016333501171933789141312978153501644852777786031105
33 4 0.910395882183508317891764039299134971913221575113229588816425705536748157524244210919792523707289387826716030189649006790969063667536087812332948381503
34 4 0.911419074183586318799338724636635237815072353857570714368568340296303840960762007660423799519850160742627833524741080688830741202747325105857025054985
35 4 0.912352651609851583108039292386116960812656311987892736465628168345354057415727202595085017721796832228718223561288551640345142128399654576797967730172
36 4 0.913206829361396538781520739005707088277405197111129574874002045746750243279974980711665856444592453682888212092599454058372064458242696346121361228199
37 4 0.913990403128346864922054699092525730997038281733329626841511165518067554773225795209938172535126770126540879596217474102934450463285802309692903609043
38 4 0.914710979932481282162686778651103441001492684301304117624953126429885658734953283220732527429293294934319549983203556990826812176123785859817009472319
39 4 0.91537516612082087917855032158500849231571401698097990664880368148620202782675842247327474075593854116346475876754097211585655136864854898237087950287
40 4 0.915988721548249799109163458308244679633052701940782042438729503202565586177644724845957097250759792929218376647198375293413585667770962864283676852519
41 4 0.916556686721046947764822767480014463079049577301469371523048265901027352525578736014274899897475963719131045174904964777895557402236178340991649213117
42 4 0.917083488186626989333733529524898483769140632138022543429908548313542588445831183978971989838184011098461448304113582127260377731840827381576566076172
43 4 0.917573026321461248753995517892487266477097418015872701515846427863032501109959787179502569327920714035302390480461062173852500556634097967939584098596
44 4 0.918028748799111837290215216879386696349892973668657516857444639691714215416254672135267532458103948998152420831993357080326448247958824842881496686325
45 4 0.918453712347956375977866062394034807102288037239576984782101160497466067222172959509594426813026371598262388667314041076343723201712290598851348244378
46 4 0.918850634885290576198739710756520974276848317829604503696786580178412819406087558232046890546819671913344097052014728014035501218878053862591175509437
47 4 0.919221939705377150787690160856964048868788886975441110754724269107843253375111045050472159357655607101679541197013048683737589429892079096391255552498
48 4 0.919569793077050169964293616577460666344732458235289828651881056030113757658935806305405683887145223981797998971420848906898644616716851890750791848726
49 4 0.919896136351709062760416929885766724851537741841235424447263086718459675721677054503520252710908990767760871967930229753246853144971827540744869159043
50 4 0.920202713479855145900424008204431072291137572011629939337065488317818392500737276821605772579969658307345195717475061319409828004108587552489760200939
51 4 0.920491094672263692258572043984924822082471665825979297260475413409077447410852606871421997528238831471148199932400821369603938120891366245001356500205
52 4 0.920762696811672659054192098692612276982878205755306469742401353756879422758187453319405336609187178340738727610638839915554185793603449632916490439353
53 4 0.921018801115757025084246779756924657613922580506003601649101559855070634623376871255844428609202513867437868974333266666117292019017443588204866412082
54 4 0.921260568466925990379805140772555934840835167399083464974794002519027317688411566451571549212398066406255513811161121218304786923903225041391274579535
55 4 0.921489052755070925999345176318816358549777526179714431320715378836785317374448281506687826151887411245140391473656773705417758585713208664687130115612
56 4 0.92170521252263343847558704318571171992143271642377864454669586477047315181158435358149500077075866045085743796110614679463437718954524487807757923822
57 4 0.921909921154764478225947870060871084838548312739975608211625516150998497856186774605290793549946913904312059711735395083341667662512839863883446906694
58 4 0.92210397581894166941670615622854606987450947734923184427383635583258336169157542622128222479614767815367239483002682181795906155236416991376356796653
59 4 0.922288105326645029596881895041365651438154947060430268581106937614845254060310786055715628573125355139867557080573977325278625545200084524503653947805
60 4 0.922462977063320596449456575875998432114844065091845096388575856144646942888648457823992000994599744244970406459549546446304067623886586210788951935639
61 4 0.922629203110895441026629615714050383670101543609471754690354024812088244037200778852623443257964719755156060732664988735127131783960141975393193157849
62 4 0.922787345668749930041932603030332006213971751964184185661795675184599214965420782534130353491207850079179581801589214638127723154626622439920239694324
63 4 0.922937921863662181258736360858155560675734845728334937106119449158377161576378882124903065771473572990235839145792984677351957753259636990027617662848
64 4 0.923081408026296239992562391402010580112838960139525118937379359970248283029906359164848773285879547545327740680300748516908010343186145227165648193052
65 4 0.923218243500887979528924339527634676862411542069887726587225021474793577106630767854437815388279784805599840610419779603986559344353081387558859216966
66 4 0.923348834045547505033277408462259874405743360944579398156564310493221747155184642212654120277286217193478742520522542975009514594212050856253549302298
67 4 0.923473554872762949549126675794519081096260602324302160752133088329948303732874491065152017066956540435022078944662165189532520109096528562832243396607
68 4 0.923592753373027462729599911679313431306832080239830070324911559702531665134041007866044795064674083852735004687346030564831596900165292558000259231614
69 4 0.923706751558829153495458450112708656886570998801805112574911998892365009230745732926585135134947873306829477014549780114438565089162183378812053329569
70 4 0.923815848261386076666187031404025800537515362798393951006852514131691441852323211150838034282974792377916944061664078670002667977509228367520953188602
71 4 0.923920321108345288109197626459377065709825359308733123476062396649833260608021820694976144056519882859945491793077753446267776516036376121663794688458
72 4 0.924020428307088747950859807452475354368614946512709971530945789100323808635239396141738328153024705871348892283038742203174235665083711248666932021936
73 4 0.924116410255209642022740526114372892575689551189935242384980419014152167734161130973430355908699892885075614894301937192797866037666852799455921589069
74 4 0.924208490997065520663044386094108100345050770290385523837197780704002357440412280608255204485388809978701343454425956622847811081032116196528246374596
75 4 0.924296879543016707991555862714997194964276181801199758008192744297255385615210859590717596690655694401668553914546969801002903693519099061714426407275
76 4 0.924381771065966968204442963627738003281971472942502947358700093561660176131925057341937603490047471377072630249000216809798286311539748287716245182442
77 4 0.924463347988094024656183415552988163370993665312731142517863643531305081067041650673096725041156335105337709948155414651068902552377057732681574824405
78 4 0.924541780969152739655915063838335304399531289248558048898308780182792599052994061748225189862555417652463710026536831874754622690709342915171019771466
79 4 0.924617229806421878580151854724525773848802510280099271871798933273383046565860525204498714402925889208961157491391211461627713196936911870478773541259
80 4 0.924689844255219523284344795589665865103542218463893819849714432613241283527731937760312521926900833447496700540505962303787247415461598992800964633928
81 4 0.924759764777909525792001168078595350666889017301296196174465142835529224084616038079354408002833364386496966414361453779764199674203360661803143746181
82 4 0.924827123228442450520468099252684567376829295203658494215508631939111407916334034279633703608865610144905325815643448343475618376277320194195541668698
83 4 0.924892043478702638351195935409317564811397703395789654043168571621103053074981600282698324027516264556530160120335230343859207682918382373567259394914
84 4 0.924954641992254137936918152125030982215045468640357949872135924408330660406561540971343626955185662610924514683988322339947756686039571576427372467818
85 4 0.925015028350480118420153276582305887969071142655688876363353516098767589691805878383913421084312162772849700374907589482905800491283695777444346536164
86 4 0.925073305735582552325878241362756130719219405995866716075259286860336209541174289176314419117152780149336091357776483276196992399480634598621692017645
87 4 0.92512957137444244610197832098438485473785171737972049203050804684066836822334995090705351020461858769482822101185194128370945751256323420795325221885
88 4 0.925183916946927947841615498370887574756893392115285711126948880676558392291965696866525352386956573830655942539836363955879864274908660415377225706123
89 4 0.92523642896187158375855305005444420490914125064176452219345945589909871231034341140764987563213063022160093725702457456125879548668364334660515140752
90 4 0.925287189103612876422514093642538347269517293979983673250954513483903669186171037866395820268719843712133347695266188345647792674567434409073624420369
91 4 0.925336274551713660295777593539276598654982746208097346606022553099081793373567890336823004027677649426721177562567916972898456105344125700224131058977
92 4 0.925383758276196177305882480022251641535376388182234657139558167827301354191760596675394624063281126509522769360031893917719830562517144483305923569735
93 4 0.925429709310424718875678698915028616254208733019116436659275495585785967658290792900997503865751531241723940268576887605698162905340638102762631456977
94 4 0.925474193003546881630310947099699502871297463702000391925131924485245695521772964745541178555483147479255085277044643988460227144019270768706964217449
95 4 0.925517271254227543681876499388582480911476420993385698959037700761324770773485650765486590089479692368143649003464335385225109389891147832097827111791
96 4 0.925559002727244932221412887876842975757392584119367611147301115153766370725670288780309186758918877776313718716037902831558017456210303015581955868285
97 4 0.925599443054371440642271967070109506977670150292436508623597773435640438243762021543088784433860411306737669799152408365032041819319551132850298711518
98 4 0.925638645020830236220944355448863403800427242700506674480313226231430206158499674027462722476228069534320755687221011451476074337897942889677808929808
99 4 0.925676658738500485152055017357012495639300485495401692102867607207017483401916498879359799677813470146383821205262067840296286879182283392806408865526
100 4 0.925713531806937723157358655366366791174624260045639369347991469473474149996528733004514000203707238663077535499084350254680211145650462711463261633848
