4 41 -0.390411275673835267717993314382221652648665885763084845851320639723238739194795354098234876514757481775608644637774714048872760565529084621798705667313
5 41 -0.253318542373119963834672035225399422775930462919368072408883707226733309571243139828365858747462630416445069386608689861914475884453594740427171923616
6 41 -0.52891204731286882823158412530342924268820440369646306882610259978421946082699665108078531926861101608414735808632874812621674483690074551305162879904
7 41 1.1706154050393881162254075648368891339615513722362213078810767191373231303829120968284580392870594346237210875054289952549288619968666887795272230504
8 41 0.373505874077456215384389608357612016294691047151605960916115968584955863073593712868243505478798992066845198758760595987443746117370873224303238292847
9 41 0.130547602541718037702284156352889361418127825042167164650045357880630283015709369849153221881366258507638737865615587479967757816712507196534808722836
10 41 0.107787781618782313801618975783664448142683582679191880788475118300834949647978659160106360285722233264748537290499082346689200244185733575855005863733
11 41 -1.41840735472181178215850156729959589389441716484618107035894939404019647493323167992758701509181607156376114796960589582702992926102213942443815679264
12 41 0.276252131146100370121783096072706257903592482696580641636953473112946260519343846217771713309594374588260451605348316745951494192329346095456222884418
13 41 0.0599076341480288326379964253489226021300777084748407793710940939584020769574420732724726605547776323225507711870537064724114744558402298103320048230952
14 41 -0.581228196208339503469264363884368607312483670257372806225781597552955800032207462774915059627399115038612045754711771993451966429091881085815625688813
15 41 -0.745079593802349140839630241311512199408010389814697385370814012747363711113332181841002809810779435864717692460914998882340694814892423201783551171608
16 41 -0.592840926444101661620802603226568551301007816551292276875911994599383429145313198057030652156730588390957933227345281835578753613307564576805208912448
17 41 -0.351274295999057732091115604691257318848743775870963646603819848603856321290197158398302602756879685730895859836809083120610213681716079067187332579517
18 41 -0.13477917935620628495996037837972346380398060966141222954457024234598268789845612936641581822422192553883338411970541039342402771647132019845494384045
19 41 0.0213297979569399221155546109900153977543383874800699526208817949876878224698139415779057756118399328135202409766831467536026535423810034891499116850399
20 41 0.1175585920923256458328916381401021714119574752414991866203097037840049814033322033594859484098021823696961236544302298145361487109742103017529387182
21 41 0.166110403799152318397812877743331582920403419322703175519079190713013376041907610807720523275049575647271345127753977512389052914748468415916768477239
22 41 0.180519422715885663224013597592514309710348934290708156724228715102012982995788484925264236362109656592579276620522831891462009170272271931155763997781
23 41 0.172130375744160089861260386872159221866283747803628610033326473597089322142497192323154367027498385854645561418788072526172254767627911935306953799541
24 41 0.149438923099982691655426949686853205474279702717293584013291354655063867931387916401265995625699580755427071654737428729771086297020252622049993353706
25 41 0.118432919050830657681667195377444059130981373275114318875183594803620664894619243046979533880172222646361930460349001490592489507713530009154759792553
26 41 0.0831688080522732532957670633696114297771200497582371613663786133046074391947718738760036371300567918840094301449781425018737315234940759384473489305247
27 41 0.0463087879245548580202123802688642976118752445377948128045810558576223176616873188524689811434454848831231172741915644951816133556631847693538174811757
28 41 0.00954512805959037024392684305147306467386562201661735487107005326790431500261269446327833757942215614295479318267684357244903806955105515136230257498498
29 41 -0.0260885823262726818459430167127617171128960062328655452897950078347454274026117625259532270334575238563581938424137821472349478609031002993160658503726
30 41 -0.0599979705214149984332266583744576040184875431924236212752514223573189338536322419946427588273697837121152376147920648574562973782496581524648232309576
31 41 -0.091876698736645421457847296574535478010157189233323294140960053974131093926411008993899915491085074325721908743429131138314733487525044570263124055542
32 41 -0.121603871883925364883706215835252735607684393057038284830340748249106480931932894057456377554933491817899128616070625371267813114580271066091041361229
33 41 -0.149175169614080052566132794232642816682655222864458037555212688173200761217926524331020160922846562601845653286306473872319988317925381176115729530595
34 41 -0.174657040709050058350107475320213553936099212133987823208728911605198726228415527556527237739994651012964935750240730173617083233926166945392426616656
35 41 -0.198156522832598833093025660510757540701482953567945944617906692830635896571877642463427122570170738010813677305124412300607592210929537416011268962704
36 41 -0.219801582278957917695511309482491763609703239449042452794526821991969940348129280996236610394487262791093007851829501773557846508995379469265144741788
37 41 -0.239728501537726908559466020353578946276531455958425582013791760591432993968089231557339845183939650821494830471404589964565949100129880337311351915641
38 41 -0.258073966200168376941774923868702337712073699434953549439421264380468462022615614068705025024584154500216822403519406118678474902084308321766086317908
39 41 -0.274970268082774983729811966417599209327841974636796356533039623687238556291714246452513979129821544771430761253167759463769518804701164884738573708957
40 41 -0.290542559790650390888444121359753454865634935553770664338619262082783295973851702822008564612078563763047067924240045713187077394356767289710087224624
41 41 -0.304907445976744108581037462993902922145005576998111243838308314571928417874700596125828474858576768582839344211161473065467514349265999284689925877764
42 41 -0.318172432610566272443977665491365995832128726685221629450064846534134687171870728621957410363748657091725646798889652754420688603861352294763631519661
43 41 -0.330435914684411177261368316713266243172414742966274970935653865071145211868778817008811445949909842421364449381914828289661848233002435449761355344846
44 41 -0.341787490014425922341188734628726835944286280608878542590270621690819703288587158149337646434476182499423270545423636067480569233415674491928142172247
45 41 -0.352308459033166552138430662955938798497038128066352074783498074864422223825221318679353643771104861680804395851237715103658081249624476380422227788597
46 41 -0.362072419096373392681418295235784758789069963011068350273454606913130339423814452012800098830665170502961876552811775537994974322173452782916142108743
47 41 -0.371145894501791820295029136942579512570450880137083479040982370033784188054756359595333538746598331424896341211892926832101588570494116412897925981789
48 41 -0.379588965307946177884557895558563189781673868290247303915533180546552779398939720774320761972618527945515943536978563157532548135874272089764756567371
49 41 -0.387455872634276986478441012607741386241896486352470642602494223440356486819526613496572602477147165012221093743360619966030842249056184714481507906803
50 41 -0.394795587780794961075335599075666700752418885517433811723590042185165398938853171257036041122882680054596016085122904639839102663959101377389337393913
51 41 -0.40165233882454699797671940793703991925954998600206349796803607935497880870412740529076365215028696058328505489145343901397194896004945509287791824012
52 41 -0.408066092417101376982273028092968726242281137917679977127978985271626847305681750893363174496085313076209716783654729970784115451147271592371605850096
53 41 -0.414072991059468593164825848378670350782539083189638158207903731751895412174463439843245932108586602738105754167307492340397979241109258979389043068786
54 41 -0.419705747669857045618092696168047537393469627073958394018196826225119532676567638781531896499467983499136569074902558105307996970842058057050741874208
55 41 -0.424994000126359925379966845768837055196509578458549298327163396095262388664959733334195508365910139556300590501657708280552547915612891645047725344367
56 41 -0.42996462889263307332067740961620717082484293553063805551469854957337817325515247668975560483915513044517017424615885560052329546107086483076702611751
57 41 -0.434642040976754462590228921793107920137533371267766622335127040197897334117915021145160956364151440265845301754327580344115480779615419970802638082962
58 41 -0.439048423437659413388397512326218348108355149858289848367670815046232266270624116674810044269807420947823453386739514479273339034658389581417516520973
59 41 -0.443203969510877569484518115241141102750404784204531257038668864016822284856186302162123846784296153424240725103731919770440951581005718234890463312613
60 41 -0.447127080223009968481155824223745915932623948834863618287649640691855444446924982286426404279009200785746251862948406803026759608011400466585614213122
61 41 -0.450834544133493794806866732715125214890702816818013326762300968262424461812076496100547105986280170991620349007927166000902829594549000840826305700029
62 41 -0.454341697602682771219353254549249020387190735690687425635417719815133773960491609068162107522934846361510772384042694956701887234052627543626355526059
63 41 -0.457662567749619716126378233398308648456098515962868343831235025230574442038091285936913200807842752549298004755133761045011489301060075671238996837731
64 41 -0.460810000038562460584984498050564088651674636142053799564404132408262763600724188547540362339014035641342335056900061523757945790196177713521779446881
65 41 -0.463795772224462896286057619914617742930238280240839523263874812543892392253256496829865136985419346000609648702410104748548774678801394966841624645727
66 41 -0.466630696196108720555961427373343695760370975636585015083807787422909767120675068160248952293357437076074671964887354371231148390766184953138065725079
67 41 -0.469324709082019670114488172999121848434402244051518376182635210133894003715428120387786445667992097504516216029452580559839727941310676469710768281224
68 41 -0.471886954828062373009610830077721437634165434382748044091361274796008760928378901253936283517704086735369068275834793615502054829355428730704631117101
69 41 -0.474325857316203464650580530786382896911744703780170755186314194540089127223738979266433512831907614819464113045119485468422372617188912916121587481451
70 41 -0.476649185969667122491226149852306759728899851353212698284764314387863655146788179383248746062061012812499279693280617718068861940217424106529599393008
71 41 -0.478864114679680475150402441570104708406009561538507615802691840253828306073302106631350299169700988243002003353550068818834727389515984555181290908185
72 41 -0.480977274791631274271918287665332950197992213808055542209898551068841609222380961542021561630850928190478926760065511084948220667698822655595589297485
73 41 -0.482994802802515477897170829706035081431550750444310211207296944581896771893007160674111821115560318481717018660558921137290673173051465174744433986872
74 41 -0.484922383345779552888887087943502889589012627950484923282268049447165931487099317673298742278885599725499893252879343330289695106451735500124040772768
75 41 -0.486765287972917600933903333674351817749911069591458793885868288890242626137580652410591521638179081415758207528052388817237628853890442669356859880744
76 41 -0.488528410182422246385138006268481418228473810976162254636380226026959035417982813703374115324770402459266062817496409258488396166365674756763639875232
77 41 -0.490216297094968388878652555053526615863387661685974112815220352750106665358644473797729145279836129045791008085160391620955634877573430776513456160388
78 41 -0.49183317812818735809333723923310440298341547358044812158064529130452793312358309745989533691735894293927348685875932071012943797240779116905499527478
79 41 -0.493382990984315923688760626678263278422487487629793939072953189929041700652025920505530757139172816225932954552864344308917455492157522536386588360646
80 41 -0.494869405228716247999113655548042230973957141571555453754255279142181448833863699499577172658731007744706419101164334423785813409472760785642084325221
81 41 -0.496295843706173682765937423797937679727781579371093911910254646648950803182586025392655670079239597652726891586004448681454213635828503105700212361038
82 41 -0.497665502014474149486197359675657805306024165063393387548819000158414180173875977686554201690006470557859997682951547029320517793137964806681102141534
83 41 -0.49898136623058938684989276432797329794440521942965144375673742721164314397180975689353399183393085877366235360990169710994934393494747093709294527677
84 41 -0.500246229063460039312657740208826969304148976819851163679871759610032735218077277593888547102494250443717459181151228913017371842896510600672036315219
85 41 -0.501462704588516093077507039503492611156182037180654003152906583174812351343495585350421626308276132967091620964994476363958908611419208238145929813823
86 41 -0.502633241702407587764115726289467735840837373554208620135423517494057108520753876394681244530910488214532266870079753974103974775655150591597044721986
87 41 -0.503760136421669947751557537910212730401923105005031433511892324528130766696437542674658017620980962064685978734396017140191976874007981648600696026504
88 41 -0.504845543135985127377797200692322764771492558047315440172550332914663418279246887900089610091276121213488764957638959613452596169991804189533908823407
89 41 -0.505891484915118647621315702216145779994561077096752501269155020780882814744517875128624854706917081604654807673323257507434317592951156501670757974546
90 41 -0.50689986295833559155434902619327369271971759227441036251053517005809856306231024337205380823460724096210971136040025834785409580234717515672213763965
91 41 -0.50787246526597003315738127775045268836623260856940715038772401864689367631840518010528385755742288058297242634622427028983145541176070669064210686566
92 41 -0.508810974604705914346666506733052908737719004836761069697868346332435613270390073426031384438867119485668763598790725792263134006844995512315943370068
93 41 -0.509716975830903699722447277079035807229811372845576723324327458011326523684628855204517241970525796753874010641289706051934249507685927560352930117204
94 41 -0.510591962629871632603174641016034331667895772381344192268196928840147664367175372777518837559482522571719735975688915918081768019184223667015845577414
95 41 -0.511437343723241372813416592266706611615386663936929999583213188363351220653331385904816072747253217239699917944185678100995275498554984705215381180693
96 41 -0.512254448591484736370418530238632312347885556327145644899821683500830522585794235892115030353866483089916680212681138974490854756913993309170456827102
97 41 -0.513044532754030506763727982227456240808285107930063279143823793245630828468096395147226365403553331296908928377802276696964944785308242254627954427919
98 41 -0.513808782645345737396672922187806439979218790036198995058458633069302909371481113271554731075532804097766254857812399508567773974907200465866886702537
99 41 -0.514548320121679986538293021909786688034485857245336209726394241280068735135654163963721850700735769519929013094143123036887198694679560418562939823958
100 41 -0.515264206629885430872529129581227603997483741219132689464314911514467583176430223073841339325236375190185036654218975871143390531543814884295756469689
