4 43 0.158052512803159740362051786522180303279384321488395884376627353706243719327158517476852831328374155139511045500624131705011127479371885802519966387111
5 43 0.0791766902157881940328897860960777115315244097387596480610254358411215613548872873314821251393872995382279791282397857105651494422238008098284701081165
6 43 -1.65880487546276216394647271996371889755011107832222054718830819779467375262725798409238233431322932786992554900186489019488634191932319137078373288282
7 43 -1.06786141721175127417252447990947164269429803284830292822569964837222143224528955597655320017351498837601451933778101366431983879436812589938516278326
8 43 0.599348056616585561036756305666196555239529044475471769991272104747993843269800281479000535186444597025505242441803435117967191561179978180168823304634
9 43 -0.1115778586515567275536046470954936028833473642300526349509113000343964673235829347692829758852435517745972056743381227991100994794929437595744606093
10 43 1.2403890985428553565754549385672934610689742166240749554429950049098729496775450859840780479460071037331084147791764133090422257552350711637261202287
11 43 0.818458426586259928411978469872849539287918519581111477662962138452171536824206896099735231372241203426794413754931914164307068128918269722101940999327
12 43 0.556437401714337757411937219931457091946825266271688736281662149726286660509145116948608698183704206564669228652344769491732870012349888027101758143816
13 43 -1.00084491662937537810373050822160349878490756751964147794510849790368461190876945976880648119066536069159685793808888354021408297170167067924986399933
14 43 -1.19474813472963620441132687695494141746259657839785621203812667303753268682056558831012337684556505979404349977053952834230510594311880265630486685391
15 43 -0.67742230733805431406339341499789712971323206139071715068574147663721573734763715885297723149231004387200059733974485508628350228458735360979632980934
16 43 -0.238720350841281355233614262315004237412371359614219740041486778465586517589542763597547075392608491470913123543428905968107913283846815591771914539537
17 43 -0.0445306378766626674036395327061876941503076101312669907568387889782295264068428653032793952635433232040784826085274788408458019538863467973813632814389
18 43 -0.0322074146578405840826720378551509095906387341431398473396317157995410739851194147857787372316991459696285040625071854333655110995229850712885839078339
19 43 -0.114783619592969639055064546645154672866048718182095099295259838061384947652877232993398624821922286505525070762442130520356301938372809102069225843483
20 43 -0.232155603652068876948814113986198113976054319578996735544577316686184001165496152626571367146044096901686302663658992652938190045391690548966338964474
21 43 -0.351443118722110371613057773908651451964797086293322110539616717690245088996529217545491073261460931906692185299844941333760966331045452106553101477543
22 43 -0.457636765327299417022653363228072058018150417592332758967074810164254369925551696788285555337332569103689686390852077332991349411519332749737633789973
23 43 -0.545650515650551963731323678426755210655738493397402643845616089612797373903861780992500213023765357667680380825666091375470183455889214382895937151829
24 43 -0.615303352481870429908773459527850086016201913700194780409796362547244872859869282010073540371510813151238615425767496836451981620569376180062508505006
25 43 -0.66852376347713181044300258369567219421827453076183845362253426633482638170948741201724053634222030218186335738880063007860723114209283940816746317546
26 43 -0.707915769588924535086202015247141010012268681013562273799457727683616495393009873925793854143486906538905120054937932898043291934782562385923082319291
27 43 -0.736082160035125679687680455055008319004557510298943554170440208354893550359293188088155983118446956319093370083427760802296039862572293288522103394608
28 43 -0.755343697957274455294289534903544986467217062212206772505144896384072105140610949693157256484098061243371285920969858107222106060181513784394290613116
29 43 -0.76765413858749366493081299577627083967731170730766958995488506933372876901465470396543408003598634067429955392958665385226288940966537730657578903321
30 43 -0.774605286480120167397290334589903506028898615875234051855388002248406247893932032652363587336948064554288035070675234012435348138193476017063717267722
31 43 -0.777468381468093161262512644455123747515967986584721533852941381512098302067792293080048018024398943978316516361250850996832419677455069895077780786721
32 43 -0.777245773175414226563472107238159441112168390530962351703181508798865915477670905182458271438178537965889619229599444854315352748979958417753351204081
33 43 -0.774721122159103574611485026696392516334563177011239454751568148337926380237001245160606846902493137004864951266208222444022534239443697642187250897422
34 43 -0.770503505628634505987706389680077693711778173471144038273730753565312999324708983178645790274380466695952600215848830653849014220576737089771178382164
35 43 -0.765064224524411000904023390200840236165471519177736166586897604591407673319399872910136105552233746520303070609729607015896003871230440747145570805547
36 43 -0.758766630371640861129710751285839448979069274979256236007821842166822283264634794004947813198792154957892038417297785032669070290395998601708990684883
37 43 -0.75188987169256745878528285771048847280578303019519678239789628499563804007968973914945902681488390640213493207856381864851445264360675311076297264093
38 43 -0.744647595016782414465530392235112720120896842543335241059027419962836304792785335993619171751439218546780556896049283915151568464660867681649703703673
39 43 -0.737202575009557784480375110328430799343015313564222302705462052423814309622041188868460371409330088982499381432132627031372702591003233228649501995874
40 43 -0.729678115275684296207836206851673803510202299009012820056121406732629470503241471853027433152514464103738180216960441565185933638313405132414151732947
41 43 -0.722166914041280783752210088301141358869214698712246672088060600540734544068581861573644792661582009090763818378718759056737429888823520219023076870212
42 43 -0.714737952270332925861066700592476663377760951144332526460420425866076391158979390157781537460677597078502103289201792338366260851642635429037424873995
43 43 -0.707441844780262484133732794128732512009542719120258297032350961328273816459787986941839283280407584227975059516460833943912032977059585557334979013603
44 43 -0.70031499897988265514517214550774153449260486132046435095798029905216646106253503095305586731107902401258313812940481116831126166386173574002344027521
45 43 -0.693382849151950712680789435207294606574495034061921471788608536445486821718604631106057648654999125070903166812621522585235478752061723792509925268888
46 43 -0.686662373836781443985395829100328984062650661851067952217371360851734664038410712114546189252718841421039678871739246008916782518376189883249766315749
47 43 -0.680164056826480000357313453108009423022261609583162559273586700555730784704589853524082842258120701548938649279987619072096305192180224935121518907398
48 43 -0.673893415832023293838490732356095530497105180062341074084796827446086748619728557820984485610768649770654688440154116414402180376980032160939304700502
49 43 -0.667852194747436621308138899219860009806177636303941160074241606008330688192198088231364347575177107711326002879289169909600121085408448937542580256647
50 43 -0.662039293749823846508027541413138021360360696933652533484323543361646622703910864577838554575890115944850460935722136911479166925476338301621120358382
51 43 -0.656451494769803459941147157948775815791413871111619853865105768560742158454568228028605717346240137263795161208671882202008954456744797739625130960439
52 43 -0.651084026995063671900339504144745149414568148255176774566712746355050247317027964491976328967749558476079386025545224346583397013779021629529496587998
53 43 -0.645931007141258145897052612134825802353716449742627750082058955291680143133832893591547131142788009069060748195349769595994822478965257684246972078132
54 43 -0.640985781555339617920653789971187119365498046993145969213471048343898419314493210363391655390156225454613080618748145357395500827036456121555928782407
55 43 -0.636241191282219834417503664276019210711555239026280282610157194616577853703044282952224296478539516534149608515064109933962041671339238732338305505035
56 43 -0.631689776624920141870859470247035156697536764849950281460858621912800485802562632445700104126208320749572171833766062504424934279586370204694522846108
57 43 -0.627323934154044286918451259344583217682287375817673446191662024715686016764872423721635649033659468213371346708379908798321832109130908277845964147349
58 43 -0.623136036339470250420566490391879803143705035926111905940064904196542940400574404243427578817285390379791640398234885079388273342449875980066810263088
59 43 -0.61911852180563587376645510340485833278918326141015682844513297664631290635484013518340957259140014130135724113140984460541735707666799147527193360291
60 43 -0.615263962513640412002191029661934349890960636770045938224002353378893987491306983773157423215687673147735622903137869960723301328384673793796407474801
61 43 -0.611565112842544959795087057998268759915813496234567120972552937719449934899788410655565955902713576657453611857068548403237188406928238217923712474124
62 43 -0.608014944497088821637751559498601491841891757663174741620398580164408970387430102036297566443399302797771450244471370876215494787508733111931968852203
63 43 -0.6046066703465673653387504617452192889688259643276165410841840561910915609041905071236621356268478341348122938046062492407448113363256325442915877308
64 43 -0.601333759651147134839700443887644624927850315128040100678964320377437306070818291271474311236312280040991257624165822272364176173243229274054925034414
65 43 -0.598189946619691530155743144651776936192613630949286223321867827114447224347892256224557194543131792448341544144325296079113884229000634487267694171437
66 43 -0.595169233837923494784232551086440560060424499645201190846501115184202873025991006996428540832030309170796464511531924437106354047204795237959356990679
67 43 -0.59226589178463713232314719618961886615477366201550555559133027660062923744778715789466179707392853166717105019150922099931496222132495111144403639694
68 43 -0.589474455398874648718670038543766006009618159641242788602856923771051776151465320417618363751958290992421416535809447320643251987955812512576202544811
69 43 -0.586789718458572567354772972226010377586913988264945075788250367154625111760486451201541708860775756658323379080123757000552190063545513364184704652862
70 43 -0.584206726370224041645593219447654651336044822971043302232032569660756118977957563157068142112979554861077134624554938011589930623731064590255914845564
71 43 -0.58172076784101394269051868212078670176294945927788395683679756795027673364486588688731234224629277300631139670257348770907147656969402125503719584431
72 43 -0.579327365802895553585291477556602716481564519742850571278691493735075849371556372986311285315336784301951675014511212869003994320740815114667291131614
73 43 -0.577022267876852512357667859105240749304003354597406488817449042704881928939630046492191612525563754953490525315149502968872864186691895719915649608474
74 43 -0.574801436600903605049530421610480193684521670922183797876098350037390967433516911143021063265273286597197418778593929790990358294969454830071146934342
75 43 -0.572661039593913827955935195787466794378455107822353181914927280163625156332530852731857345346923647427435754289715993548429726384466968929531214769119
76 43 -0.570597439786314939515758773216315835091776179692239333938825716615822847113433521866267128545845625028988554762579264375736533964857499049749102073544
77 43 -0.568607185816298267242105119603345803244929776418295341887745952698116801564845892310919144757721664455623737728363210096695730006809604611808937036919
78 43 -0.566687002664237174208066945636732642999119092299565195789349065402546951740844451668708116700571662641498111477666013830195376373091657801602963822772
79 43 -0.564833782577681847818593009351868906458441313701370805995579160699005593302045515645013818078787586621566109636402564267039907244077221310070370653278
80 43 -0.563044576323170380972661088192503907158130259384944636119937228096651496387605579759884206473645903834449816382951362356444642053219422753012253133825
81 43 -0.561316584788457464225343053163514846147791504482183961615436645079441241434204293566194876199492416449048894535999038789457016133964593037751775876854
82 43 -0.559647150948886268704953641846032088828446146341900564559236709726209178054459071589142973100513270324423715582281318429187052939209462033327621641274
83 43 -0.558033752203967473374268590329179801813695036739049652659636203566233042895399540250453294961951172411067067767024711008024342201091880598438356654764
84 43 -0.556473993084338021031303394784951747784266369571158097010587430284591465236769847174144067393995858067989075591518525278601792444211465933650289424069
85 43 -0.554965598324794416631200672841859659100978866931532673394550104077956775805833991598647083474272721616548064440303467759036160869876265025535068939868
86 43 -0.553506406295744444215319394204007047157844533275539171227094596790333309575152511570388919139693192931697559343664450929321754339258513566623818046845
87 43 -0.552094362782966410786086749198244421862522408707329885381311413183090239830729936787718817482764662701785380158390385598605219880793691200782219039625
88 43 -0.550727515103820849091772838427633733224547052270814852019032912194082797150983396675541874571863545307696980086682290637322316874163817545464500501863
89 43 -0.549404006546876724848805797699330593568382671936859335891787246727422207778415638450794338930113855039560288221016641157127870181809576294979719286211
90 43 -0.548122071121172513281831551355241311724384129733925032094584749244106834042965911816599830851459374479035888793354785446650597614978237607910837118642
91 43 -0.546880028600935504362810111940139882911088007196706373760719019855140699309626058736231521890555461099581383098602340501747539126996428908913087135206
92 43 -0.545676279851452837178924908970371835320634893952462284719745986464601629481328424205238061565828805035921389893977206278474705731839953848860128724142
93 43 -0.544509302421862862423986455574626092820097230601202406755229886215134715914224108902056618431096125425303266043968869998089171429243068415767613846703
94 43 -0.543377646390865687761149879067064721173741364575672120515431743874190628871822348742280910857941793632035418291667018319787018585958792319113951620115
95 43 -0.542279930451697381788645209913404848868034990957709374992198609626627523921029801565741124132806416431283274861881741365553165314262670359721773855204
96 43 -0.54121483822314159278576527539575332208123507631953295670089047369325306933987175187161551800805925668779031019302182353590189556513030353097147743606
97 43 -0.540181114773840105013378294285086909109168464496903051616802172513063963790173836481724743731187492677678163765815759185088216465957495841273914657141
98 43 -0.539177563347690210249372140972370120774825458850942448842648180331773010030567643275632357262118250414096847787278538833925696380756801891316144026086
99 43 -0.53820304227866607539385595887479284937104973530407985958225557163509026143845253150818464679451352063357495530628898793169867938432218498275877029884
100 43 -0.537256462083961331648676914854476529201832889294466824207649675947269607012717058911219446302632443676353269589410710192848427752727960517596011059544
