4 44 1.522848326233130229660227474101671404303946346236046264964244133348085900455251945810973756780991970681676478166708004048504330105336530932500134047
5 44 2.82937606738717429646067245051109532062026809514863120505133715168531728963898977417620758881146775323069664322575717609214715413015788633706134191655
6 44 -0.275654300735914699441691068503310950749969006425728921374582528858054493407313376872733323015363153524803359749085704510470048610729154818555598482344
7 44 0.443818776113343565522894749537328126216676749325283561892407232449775268666433372746754435576344515148278610733151495275590866085143908995055559650592
8 44 1.400602937754545886209104539579715066180237470139790392120351617031673364555089757296060449898105643855247636039042307749398632280658883341292629025
9 44 -0.279843235809099153427140087103449952256833700023548482023107773552745946630167838687160563418987776382097384183235829043727220429520490322742636383735
10 44 -0.4448630012436194897805881616192856899078564397213232007652321883192281693765258693564401119729928769829994263834032074968722995040794268906991794207
11 44 0.10659779965805067816692404978115774995848563540353683624422854149645828036100200358594797773269530394063965778495569170301046785396490648006293649938
12 44 0.851527460765651996789410463001630700727414712024314110389094175680187500884890774166154289901049992402403939696446395059464394413897997023167677358588
13 44 1.44490176885722552852032851205479337360955388122975560113826083781760253036927432748431787246258107923753170449685175622629793787837400868069147036937
14 44 0.522529485894854444716615712872102557733699526413926133043779600093058077703894251498741231851003096195003101165665665020676474621972219288206370423057
15 44 -0.434229283575331833794831905855715296122476197546551481033250613000621685801301490593097064135769177348155739173935496125070734831382125693680657792945
16 44 -0.839919433328064239947993514279438302187997252171765062047776865361147590675595145933255976814170349995711008285944823827658467106647425148776636959962
17 44 -0.852156839977763735885299972027920761413577561102311314035881157833052087619355017327996666114067397410765022636091641171309131191678568632554791426975
18 44 -0.696558262480875935353732223927472644172303897510882926647674443249600777758816384784033771069364268774009998304163139871073007284539492758313756802028
19 44 -0.507476801465133427883999239509641055008012488892506515664937380735198876997521963621968329241779894633036878196113758212762249473865670587711608524031
20 44 -0.34300356995600454255639610689227392104931566229134792063577983953348394814728134295707448047319872968565073233649276598928665139327361910364336538476
21 44 -0.220037796836442836561840107567596027450419838186432508773028364151785280416960904218659715278861006080449311350055014072260148413541315160790257725064
22 44 -0.137506162678985843079707223098250625061439298426993358528453170673631635841531688612482516837750281484494396633086181214383949015255112276310296788916
23 44 -0.0882072163684220029814491249553488562559375127392492486021756255488439971945343282782560578793207779992001781982827530774249274718463158479487094716681
24 44 -0.0640136429282587210273031251958267833894131588808349753710889012602863364372648329170714693515553079193058384284268134371530225266551851422752498805883
25 44 -0.0578044518126650462165990206230904477502812359288145363355612786434531379228354371464697325361703098470049794017771492925740060136750234692980278439254
26 44 -0.0639530256189263970852001951028252131439137280953595418522591232575293285795541927245034677055324858944934592739075836971226725860764698256300449565531
27 44 -0.0782496748018722235916866898428072356009705508927635027600761644912971051720103322109151982383277089565101022871537948433986507242784435706559657847941
28 44 -0.0976486103225029830037653773089853114216773625297084851964950384512555634761120393801125566708008806033513669444093599118525849839746689014785872323548
29 44 -0.119997576334560681927894892679392565735561853303303448286384475985779840332780767878261622842805928494073157119567834540250668505141889745726225884575
30 44 -0.143805119316043843012273562367042775033275109636636165967981885233802720053192362078258512538284077370693570487207631843605072355416032313555251637895
31 44 -0.168057465221895230192625570284258423536525826737628355500572142035990952297934192826669326560167269734536662167625760623823594246272257211860753694469
32 44 -0.192080944560531475157964142853788302312608128413946641786452896785316813372144541553749560659907406573587732657667565536720998373794240193711231581763
33 44 -0.215441327922269529611949937184601038592321176550762888995662529167524195491517475670058174049075065625023897652865339382379059824786296645678932894221
34 44 -0.237871337728488963448068835805127004568396190213838705758470236463191806608348213023581284552382371875819494979978736966208553569767694203154328086943
35 44 -0.259218978719316068611290042625626915141457503020737292969217600877344109386905556753200699377553547669627847332836847649683643169935065405808142741463
36 44 -0.279410961932495171879672090760206638681393734513126020235895359494765772409298215792557638053114023972971649560026077793409817002255222860944204597035
37 44 -0.298426947692113411385789515164393436133215135284583832386811958463922230329858729332675587315872843472572701670728357876450532731822125796759916737947
38 44 -0.316281490279086126284718079548680006290225255269965384851005115281140798083885684308027032418477536893947924274462853644655373174395968974488273174612
39 44 -0.333011441926328391071947172391323163891366881709945486963479281993866826600139738755845693449896011368875176794462334551688154239093243441050197965625
40 44 -0.348667216152222947126357800140801264071946431882976542846829927339376356579237353633078491125794699727480624981958857028018488291458730921514481054968
41 44 -0.363306774049168770655220314103045319186473376495602863755747469331732071286432567161373019992052665829300221114026467603664573561722729341964820595497
42 44 -0.376991528396964764935276553624968694614545656557493402842906623033810466534513139148766416356988393556065782833210744307647179476707663503690532316971
43 44 -0.389783595816564611329481614521518932033776873983358385264741279362261240901058274984341446935004087524641679037815523302001647139757433804611998278193
44 44 -0.401743993894644148937511398602295082795374466353207449729631323322841230428477910950868267530139000214872646570751152311387603099106892131568809073685
45 44 -0.412931498166677305823305688701263627212063843364857740900784595762309372370860524833636110669409673617620983905083083482115416820664961512416046986356
46 44 -0.423401957298626133702293700281675664950882903302767240189421850806535295187753683363637428392665612894696767669266158976108436995182227868777495847027
47 44 -0.433207923882826452723737020477121114148278106822565036502820060948393796251797510264877501094227151621831479245705749686677837629109268702343014241934
48 44 -0.442398500121942834061141093085596825551077545823450966938086220879877985932417408109311814211831856755957349909781384783651026260549057186092979488886
49 44 -0.451019327364725874620265567776683342563711859207067287200777159861664858322279604255946490177340592274974939575533476377868619449190764477157877321102
50 44 -0.459112669536210075023252411793368207993254595382261586757562178919975349033979851771503430501374273189650562124894160442392911072747442877655536944594
51 44 -0.466717555480700808274066822125136817190800610126719039387647858531550146903513912236135754419510244469740619626020659891916954823773491720336510834224
52 44 -0.473869955878341611367850429651631196761269791203393069813501728292125527375856587643641039354682681091814631654977420370125085994898015506035795009676
53 44 -0.480602977956560314411136283924272253922421701279505303669073138854185520055683334231851698346885259167228290189387329871205453322053225868081308481108
54 44 -0.48694706658274566557982403886791905678914806260239234114893564187524086996384033627476151140653910787031387862446881720079448041532420419839718450724
55 44 -0.492930204123485527280787378017173148282567483953615832055391412182888374963608643743387899544429306690228783973789230240963718554470756836488091429764
56 44 -0.498578104136438489483702849505984513213556556474188140993717618079524859382578727421312700042021162976217224896085889033256497129029685637085844367165
57 44 -0.503914395842755298729824633755080511098191342064503310693726736902873083083090216013056372911419311003335763547499722670299838715024086954616826399838
58 44 -0.508960797639088155809480195686890456495643468904632242053350707231973886048700229973763208666323283663098334242535670164460334892192781966623085560385
59 44 -0.513737278811947183211796698580703428406018272390216068513420983467910996248095430581962557369331214603350780105647810021065177393858493549403573536346
60 44 -0.518262209230561148124625092420152642329033837235827891199962199206748732571471631662720643693263601854552981243674079891945409872291535985543973577538
61 44 -0.522552497201493239691626703376543793323272856236723463719290969769698539371301243024606139746970528074391028556761051004888109502583611972433366766358
62 44 -0.526623715929387864513345729050301004160489896752031259180866646887649405479750448423859849379945833544591530139990527152839023206923772300730461750784
63 44 -0.530490219186713480549844222351003759923037011495860172214951311636392210420833939536254089215168219109187599805880670165369772259165292611598464692215
64 44 -0.534165246882323022469996141734353156489063740574030001589592522575416130691502312950256762258888347284687730153514663862052918995950986406086493240193
65 44 -0.53766102125637274242192052557662085829152166730299758920891644556829581740414587292861762368685289485991630709101049538424730735044011484330213436437
66 44 -0.540988834433565825151435607496751219533307725614926146621479133748915252136749607919428254848800324121607516452254191280846526135471730342540612406042
67 44 -0.544159128049178968493337786557610023446677331100633570216578229671576585176990493808157384166309139919282526880494516492280652006899069294691900695814
68 44 -0.547181565630940127592317247706091639875638907285211854033399398606775747412695235988234642936493922554549593946934168985745521977378351045143458074017
69 44 -0.550065098380218974242172048191856454272124874730635189732355610571779319385636502617739711846344469966507670347529602433535986902771508911143348786394
70 44 -0.552818024952113510974032917615362223384397651109452976072084758966206878511125105201497726566243632919770375386826493039604740182197260662905180640853
71 44 -0.55544804578857486715914355075941721536690530804250010904760777671268806313726678593011622162765781050434510417232247987839273751550021885064514195703
72 44 -0.557962312513528817108051361299929650119403776107036036092232711020161941954843371222359020853835781254079067086623417581212460457421800995828118796282
73 44 -0.560367472855215120813621847587683832283849245331190846464770165106099084499593487067350605256350619070054954856890817387102527237400157269022288885417
74 44 -0.562669711519413410258926956873046987930343849269970170758910851202353442815484690156113775705493772715437192902001153916785398948124089639269694556885
75 44 -0.564874787398280176523827293728075780893032021032569501547601885251672603719332902662521561747113863679103116121355213794583885110255602514002684517484
76 44 -0.566988067463389066539388273315779164731156901985702814968654322204793383828940495400189934446584277088358135256143618029971853697956009269083908241448
77 44 -0.569014557658299703396511286736349145145723623629374531515941117877353047065149211335551058225977053721848552718410347401362847724560121555758942199028
78 44 -0.570958931075531939326002934930922820951028802079539370052345076866973199024963910521803575217441696914336087739703911457633638293385072518294686650371
79 44 -0.572825553675081628864578912400700243252113653385052008167390701518870447594031890531132147181391425660828588305850096995784395471545230213974625229038
80 44 -0.574618507776430203121621997765997777940591602304256534731574767161589353535791764001028502381605331837115029833635909459827622070294867839047145791303
81 44 -0.576341613533201563525957357498744220075380143525540451889852519910784838849459556972302321905916890056575832770132009785430038410690756259091006401881
82 44 -0.577998448579024925595388906100368905661275478052486668323946893929600264532819200459468231700638789508302450816032928748613762771008359719466999753821
83 44 -0.579592366014589227013462385801673557574094032800552012133269299067442918113700186463243540174709766876063703918764732729641008558886927857968155156424
84 44 -0.581126510889146264635325461370572135850486037128050104622296197278539471971868280000354879489721788100166406992232161153880417255104494725668335772041
85 44 -0.582603835314666742714889885404520354506250264573857052351430345427136852273294598671150862864867158720165153528751755115364119459135764550721421745862
86 44 -0.584027112337317079137266208051092876341399307863272257640510839684918963685795988196743161332159993167847940611823816050317507234181765612482806995392
87 44 -0.585398948678757653849527551348987787125355967841131531189519235116019432251646543658377323055094737823958693117035347590874545211595048348495218333801
88 44 -0.586721796448829441108487552001693396056206824493687872941730282003739597172453847750639722993623114505180710329821840774547362066238580466760403468167
89 44 -0.587997963921371519051665708250671726823966480446840400233060846462680598682045605408226570294809079607085035303934903122763919997106430130530727985458
90 44 -0.589229625456083898658515142893164189521407138141579853360017139491438013117777491948081463385013197171096784187963158184343075390528616401717122141844
91 44 -0.590418830641416199668134403764672856353819720619676141449026482447700861354788577182088877301419530397497452751820786555044891360336860560992027852224
92 44 -0.591567512726330603838505491595695901295748615094409211240277714295594217369264256680782406027703982930208643267009626609421884897501881223016763651384
93 44 -0.592677496402374107609322964739412737982789204968840003484281719714371687558866795851569652690707763367159493378006848441377037615410534710992364415278
94 44 -0.593750504991725678721887917544128112327405326659349097286142510034436970577645524044815276667744405386757580071102347338914150080676422607126712909384
95 44 -0.594788167091691480760869080995834996525838831368430022646199266652506183971257396271677302106217386729934572759772525051958929959496203519630126766764
96 44 -0.595792022721445821281189040861370562623603577418428643177921354206796367768418575233518230153223658040777530237156103834053733163207200200985445000866
97 44 -0.596763529012603154537561730481592549150801006049378667362106580391592983050787261944007590177054809144377814256902100070579326822002994764902597971831
98 44 -0.59770406548140925012775697276963725736185436967044689012021630484706264387266017351019821451197935720403430045018613299962683548796353366659039027938
99 44 -0.598614938916914538656165466729743619683136551510616403642021604944554482667947524426759569838556461781972005877888730141901252839327193615805670951789
100 44 -0.599497387916401245529893170241554650898492262517910975095206181094781310238275022606979864991027161975742754502023555501029075604507568892372882153349
