4 45 -0.486969847486384130424742347507014111843480774268572440457881848747219187677885182114991658257952040079838007854690967460330177084469847221192702660823
5 45 9.64610238732661100586024441569137658934540051696806943490460747257889841588303253162602158488924108406127102257583404851979270330843707815426185311178
6 45 0.165515006001130577046284304227150167388459869072645903793490091119706369518193391938122645525951506461885069426782816541077904247792310522708961501085
7 45 -0.347175713209069877791747516362001692415123054885243521412785668343809426998400628676111251008357397659239048899126789788647224140440124250519454491333
8 45 -0.938632628767160225396724285989888146149898283790619317299782038994484753544377520533760438959962978959929782503079410160741585980302305406675889535968
9 45 1.52620250743514295648911691583708914213540832404237325230202655140807450947345576702775263887038169960910291350221961130450196342218356700318776566195
10 45 0.125426421806102918182007725434164400233741071115060509460180880637571421175188681935422948320548464911471306238860557045292859359568786228195476588426
11 45 0.478469895957850833175419241505052480270444183319744589404579307582253621283565825971685033798924246957106586986406833601605104909382912169701572944955
12 45 -0.177636061599298698093576548895217334570882864506756417441583515365272849990674134688231260383781003308316179497855983310333857898911157028839079796563
13 45 0.137799552370691767420276431940923834971338603204350709106401952882580537510180329078842376174535016817395622776489382218127936093107980528743389910523
14 45 1.23915436911427015046218476297249521710677480332299457990683849521541332219860790792621766512972338369434033276514900559568180295083730893502204665542
15 45 1.61310275864080843208708880852803819609505725127940115963162560386847540374036469429014745934170905842201626522641852859883288736066908281775741775686
16 45 1.29068063537752420660059536687452810514298388547929490968005107689869121530767431008183219128736729518613896032089637211065985316008200056517801205891
17 45 0.753387988939155461185093545198823320620972844255870511677238701427802153751967510605417809125807076347567665533058422807869082597114511945551346062417
18 45 0.270964904610899102724862739866535654149153748065426261108058835420245894305880642527014985157762564127424353509835066945843841741388783523325685455573
19 45 -0.0771550405439207380682586064645018968542260239900187957132654932908239140460454973205178258684120202868553304175099788385966421047067307945967444806472
20 45 -0.29691215916509836588465825145467110577145803377030425176702035064109490858865146407735661014173221580459243249050106140799268451103875494337437381663
21 45 -0.418954205745950525568223468256034605206034044992024657705601166311551079363254793890211410093151978602233893070980237326789066132151106869037759930983
22 45 -0.474243622952465159270724061880175329538667529988366073820234812131660852578036224421268329240567144544849145198968200233393782584423046183790033394156
23 45 -0.487019404630299245325857275712642439126649336909053128276077823541611866029137546109077343231978675682830739058774506859138891431993874123773524268966
24 45 -0.474335922122552174233229742407043689870139218587637223077653834654669069061386432292521882302207560459835099441543978748309731453456579712471996509547
25 45 -0.447507447660132150764243840975998689864873415271221805837285523955450919334299293392648798147563081811462973260247281777659877157765032350071011681513
26 45 -0.413746417865143246141607924229415511882488587231075388763182255993883378532382240902071859289543887297985643163125549550112090089189699918126396177395
27 45 -0.377495459057359339663407903450291699876610411567551116419550887149390427614256937416517919692604234562168137633793973746121438890490603751853994823268
28 45 -0.34138891779197231865315686407789630668980048791667748740960784776129235439714203555717603006802117591742232163635746017188610091293677531564495282631
29 45 -0.306908138092725785455121146243224197851774364500631416083252423043254370368460167533576235800952894734700218502235699188652255588789499626362462842921
30 45 -0.27481395495293426229172058154124887944619187719029079035088746632354820740329750334948863137551633166546526127565855061860876896486769275870735582194
31 45 -0.245426534347666236167014310696104147536854424145495115357968602513478448817288229247902867007131312080962939646530866691125300831958226195960427447064
32 45 -0.218803913991908649305489231484706903479672888153656035553499401651907933536006654636536573784637235421250400596602386490304097590616603638421811067747
33 45 -0.194854560994839387641169702052442759047864578116048973989044133716518074439560814180437660710627352155228138430396517413631081787556172464644646547081
34 45 -0.173407446430868799257962002618744437209914278388647609161889328600078732671186158453620132332377022467551435330349131876752607791566146161078962098445
35 45 -0.154254988818845273907499065672192345694524374559017434662516346407129495165948921459082672748786968239050021578828608085151967139384815470788401228024
36 45 -0.137178789036842210842100595232710572813829585849626256101959880881142756027872981242882132195003440833634775652078418868548996464701479009672219878465
37 45 -0.121964528643490036113499122816608901780511924988789942954902666406224834317542815238227657602946832029305738202229566574708689415477555911436553775059
38 45 -0.108410105920175308427269683652509900483165672069980618021058125629209528695023053497680261503377570802589297967548346887717574683559628271611352611371
39 45 -0.0963296056292780784455562680165160556442771699641148164604994857202384286378886770559795656505970820228028419442272890832837313064007033340067516594003
40 45 -0.0855547502886355554751149579018627377891062948096909949051611415021234830970332723439366942145499761835910661818205453973893997774825130235863047223178
41 45 -0.07593487365627539237306381257504596937262163770000512757841014221596301176209835853273581902443888277660569351805706715075539679027721388458014716555
42 45 -0.067336068905834904011257034795413303232814024213637829365901069792240954980318101046270716971569751449151638694908060208698704368251741632887330409633
43 45 -0.0596399161092427083454309347837130077213008128196002019448460062686477176059131900506034107592634004409684947286678176757302039481103488938173713008492
44 45 -0.0527420357679706426089066637531445888371268183482330841911714583501760044718760673693053687206157697749457749588886379429356926150156298500849924272153
45 45 -0.0465506149715593502469170029947192431689207482512418753721056456993504580181083954826086915707436014931054488129984436538229920082338537367315627207687
46 45 -0.0409849896135471887061430407844464067754958882846376688655501735127969616071075349041233891216885364999516104231534541096013293493801877985020642371563
47 45 -0.0359743266703514378258503675864956330236131611974582530916748708149889753314449447715933381187724766990360341439625977882619977796995275420712168625037
48 45 -0.0314564263035345619369450441286711819403688205308233616355663782409528974149809843192486072002211571804509250977467343228606734247371327755014534567824
49 45 -0.0273766489805949841558036294143571688936424120834229971532176329911378759295529294435680407346776162360460578983357846870265542732120475345463164796209
50 45 -0.0236869643820341391526738715157844216621874013693699027512057090911435197148652815436390695576258987518385490509816623312634776388024685864999140809135
51 45 -0.0203451142924209719301274208671268205064263633947639249608622735381127425189287265047834281919656762634412918884178104495077664226970918390594356465383
52 45 -0.0173138794941942270063102896149220098922901895260246816007340384010626546815516406921105428215640003054838818695100493335198185853853935115346156260782
53 45 -0.0145604399550821955934375493996836078114670617784418223890131675800075379762782281773219279740346961727328022507711408748115144805815079304080276145177
54 45 -0.0120558177239082885677470793196724588890022018210184588634358242156965673098521155952448052028373916237023030372098825495206191098723000081571057700904
55 45 -0.00977439254613554924909334720890471712493409795892655022073122449269221594728546381361065482110807955346122626154504358646205228328359251739677987532823
56 45 -0.00769348104307929961566536266278688135079549208834488975659552731168108373216137270420851466048488577847480338389639416973837849476240799082850923507704
57 45 -0.00579297122229225801121498533238374206779302896399185294074837706870224938004644918049162846337887144054024063909420130177916886669194093273981734966289
58 45 -0.00405500501500774492850013745930800112865644522363778784383368767883106528921959169790624657015132770910792580269942761173901377081559880225765315654226
59 45 -0.00246370242092837643799560507686287370452065484475221267166024438546783868873720063388364958891513736623008251380380616817590627707236924646469139126523
60 45 -0.00100492165580459826251770584126613080762864182576979988558492748338382885226185676479688613591061612887570991419614923625730355425652536327220972296133
61 45 0.000333949567576167750426903698909084049941573742251522947002373999584866840988954200338857659789539845406632142893095615948360294957504441683782326315309
62 45 0.00156417584117287189198558455560241461654241014151185388791537219077859321674568239470550306911934328981046018735656224329582383987081935505271635458031
63 45 0.00269583258818423305757604172229513473361364203735510653894262782662346575547052402586975276982385484708824828297019862311071222189768480416441120713441
64 45 0.00373794445518089476719470748270045005826824808701301472908001216386581089066744084091597934968170408885014828142218930571437581864174769623072261748827
65 45 0.00469860627609506231021194899247777561830677969062096414291249506323982155980869498531050801925612560622871463441591504751806429087790828791092160145584
66 45 0.00558508893860025239390211304392891341525671469879075799558651110797469247316619800921901598313763462671278899486614326456951520830161127494394707254285
67 45 0.00640393215965783606675556534572778676175823172529167236869904595854827017544314435367612087464925607508433261450188126474657696918091888912912240679104
68 45 0.00716102589855232117722611599610020428025933608996692582674149972562772579635835362351820697175114971057544829451095191289880544696226229346581536156686
69 45 0.00786168189655623587322519784558616895051866728343988940254670288903755693560379475449497736426553979211858056462626333163963000984417594475372950015974
70 45 0.00851069662707815488507197894116760742431788407693171686127664649352727449276603150423418607810436738227441016777418430319659499038617615606488355114093
71 45 0.00911240676401456852431535383439617503243122026330242472966345841877294345869706619055472579743060245731589994414009535830218449377570576729884030818218
72 45 0.00967073812491229519777435533016540568209478501762767750283577616671216389749490760172165153836946622715791755260098283311977624196465834353245044052465
73 45 0.0101892489158690513715426717583317416712891097320437601538981452830127373244149770927920426987418074992318964218394261440826361722657703113502765366628
74 45 0.0106711679937656328815039889589340122028447434106761766144024627340186739625910454178673616214914600806862554468497151292215391829881702611033873693907
75 45 0.011119428765779819853509575182692755856733304373609086219424703648001101889332479088102748327640042126808793202963869134224602011497468156111664977847
76 45 0.0115366992639061223781487559204281589946774220381194388665840467996071536489898134122412049910414396093241066985618468347508746086340565020527281506787
77 45 0.0119254088614532179851872411145186871883751731208045013497990476189754678644674373297804352436989041273118721920110465905083280528646005314833884385581
78 45 0.0122877720375530014482751368420496306749066415357300370159118502984511005743601183969323824589588793227230639814666101290321248339565142562586370932565
79 45 0.012625809543176050453042735310828560040389090009589221065674414346437519095353910307710954094848290551239045516645471020953712875607965929483287386372
80 45 0.0129413672768010786353647630546987736972107531431767003973232347704808270553549674276184931047154615376045316753365113217309489748960904756824038721111
81 45 0.0132361331387016837270841074459267952441528882453835400661994404960003977783059908639052333537262512941035563689038712412798210384517292525567492318994
82 45 0.0135116520989151537600746474382977456909053695138937115479492762399653773452687871360255972627825514614776093815210859057906304535529662059335119646951
83 45 0.0137693396845970991173479734484021024050467940102126072897464141485306728662783084421249610066843760958844029300882923780974919190588016360415960611358
84 45 0.0140104940670038449471592987168514561624702917350029198171506017323425528247825723575654385093192806975485864943397062698328528894137155794993095411634
85 45 0.0142363069062367959471003613605453969362247871342307205651438696180280315794016817836555388402818356821962987934496180071171294834039564271055106473587
86 45 0.0144478730926636723044455343169293468139979891924788554491851215284278991958090436177058250676241926225802070566241587625149258885354668614191268259268
87 45 0.0146461995072023794575612264898006312493927498268027021546944510600925321003809301240053477774220426396389347794323209241852705055028375228454382759655
88 45 0.0148322129080734703766661870882610246618706932081154745800573103059200030779155946008088056854312803251488939193537926449760727011359442741705358863699
89 45 0.0150067670389046781552792967055836641965116969864424092331871654955682744418989368421757451341088232773418325112677241566203012487176999938402392164832
90 45 0.015170649041955414185360744703474805116663462217623966000180696876353659851963855606575335128185147577834355504696265161889524894093361393709478085713
91 45 0.0153245852505054537007127303555379284900832378000202867364600715620434755245844626929231573505019087584129715088448354229428633513871385635680793177807
92 45 0.0154692464259354965317230406840161253586572427577705501453455562625478504253994006260506395242227385038123004093413203511687258261219157854757891929712
93 45 0.0156052524975589217476089649845095539980343423755626218628077429939611209118857355146684777455889752724610818121907019110535497283489365621564611044773
94 45 0.015733176856706913866619315074970189300817461557161376419578609703292068433210210620249280624104897790669140639251129054531969831864782070146037440628
95 45 0.0158535502508051361354720182086908432982901649825705965664342603794110904634831241581669399593836682501018798887046689938495517354108087449166979348218
96 45 0.0159668643181073085099941600611025504649572123519285191818307649278026394331304757228459216027128136819918138058593758020881872576193287296376194248813
97 45 0.0160735747992812872822649299013117233347675402542238878495812057691321611461788693169552804284229187576211618396811293953215479942888981818888387767834
98 45 0.0161741044581002753750142260680277543035106310434167874666407351805985976213083335346707216421293196081466361363158854192628729429337633825853305560952
99 45 0.0162688457400095411199237418047536321388929927527480209333028106093718728923234632669036755786706943093010226303380087818178804426298643273432632454297
100 45 0.0163581631942601729341489928470027673102566358082447662291013824580737098470466177329966595526875982274965137247013271731211684812717220541922339301442
