4 46 -4.12594696170752313536247857747098837446333221304021979649212914136769857578625656462552140232202715257478481297975096835389147722386886501485586132709
5 46 -4.09169175254239258001139693101921171309817823907969493466337308843486992463048481737012049811323488244786952553910552090472997518672106560951997722027
6 46 -0.061249089259265840254838190482473688260041114382760603762485504329237358089917992639528449248302148231059430600555704592495329624501191606437324404276
7 46 -0.496516845648826251183870003736189011142231980998739220441770352296454575937543555721607780596479106168821333535784552927385869600760631617009015016052
8 46 -0.525962550415010237865933835642879310712176311257172756888192638535452264127455215558229991504680914939632088400950350362551007532095680090957445638631
9 46 -0.0232933761392898980692110480093723276277109198196765517469464630130350429169188068694052777836499835670654317464099731442282346206436386176478603996907
10 46 0.913218856498264626926991165454186385124848084537404282939362769958962459141192540213648543661568221540966247610870309985293679983324879466116991852356
11 46 -0.697595879061830898414413874266794579722390733116544362882230712173517120443376935047137046660183960464608650019311434935002270010679759068648161938736
12 46 0.374309814109401499231666576659568723429766298433307669579178286546943083476368128291679457487120790340371985287044773370415022215133470006757174499426
13 46 -0.120204975607679150569087087705381310363887541416533040271077205582350831727999549019376978410287992079632456880413899867103165671969250731694387903042
14 46 -0.612323684871183771123239727578855534527408616107063864288780146520031235805465528675400143742850868062599761437674084829681450334912375300688073215767
15 46 -0.169483725520838010122998068639762460303608674824594727151223289246325798639822476949703285987894274114944331637130221891289810932099521345198972088208
16 46 0.609460136883768167130162939248677814203922328752539324855431404624921812881580464325943596581661487619052607489577800302478466577281744037789742878613
17 46 1.19937166803607014046611384189433321307649133238340203514121698029445963963914285570383406001702184034183345084006413932614188035526302838692571257574
18 46 1.49061741882013247264923748316216755928544759930046703611679673900668552039759945252463578488571550046713647946148961649395496725387474565108105738287
19 46 1.5501331140673844904370108355742487509992885486970649847190178439310055407383301835742132024302862191338614253920537981801399022726336013832386362958
20 46 1.47062187954834184226122282460842608575375116869401897944220550991912710983930407073371140701678582360728602300320588568196048528502285448390760450783
21 46 1.32292936437331854444017561254749549466366211913918862365166045842515245646095128931982631922246082670326352685731523942777708848616113990318883051624
22 46 1.15138064495539654693700827144813872388082272249314359780779525084227296829504229375336488514642669240978531910732534619016782173439169809659246096585
23 46 0.980520414625986147142413056355990606425503808009703171864316566845939180802445984094760949909227981820737166496877531205275822258306439077548293097231
24 46 0.822389156118204080870690989697026377704357353011533184958221053899026091124507789425762144465968078640021127659047050149353082763770804028710270042176
25 46 0.681809881605732553134564935391118687280429893173883888854095530545399767450042974924132042309354034049202233927115190964481394821744278614884987471726
26 46 0.559728038078029775437136509832721360317469421501741632771390141876983852546421670606628776110206667261841354861785971673865371560107642915259135675599
27 46 0.455172370835747791610428546193867929405895149434636433225032984405262658826223173893243132972874616766925600183987610588997644555501192544486298538766
28 46 0.366349078482529756849376458315977337604810708351578746719023023604135698391667724901480516613584786224941405108602681511371852847518330043838780987588
29 46 0.291223678655600510760211102673578593163373475060950419768017911626307717905537425749617415283071646754893871458689301461310506435299760940943612904609
30 46 0.227811744838608246634090313000487847881914265734228912239238814036249990462458920054590754937485848940832955143803227643860280734732723176188269107734
31 46 0.174309463627595189403862174127232839082165185101769456602506875838254840375394357945974142692536943711747895507835589627840455050603669689301984739092
32 46 0.129139114026465845150528664234900092315935513508706942076431436816256848780441702378183678425551842640232816105101862756738416640225348008714913133057
33 46 0.090951533217221592394767671609875564386942501719599208122639248434194139741960137522050778878838730210470715269459017792318906153867521026006930071997
34 46 0.0586086036432181206424157984097878664529027213651283940643404772159585231758641367982108808692544602054788248244873784999665083059466137338355251547991
35 46 0.0311580331002446093630867417281829441547330007226872120862338375148294577560275670684551815965043821528728713368321493580344488306943536920713251056558
36 46 0.00780670544997032313922845564044057171556561222216057574239840993307824353634122810314703405434410953525161298176422303023496335021322222680412546090178
37 46 -0.0121044028053592041731095364838497589041193457472082228756312618716648005276132032425696060360296775105560862089043660665686726428587295140157795985036
38 46 -0.029122502356788328502932696773022324979141506555053362254036555359012711597968480944680062938169279890552528035372474253982704800359332883293773060821
39 46 -0.0437021388600886917107537639322619284827425122482250592215289308242881408228231604808326301905921759329966856153975442677001690994874420850272845035692
40 46 -0.0562213237902815749659700619979550350962660483687305873293135181048795489082843446125122269622750183190711229622485909977064328181794697153557661169033
41 46 -0.0669949563275259051055663457785948984836641525873368690489790798050425084566651616218727609139342234876139545774977372100209255220991271034754119232768
42 46 -0.0762859058773655872025309993777722880032786032151066043686304382151613872115655395971861757102505597411183599384142229031860666331919441245239288398693
43 46 -0.0843141212706208861329951320805938886988649155674806964616248354997580466658800599540586009585745861330334257124926255947054376576247298960163689159257
44 46 -0.0912640996582832306173983949200772818402962807287163861179413135846892766282195196669958592205574036403532997504621940844567440758717840312406977945305
45 46 -0.0972910044895737187679520484818327619841710040135271096043545816768046547146529036035183747229611327161927598018785648022845073474105379894961624055661
46 46 -0.102525677278286142327666880994358287619148888264301977395180020292807690474093314997228249453733869362538351599835213164571329089839760952976636377046
47 46 -0.10707874657370580491832148018291042950289597510173927536435630291967741028311304309556535882607830945000664593805323963603103346069187611608227347594
48 46 -0.111044001393987918971007505749237845316894148701464535586353633419244895539053404995593718614651843931203439991820572905207462287540668471172916226291
49 46 -0.114501165696188259624858075825745945482755352327317355047712898998194320126039721006528385534728422706525591139142564338908348468332549405731720463313
50 46 -0.117518184926135841201365849740849126217800501689231522314014893685509378302862646122386060427753317041376662041039840977682005999678950609576804861882
51 46 -0.120153114714774980398262452297127926145267871462690704526994929686730338955105385833959545074465775142071527394154089760808755658741414873357769633138
52 46 -0.122455684693697489497400000242468533611811244670190874922155568989140689847446344898213522400831688657216255446137610541606729402179568866722466587608
53 46 -0.124468596545202280675996591418646180713540990490085755179676684563999563012389485109317808418723904651742609157189765128676865439651018511714410719104
54 46 -0.126228604203979830644818630943305448411071810298978339116142709845597893275696721485407443984413312487701154039315618461799575845481373762883341167643
55 46 -0.127767415093416377501908421553409073291421890119240738193155608274007389628447488819765210743495172806635167604243923889351469720361106628924027793388
56 46 -0.129112443995830439153713831837037225090447246982862460131971510986117832083215108454867304626624845018212406418150412527111390117115418252581389416394
57 46 -0.130287445282545488592269770982129930297616066272589069666438082136855721616408792442343083171058862412022976709144785950881828224966322226806667978038
58 46 -0.131313044489921627669510469453579540407975517878485879258163117364017624815206256480447663505173127503686810331784549995718898227234869988123099649006
59 46 -0.132207186397925020175830545165054141125584778148448282265939709302811885556117249476612441418637157870321223238130876682469036476461770498478299603836
60 46 -0.132985513668959465658090161514517588182570522796824444677532913791642855362499491010560063822802115798631874635964701803185971567351525290709757189906
61 46 -0.133661687592628630594588533911977452847843875939225300638598619594584160912667383861310396029921062639310425900344275396685420218569543624912130736902
62 46 -0.134247660441709431135524064992236883533741982174936380002710988272096293774816522933962235329675964621304243921235342334417484798645919546471859333242
63 46 -0.134753907283838609169133878953974395583812129589443181842163061067755461132224787417755745328039993622586091779696754944805109358521296803046425414285
64 46 -0.135189623738631727997359873207304754826640458969361584726531281831402301537701093604001567818429857262233205820972342718591734200685120555840147922024
65 46 -0.135562895062266240835463855912031028053001433831880662497605705889903414462105535526200540923017574536910516549847685362207211648424611486661908342172
66 46 -0.13588084103379235913453823444549785513851231911493997218789161492174348426442370798234595595690962690491305250552671086952876727175399993343811139955
67 46 -0.136149740371751994696037819335178382787086851103037930224180065870418910268820630594151161965575508110946002114832109725868290788907036278747134901144
68 46 -0.136375137795695065343649807891093923594986783134028876824727602593251924267370872327861737154459020688691500804493936100292119905833478531528661822443
69 46 -0.13656193634042770673822288316658077367110942988364551778888433696532139541163046863713090782962350698382447254705493352762030061609469340330507806666
70 46 -0.136714477111591086442019489702814233935919794598991035660017981577661224540876826725665641704896414852861419119541144478706542589521698035117016608755
71 46 -0.136836608323523807517540028983200334891748510896278266225005869953492664807957196579499321682147180499906722182558100981111041559367233024788605666694
72 46 -0.136931745171410197686243970024704166067739295689426128842685862189112873716945684697217748924511632105619103403212220607005753930469129557088007166688
73 46 -0.137002921848999389768661769433870677819226732711348223544720613258016045870558862458357281132034067854116776967595929034801865884106618045701443958392
74 46 -0.137052836822189888098628168572843274508725419077482837347978494920401346719906413908683049834909324125934031919441066756335895158769803198634945849278
75 46 -0.137083892300579869663656474217658293049068103798672412017151402034210435832555654105520788501088525442983877157582394689084691347380161248212830500047
76 46 -0.137098228708023970320726226566273227792497704792536530779008272465701115217955563945796034199080095182663949449502736158789487537960311479380759982878
77 46 -0.137097754834679302254910293431849154062494069094192717194651335503962360533467436986969017860975258762510646289609692434028879400676596506543447814145
78 46 -0.137084174253165949391152858315418900216051307192002627183180884231683948245807481002178872677717807080220784217796621248485373347437812665764499118622
79 46 -0.137059008497185193049648516369961920212698679431544093382035356031736307857620175834917091684822897997072752326534687284090937926263402929247364804825
80 46 -0.137023617429657346588488659320438053170265710281202234357097537726383532876462375445209373369180977417626742747447074279071586761013791687360415055949
81 46 -0.136979217167034091300392870283488939629278360742693135448756283456366327900231478749106569002344813960268664291309930863839437455355282999453003281404
82 46 -0.136926895875148064144680325729814145311174815208923529253922969353215263000523591102689956773471988065592773192671629502410360844544956620775927309559
83 46 -0.136867627708325959199514859357493802633831720411755685739550222430185131293490257833972014769793051667587857421706659578690065461805269218924059796409
84 46 -0.136802285126297915417312923086718362076174578596773097098102016789232652781800599883223636452980123534515298739988058227082708226824573468174082357042
85 46 -0.136731649791675616416096961040554160680816530387057706326503923749801130338886017385826100054383051337049145372275598105050899985082637572351308557264
86 46 -0.136656422223601633042780563399858190133905168384068926900775227454625578629555703608608696917440247717774632398103451039769294197786237503914221928528
87 46 -0.136577230359888488056728881312814158884904932723654553770297253737788146694436995644651407430785083252922995348104195251029957613092696451252941984841
88 46 -0.136494637159977398757451387772071922439171641902873901836797064953111510249260137769697571403791523236223938551220858431782177023959051988469482774019
89 46 -0.136409147363858134849214114072392828128391793287622418206087750241626631195762583685816995931227937834369128710674387899100561157830016821918860188663
90 46 -0.136321213507286169496358003726632045177826093468711986309637964991261696305349944419414487854408954214060972099146504936902937277742364610256446596736
91 46 -0.136231241280860151576475450638930622488553794266752650843616776540071227262885998270158511102398665392264796095492577255257080876564085617301636557619
92 46 -0.136139594309485262993644270166112420962791239069155435922647006560580472951109093017766484189321625272511654878747220362050662368359890618350927878029
93 46 -0.13604659841919556766088997740810831318171269782326467684672399363062776833559360207523387652207925202092746516098190299484467085189166307972533158191
94 46 -0.135952545450028638395968393386611072709384834116015321539871263429799430462991712366853560077419201513799851289597737756752102809363276521468113454435
95 46 -0.135857696666458335494301972263643710476515604587037625444011973813287635664664982779212588074549143331635196891487476248032973570067520972988177514605
96 46 -0.135762285810643392216438391652079896065568935653375339472138133523564281165496387260821509830669424843193356076911444948228995259400719723551353709155
97 46 -0.135666521838309971051236375644917934507305398668617016462779159709200513932835959972300877037236953851859166778824699654343638803660064950324249413056
98 46 -0.135570591372344310599538019824127008836356344129913600432982905706735125717122463631621897061846713698202932247963099690650582748316457667413922951106
99 46 -0.135474660905031918428200796692845220370189323471120011568620368164681942809707449158855950043248330879460141969177581309435283716356883262507990694482
100 46 -0.135378878776261133797899901802868808179195239216291953359447535946606124268454760887211247056700153009511944744161384791771272769910882355784158132998
