4 49 -0.910886337025610467083169808981967544134646640727830194741930063926391866627002425227454482388786733111315069201917176125292345666453269367472911017553
5 49 0.770880004222436322683137021697389288402587763766517848994956260511397613583124312284257901161088867205589268390020084196118830196994735350353050967053
6 49 -0.0604710776104706755855739373101077230834186445606147374708875202372087633442666922772158894200406160582587381493555266911918270865013161874216010699561
7 49 0.698125027708456479485491011797099065024318244420612525153642165346126202945344127148159875541484237811606897142342106550489372361103552313464423591807
8 49 -0.567849102205615456547772070193294743820892777881733028513741316128361367099908766315611615978012144365400559262725542504418874317006766301758920055293
9 49 0.666551587470264980862890575279299242110266724097299586409213175599300074052990069695288228596070839470377517461400162561682553354031834083015576523454
10 49 -0.0783222635765542188488669330348016209028729748861860502877964704206625852095350793347367478088560694893069721379237831101640586402874004997777809350332
11 49 -0.451361110919932251715804739599796965299710519179588720774941535792600459970637341577497355730289641769070080527327222871552512875013200353019969281299
12 49 -1.15342413356842955988682582616414975970515775107101915303398895025428976813471498285133422238261163196980435061434871480196228880281685110327445563661
13 49 0.816724555505661963350417263399779782951690401586173670350102085189725253341122983915645160878926215359628239826962623550572991709351588092898310401462
14 49 0.604483524096154798121223554837463271444724470342055028104869140088526250727488725398046385080509106377895723355219973564885680052453311638476640623517
15 49 0.274387927618352380624860968453177303857693288654411153724351676773813383066634624869383485360488145528560003257795552108632513934050994092242437982941
16 49 0.422378727922230687540849949825854489463283072095868124394442219064337569355408973376260092819700818511612611878596630552503317246501554303727306746531
17 49 0.783102969992041125804136571295575169721017693376391528447506363141955039062643486635246314700669786258913403952227475236148483946749504578837177474931
18 49 1.05985151879976950338079298769705077765216147054972529304814275904237569908321346922479687010451019773422588533968029891000852392085774111182353270955
19 49 1.16027370564164100963799789372905703853302554443526685207315719648890946541519065261849113236039766798109463842974535056950167520058166630678093834769
20 49 1.10872624137126086421139652691774418624894248424869800589733959887804750516470704907841307433805215079194203843294962371489913664934327507416459363629
21 49 0.960469445985690989491777582357561739588815597281409379315775543914719166550886651757592023805293034397560244423476823291834786922459456494159460382558
22 49 0.764491139906115788863351004936501018933248053665842769039392214399756112776615193835743317388755014023413467830391366151193455147171539865648480153619
23 49 0.55453026645479739429561742068738991678614352004500339167924960999527112078985686466691968640543622121997751736479382290050272896386782367831541193337
24 49 0.350669121174088955606185635879633313522914112904906766129359841280438468994308574220130761489827263819099126360263190676214705336145522708017013448098
25 49 0.163324011332270460257644604140704432707125301369905967519771698523675309980035336550894873653651255764341119582620024625839361052926399990022360194416
26 49 -0.003174393787890025349828534909362006023921044817940195776171615771207961035085564733328163942867038847422513485257651049331888578577579304870867796243
27 49 -0.148018674111539404887929598463886586882843127526919992238845787324782933975509904079760033207381183671317855295802582265646125488221416345574830496148
28 49 -0.272272498868340246650797981955525635419483691924264675383053420183253205072381649259202860689300583685543386625987974574877025645191356525741352525867
29 49 -0.377872478620020929409135475558855698048122729087294826743855080869153014200792862170541007307254978810774593096920131042540885242665786115365638059317
30 49 -0.467056482660741484118933579520198052940120216127555748435683579496917580850930412235715628816302454692002585407382559323152536694388003889552334715901
31 49 -0.542054894202519315040005052579229965806894294533243548933754740423839928544065627788202118489922262461869405390874322605781669511040960030336155660853
32 49 -0.604937612730570876948337991677670755071631842253231319465702496683138967389733257993648046743750611322128877415931641228249225321179479874199978075545
33 49 -0.657550019330776303779466999508272384245321013872431790130259979080502330310544605090797236080232609806171303780545156864703027313658083276932016280031
34 49 -0.701497658058637157037818899545289936918934072762456862731402863258584248963801610360637945291874507907478558677688768208769191019935283929937614539267
35 49 -0.738156009560733789776291346679130408790877877109877716433224984578868136341153918920652009512970522756064893793661742435940259441040619923549558699042
36 49 -0.768691845126175370418910338025486466019448646778359492557045640128774781316202651834287633521872995824629345017606532478722324483429730627395483334847
37 49 -0.794088672454022192495644849444064718732507271269645192537625921209289608109515433067215334737877050229184188299343614410797671473509471663751436735477
38 49 -0.815172307632167630344301928195712539746948106708009680899043101184037153771679353560226680449481799455896043982440636822274313333818668686712090393785
39 49 -0.832634629709830791674976110221803266004450400489476530739983496679814042771003796210164887435807090173895950412363935172776418482018905531453148895117
40 49 -0.847054706879730415440328304992251805285940689440341042358243310277318973820431987084942985776841365250729351088282106310649170676309504448010941954327
41 49 -0.858917095925799411187857995147553490374379936843681187545008939123687681248725662224975486016708171027082262227741182053413118387060730986856386300531
42 49 -0.868627429524054646832255699133687206343547984953811643133661446096300374087814389927114314495470841841127343849861025529109508449498008035574694716224
43 49 -0.87652554940946247523574189515610171231627555102516971712865926707584661194930850848662136785137212752490447286130776756305888199166187163368832786789
44 49 -0.882896493584878025295528182757172393550123026377845231719984294829180749935470138358372630830356660372047447825280004527662141637409226958851158517457
45 49 -0.887979646803869725531893551836293133737114804288142892017384448798493721782481238775539693707220636842270225489223587284601923087525452926098807674588
46 49 -0.891976340696236742561747787696590822621631096384153394298636030079659199282000339631603655981822247230869975092872587094527183233824608447186742326263
47 49 -0.895056157179047216494637638243262328195781279360691093461467459912248383491210654445122866653193883746403420347558421824066346867257744652932242018868
48 49 -0.897362153784018995439732775582073885969703592304615475423910357456361287577684015911822031845830093487263857127955086641025947805569363503755941546075
49 49 -0.899015196086066342942016341764354251053374290713786071764064181474803496570004258831490503747012745254054789348104929178360746784040258582250617000789
50 49 -0.900117552286316609538184944082811839485398909481978243582374389734441981556683126425568335021892551981151205160507430479394883630227563619630598552687
51 49 -0.900755878778866684966137277846516794318612334525189808978498359334462508903888917126680366946804461969629134926973576444965871937445679628930675912007
52 49 -0.901003703200520095567761138809795106223781765031309766481290642476153423671539944669361141976547785032827917309073099029886084985559755368827236438517
53 49 -0.900923492719988574153906174964412911020307496019554564552408428389590116987630117708406694874804812869687348506765557875468705164777404387403913292269
54 49 -0.900568379742304335374730221185495342131583357192543202674040140531378126980802841891299288540481634892330550467893970864830387713770874672002583537882
55 49 -0.899983604335717961798338953761591840296927939291439360397710733415384561369783585357791975082478647962477174383032219699209470591971217164108129914612
56 49 -0.899207722105445601353944733157962269915383503039336915481997062619690769093763507064425840819028924866393140698345675411643527936023282066259155465501
57 49 -0.898273617558905180224604670563979212657288463503812591616249036675941053898129495937819484582891116461356189837003658886479972457247029726045352670508
58 49 -0.897209355899377070356307454272873661866791020893096204841243057446263144616561146238681726130145413840371130050844498386479852328950404187249668378541
59 49 -0.896038900368711780524262315390558407998172998725704527881332004136798149114266338843407090534967962214211047198401379703977165820554459283046067801193
60 49 -0.894782717500420470809395054744281373574290768131972918225341880428623861165029736600600119357857838558030553387078246149833289524667099817200211532617
61 49 -0.893458288748427053674304199144202064285793068410162577956877674194420383509399742095480736461299228076906250137106536551366148148194995053531456088987
62 49 -0.89208054376477036946548117317817803164499479093850648362361552132883410480564645974783292464193749042168922651792835937518694246595101763005020228454
63 49 -0.89066222798150585873019210314900861857145131147243834750722945512249566911063159775514272520343811258342704500162900113509860509006636124937733882166
64 49 -0.889214215001923478094477826043979416213080327822379532134788422202946989849205428089282425576186977480803085053982779942234094286275712697610566808547
65 49 -0.887745772537709009880054676840136569064506982726422041890491440684797478159981042109450879504997079793669073604228930459334442482688691493681031085641
66 49 -0.886264789171729521030233593735817335095865650482313268789468177495648428022633405447229515045406961594412745853197619148170979223528137475283749737336
67 49 -0.884777968023776156770217337949643599611985014962456714699952278056834852267689405519988371546680606744420190864052364430287042787050056625087945841094
68 49 -0.88329099240258412865503942658552274883976762231283799821024097149733883330686584905996435136006782009970506527757794551690381388586679806544783141605
69 49 -0.881808667704162468913427240375361006733068294520276585222542489289625161679827266039504701712484508641522726849682093860365298771490569619326302255962
70 49 -0.880335043133307297746937553243043250883216847690254051076121533810578020576935142316782514603126827444181417311827743189063108571298428039433160409792
71 49 -0.878873516257220914931604058194056016614190974727125903207748020670256260070132719698253555977200286606384149977902438962705730620511617447887430516059
72 49 -0.877426922927091233290799244655684039877936906885891875413381456296655471205860524912659687584238602922651076868678721070387955193555847892888005829958
73 49 -0.875997614708703671956861011513437652479775153981346162805150468209545953373627880502997709266983546239895906251151931713897453958299797741068109075478
74 49 -0.874587525633084004408354519979190328721364231638010451974965471184346667853054892553571805916982812852781304255057414969176473154162060923809594721609
75 49 -0.873198229801682606982391335107653181059012386052542164528293684738197463474806070896499435913035251950768534011298794760945258501090544673408205352383
76 49 -0.871830991148579444418174549773532974340461711851503062076386907921533323842864449060428179410444651108693058965553200489187867756214385910145955691803
77 49 -0.870486806467110138209617644187192372818898663107285015013875399735490117862282212048303788829215956629289978941307294534003556337444611890516598546521
78 49 -0.869166442644005735515511465517125511195558294380954198886306225618154040875843444300111278010189285276563830467530596734555830978878277435565613953511
79 49 -0.867870468905502682619771825694496680485373189961605472902419421353612552647149472389124011612369724546415926911385853293773284863021491836797448309993
80 49 -0.866599284762699780460570856369883276168873247619335414175482240888394264787703321383626228505858273342293015777885984798205359937676289116904592467166
81 49 -0.865353144244225017468341665118385879750049007791920473363312134534162442118118281690565963692415035268248396168379626784854689458814593080570672410994
82 49 -0.86413217692013142229319702432898343593394661523424630455001637961113643278653187598616138133524992078465398722510545824587793424983412172311498291452
83 49 -0.862936406149460842823634685787859381629334605231184902038885609012260400660821207534064709383961852220593457786829733560045578708090970672427335327562
84 49 -0.861765764923094105682185004738121336381222707756928107868807639370013498313483238180497675994488897021917101756478423426621701265939948016412866622175
85 49 -0.860620109621674060231084562302771317871558141652067893431990116893883346420494432953735456524517493515183307524698324767017056765126027136623693898971
86 49 -0.859499231964148103217640462604811540720121056226856372495474104999379084440960316651382129552101558969359247024911375537448811829731838493932631362135
87 49 -0.858402869384660042001460799014455516591266416947864467024075247623969250615859980224770881198947161126347077922864048049747381302241792240877373455709
88 49 -0.857330714043147517889639471992959702854382793158928778046164247203000387303338813326502255602389413528790908705229956742821033467937540189223009327391
89 49 -0.856282420647247514713973463917038646724645579111024524238992253826153982239737790015713755580490203216558821960143786790290446152175591695581071615305
90 49 -0.85525761323928618402901018787600819754296133442055964218062783196239779736353969883284333420936307324763478118918859809712588703544043502629639329101
91 49 -0.854255891081646722253648164501391315052177098917799536829132216032281315498208728085396912760142371518937984516618324213613979800340045900311811382485
92 49 -0.853276833756177729610315791069189862465747972986156259405250293635982610731789680404335303185734867701860953446014037646992989997745447545163027069566
93 49 -0.852320005578107902837346873184447257993221943370435737155663221123455581154624233950188607527042651544507107099348526396366874524212840160774616220073
94 49 -0.851384959411818421366458924259403603583826159044096990855603451949481977164939687908872396159284727786619761250399871939633124494278656116902177009571
95 49 -0.850471239964492917976771339863625402333464220539486534161112382310344386460048243051487953141551003020593350712972116031070499605926095570188126830348
96 49 -0.84957838662386247289712044933263438625026895960783344848163180091831685588082030722283719665209561734390164428821819549753713145042678446193368535298
97 49 -0.848705935897773574707264411954181806569994927447869329284254129026788203688220282515423561311449215728302804935922168427373603978698162240094826535751
98 49 -0.847853423505946401943318879279883897592206314723185869746560223601337837589520773348828911056129825383664204483393083787384577840704581067075074819724
99 49 -0.847020386167902089428460538731651683291400713939650504477434435105347259848307317958339171793416832529540120887103954250622332842250029088623686283445
100 49 -0.846206363125486728829714974453649847822401529067147538405513814499927105401758702809964200620721193920724662346523530613161812335180397389519738617933
