4 5 -0.756806413858300196301334598261889959803210123538774192667932755996625644394262334994417046621718457112944132976286376831289880869532298115294054020984
5 5 -5.74750086596731700370257557069822925723101176847196191752711159614954334685573062851715042943386359773567776034618777774899538537288734128365574301977
6 5 0.496545018003391731138852912681450502165379607217937711380470273359119108554580175814367936577854519385655208280348449623233712743376931568126884503254
7 5 0.259032641115263532645159749711241422988254614273267650184026917891103618106661014411300827489752667174206058468230583510430730907493313892887107400918
8 5 0.21093152682115056519757188366261124949854704443334896795418596246974785064284631843460652901197267365626168520609204888605956129190423109362468939112
9 5 0.185053890352083312460335219350389486205170221015420848100858738036400117787919322868081171700690300456829665703828671456742678544642744680012481587929
10 5 0.165891185739929744595397649955923887018760576713593595362714673003190851892649366804211145213156839873478507402475367394688034874346254341095536797031
11 5 0.150164048325967197639990776920870054495127585861230368718900256226630882521599709061718518403974980147403834580187447909623818458712184296205109774599
12 5 0.136880150387126021791160120680868700115272912267554746018803069990051209582401555576456619158707970066022829181505324363265597970789844991825635524254
13 5 0.125574453130089573002355768536743473621950738790866598306469492072655148879969672870254525105693789075381306484727493495790230906843297158862310696739
14 5 0.115925419493319807953140258365010537311659043744908328721863020336280842809475132988610686328474091086608642214098367934840959923531924519687799249848
15 5 0.107669805671825301512669032146128354801683883335183543234827192631477128031408722571134976178659911733773455373927039024399935788657396290877746486372
16 5 0.100584203801562458829969130239921353068515026164990625569899926933736054314540484842760819861694290669572337925818914075721575358956942474089211387917
17 5 0.0944797218480994258261837757855116036448034663137347527198714082360322813867193891665746665637308461516750887086260703604972289520733671196179206666017
18 5 0.0891982119435206571071085926933635648890022256383300436399606972974181245794994340553907311267450319473505634906119441113518875438272843150095259297713
19 5 0.0846082666423971875463371743866168871907176656659911015178402923020713881422044321694021438998419192979534304802812045246102656505786996693027505720992
20 5 0.0806011560928478434560843229890161445955642075267081704794235633973206108810155426165910138910883549223480582296335987357215564473372386670524626002257
21 5 0.0770870386754727610718302289988535461052245336421515482358010313330927123350493392034252759289703212341534323889864965125014820812906172724897475930409
22 5 0.0739916293281240504532872996834822855547870702314827253473189386438737960371080685657890918815965710932611371522433276612304220633702994416925816742657
23 5 0.0712533769334083410300359789560488573279790545887842166720960132300272650632156337973669839955207825715188224061510837763837868736812838222819441598007
24 5 0.0688211264996511814623465114734754070677318111997499091886660031310453097556949986995428409818065317310582310538996496383545714228111657495315457149661
25 5 0.0666522086316397280172681560030349677507232502420297910642236692731562622441617542056383616068448680508000590059932421479106376297826952253887852148768
26 5 0.0647108897581957236366948697197779472471413409525963617657447687943280565414856828106020693455068006073802144443523645491775050911007186470226195915328
27 5 0.0629671194242614913354922491002391747003558783064280679788199685851258998799685684473666981176153134864010411454352623392903545588008822998748717808972
28 5 0.0613955186504792350600312324158488248074271901714170385482309281212303885728137409123470694284150379031596519196383590285418988897129237018452595201592
29 5 0.0599745623120143096444472239255492400760314052425838042937262664739441846350590149190587605833703041300897597751533289326918048107806630904833195492814
30 5 0.0586859170209822066247267321771718990454995326587745699713409578597689710023650396355422617086880368584922906811350137210222527546719724686920810715536
31 5 0.0575139034581978128077022489694735603336643009955878961237565735377665029085819987368316605825119963961172381196333496468343764934568465209022541565201
32 5 0.0564450583335984406895126177959852151593062128412065572845252863821581871363811194660494864648430167267461225576375203326802486071176743719360731499988
33 5 0.0554677762283409134984919053497104140445050478322486306051876243350590376374588307403120469421804587513454173765950339996652877041315198287232128748069
34 5 0.0545720156379477164259912083789472204475281774592673609503119790404052369118218625374817609300935778605272665293097830307772084727264448494191530333523
35 5 0.0537490567657895092426102806301924203339720486214646254985165579656706203230438469975833526897764225510569603803189281793300011362029452939929198890866
36 5 0.0529913011691337220018512627809467638242758718855389059097185845063940930284977532066288517128726665191967828732646666305524702319297241507030752308976
37 5 0.0522921053733779384314013020288786642441452995561400363638935555086909579287171160321767703291901694791127264496627795234791292818766937608640419042008
38 5 0.0516456421573324615611700904393178048241408310464516123654250310640457961488381118709971173929151867977887593642374869484020672410832489977223192597981
39 5 0.0510467844648028976197307395585520472396023507421304031037015059650955496198271680538814311397337683919027241401016632762274378426637165393592610400731
40 5 0.0504910078876262507156656840102374479952828755403173622343348806389218234092613447601632921033810061905221155145902516378250817846259160332237358638997
41 5 0.0499743084495990073432594334239425233884049754131477537002450240844509867684663843276336241707643861316561302240140134858184451876607709664266406183823
42 5 0.0494931330438513679347858559580972166608443731090753067662432842438541674444097974282331008150719495435715706900565754940204405542885981728723037092539
43 5 0.0490443203728192030027946548621565555903294807837896668148524889859626327390630241547362066757527871274123606487705525309365139429276017824869420327391
44 5 0.0486250506370345967813113904388694857216769528475172051112712283480160226667769420019629234456549872356494037193308523054988876529851611193036331506039
45 5 0.0482328025375280574987208616627441632022982421311290569509692691801508436478722564027567089692788878336318792749623042375608876382570880515994532953438
46 5 0.0478653164131191631906090052077631500403995784758599650188031839002752004934388441579592452289448773329227245736245665103580070725560426516518274683426
47 5 0.0475205625410940265329067783814766052998838460396610587122160115894348053469222987176548057726376599604997217690409159938122898294984942907471604946189
48 5 0.047196713797777557155951837997146785326787378706047846004198827368204378381648284923537369170884433160722894653951330039668761713298389050930982237995
49 5 0.0468921220122018899700777250415375024585952332194547646067344916594793843462732319667307059749547107538516907992544025060447654870927623154569975632238
50 5 0.0466052974576709784027156032961015621724378363028985097764446940593428581828410566005574646566635059384395969271791963133530393864923682962067209448531
51 5 0.0463348910174424417244685532176440199827425210093428440226744256615461215434226165266827576999103330769288381076028028584804511371355171859665982752671
52 5 0.0460796786358900663484296750798658772854571547954243704329196961138185713100906350356329110026865677944768337729886359239921652830096437151088188287485
53 5 0.0458385477284751577035654972586429408956520752691688611972686007298174353892759436917823373190313037319438719725214968895302482007349276742745130961924
54 5 0.0456104852751171925000176595956958726847117238539827242035665668394679735377047031991810533794346674612602421699474692834689206928368376707735257978583
55 5 0.0453945673640955610194035853684015366904734225540301204163955906099829299622921590333651589356154009052600607598147686182817374972533609266503125670669
56 5 0.0451899499890264266071487971153729520135119844450843977328408885795164853909180006096804797063539589407749128369258459217539187142342018172684252735772
57 5 0.04499586093102468469730828628586830604968994694499774921384737475298731255244237065648430097715199911474054931584730875927239491099383014187227141174
58 5 0.0448115925829177969796441538436254916311669712836444092805343962631350231662795706718679441173596712115016587226925758926908757035144103463615603285338
59 5 0.044636495593167037274778381545153625697205175747707235647466875467459839479845972195915347394498412312177896000067182524596777122145806176308144654512
60 5 0.0444699732246567115913017379742927356004244939927573022970615465221995242874407361375838324661999480290110916476049609103521749754469253432752702595539
61 5 0.0443114763382916131771565262097823207780479652419848844510429928700189847917318678309528983589234281279545981968219836919110561645439298993963007003806
62 5 0.0441604989238543871206047737810838274393989868151370469658496585426188351346728273760011374411803967059229943475765684103286760599755476126497536282238
63 5 0.0440165741111927852332308683565981063264427650889222253569565640240116224092768904147837691301206028189298095765112997052085173739416646067176604393903
64 5 0.043879270603840850988390043152771227860083043806413466140630134917182159885393792315018703118484957967912896699970378170095730313010233444748127231504
65 5 0.0437481894848828674611308199142220158412937328242315432270215852064653697539254273040644986271440131170627427639538864279753091936812427436397689322815
66 5 0.0436229613514555086382579454413624064504626981098954637630287826635973811514322117857530969005138280430453107939302220769955839923483276338577014837662
67 5 0.0435032437399272636022275185368902121951258659995379701423327649444720925840852069209332065037765885113328531725827010620506771421224181393758400058668
68 5 0.0433887188086406673565463994273128903862378037518405896438357651354406567474501637513260712602383221450685802397908568528801881445285967464114292641366
69 5 0.0432790912492738336683201797286736524125100824153745595399869246485744595275645589540637111893791855513101156173757280322761030942798787657808912938176
70 5 0.0431740864014750099594356049053813260641809745365129616479350071416493651612628468335388763778024854778708956017745252979721315981715242972894191202586
71 5 0.043073448548532693459030987334957269920526174386604034587779148461147598333691843042420332030302032872182495255610149696924325228558268028685717111393
72 5 0.0429769393745359838555078281368916059245218141606654094789401234168142606588696513217299296541331911272635926368092201837451924644599186429398256627344
73 5 0.0428843365658157249496008167035898510201502919549432467362610944555842433418847181216862138618536566875322192432777042788325099831343108284203959922131
74 5 0.0427954325414876285416154976729241312147115985824472327709728042592449952039908020109668173118252141764017425856972805038670592480381543722532641006011
75 5 0.0427100332996871569874735441094561869118177328374586601782532557503005517642646827153826217823737994234011651083320931504320594430924238933848286712914
76 5 0.0426279573676290874452274347331601094079333031960958320089896912725750052605875835737073569416360072258553817808084806410583979539444400351354284102847
77 5 0.0425490348449735156571825888550332440736245662244520943358195982955137723147361989594758581574675981006283551126598214956933351801238649703129169440327
78 5 0.0424731065311610886923296935796036153614268039332027324469037298259293498480682269444113637086293843574437712262404410708020404735581633899406652267609
79 5 0.0424000231284161070348575296781832615905462151078300131978806520625734924989500119359469858223066644046550760407240374705509377325145019415270532383584
80 5 0.0423296445130261513435797324361858378272971412739394633192223782365472858747542941338954001966653528254212028026824564113975374347268403243120114483617
81 5 0.042261839068307641686628728271225722997363233311624671103963496938980898083531732551631374537392309266001448260702087912353292035178007230764608417044
82 5 0.0421964830733724533944200742272170138174874295723600290010162842274964455090938292704912343841065891650875663127271547925931616393111027463301912650224
83 5 0.0421334601424336279473619394667195081655593310622951499861036496411734975239283797112080622503165558613365121863020841090978000101477040359089170013818
84 5 0.0420726607099388693577013700838187894932737028181509153665773728452024407116824155128164267657514746665478352552786050613730220016525444954170395922449
85 5 0.0420139815573080025799625166791462429387934480568735945189182814959266986334758801741989622964030113087529989771668536146630361679191761390288848532594
86 5 0.0419573253774827545612825991730168563787090000333451136359173945968046900283568904159292700602798552099260427959107336775236622216514135300476312246267
87 5 0.0419026003738809107275028757613518034378868548396581651565777971052375727882680232742962734411510133093088129520589919897675743092846072649820005836745
88 5 0.0418497198906880072133045143618403732109123566192378066790258926656688621026291598794765814547900290290120188204654600689257577112620085916433518825946
89 5 0.0417986020717233743108507127770672288471060983397153141543140675671913091060876406511553425915710565891061564341472785422625005656103098259790167970042
90 5 0.0417491695453880155681715939813345646449573878986072032176390381455619929649989111860143105740055675838539874983464995387822429892127338988718990314072
91 5 0.0417013491334433821564171654803471976911475540162851333141020378849630455774378988939615496107771358143091716586918375673444489287804478357509849389884
92 5 0.0416550715815859811259200839945599250656711966392463173093008495675580027599441421370531978277672034522922554089499360492546315957236655282900562644557
93 5 0.0416102713099759090233366377426334523595767791626889894139904671879423446373167205140196852482734873231774686270984502612688729010186084517624200164133
94 5 0.0415668861820504291164993391653915400711682464447783965964783435014881485284941545136537636439092669699856461985241679832421902037448149846527415556957
95 5 0.0415248572901088905989786166122231849572546131386233437248801291176863405703288363139991682886500197326929057111797352217071025844473126159663537259922
96 5 0.0414841287562946227388247875683092612971372635120829798593863254510108635877998651961238668669737587907218322973802935524217513668050795296366995843179
97 5 0.041444647547724685180754055371661412625339779421301287361822733047557630838708183821164783485067164765455260238845923028388558141308380336449927468292
98 5 0.0414063633046310660822676102426040512169364849526193525416813294979344231008417543891733910536775596235759131423204803281302626001937914558487498684822
99 5 0.0413692281804784574284323779481098924700300708601275543027612780389424142919977289877445208269935376206308107564649492403055808799262046307815341148215
100 5 0.0413331966931153064036939566513982044324956352728577114376231507430178937411361716807742843272199852725351800032853366796119524545987204452366939042442
