4 7 -0.29851911659789818712873977029698650242896014083827755294121565651183917784095834054637595919721683081364058216829464317016886897620801268227690426089
5 7 -7.69316018301412426247304632789433637430808002206078481819536559528751516807643765231908259153345049677048661993463686541231507990090295360944152348615
6 7 0.96929300131050638078320956027557489070224031085860966153603143263613281442174078364859961599595704118551469186048847600460143645001158045510601264503
7 7 0.684401699940373061265435973082053340550553266756137329951134843066471084745482239184612829877950755816591967445136971146080327025914927771131911433022
8 7 0.617212578606026812861430719958077816888513649342555644946347522351469694410475609948382735733121667207702384635421712778348270436620754141506772158537
9 7 0.580364458389047281377074965240536495503349931045247613403982083623938045121885716278565776454044879574372904207940233662053105051306350108627220947585
10 7 0.555078191389152451522774749133964798079756519631193066707370050616814064641062214626915655299512214838753618671880860861558438389894341628730292359787
11 7 0.536325932295359776443320094846032315352409767725024537462679767628188203848520789539144090028254224738289032284928043894088563096852187288724765939238
12 7 0.521941940794410536461480512211281910648454315624693390012647954738535318780877238566799443477708541417468644660413512158978399762376372964638215814171
13 7 0.510684768389233889345586920079495958862182697568836531633557343439264166227535906191088338322679436963374561543459117333418990240579547722958930002452
14 7 0.501737964263341257985559538452588356842811815417408192569398066091250458684895069679670179083559715645571184353046796448761534061358306018991938420577
15 7 0.494531531620269041329770127497004524117089907107447497509640114510830125293551571582652882830697411635389340888533369382467644536225178642210206049814
16 7 0.488655863846625696662122888047887729131674140792496808732113558865169466661586178866862008826368089866947827421315480083136465887864373289914310582072
17 7 0.483811287998757478706476218292521451880022343007276839871072870364055488423818982239854084567191124942945029588698880186347636540327045088672480164647
18 7 0.479775450622784658174621548881081540416293420742654496613251975254169738003676522609531228235118376492723262937027744643322037926563922809329155349677
19 7 0.476381274178047201551598744767590645244950511923682347276051880563488330907179251906877270390657014861074971010166445041972823465909153618138158126816
20 7 0.473501715985263582985472034695342896722165031846479503939258179340412772245693153953879259299260909852485876912518755481640349814438352861106486865887
21 7 0.471039074981459574810645877900211671555833200262102458002918325597402339888194530943510162374492346627190786661422448005052861958696045853987598276198
22 7 0.468917399419015989509459942086537707326824497220186905589816904078098439095899226284716681676953813954785946768509775110705184354525632609741170329921
23 7 0.467077036597157505213927100424342445266693644997451714302103639657709910264635668030126828811226708617050993185078732731978602634975803839453500072483
24 7 0.46547067827884147000681170878163606099340541368502632427891380884510813090765872850143342121627104807918109930885232057213614524711931677740952491569
25 7 0.464060461142381010169732866804131170266802021102464264856574008568012273615327916521225543040667714172738585100559384310370665825638338540308323808335
26 7 0.462815818928141572884982866626116684228422265892077475873260794783972683784523184543640090233771011210871666681970400029902381634014071232700529511979
27 7 0.461711875508033168367855764379816220098082115053418325088599388968677560951005246097502369438410576085588358273892379313896430977269919729865122786615
28 7 0.460728231050042598169251752838975986891967204338621872159145739684684106138284477051796984554118308073485565325469898956846398101610763210505002278131
29 7 0.45984803661742759534152275478734429628756439740903288270911236358881142467463379376463319545256313813445833641667469737156662821851025199327476029819
30 7 0.459057282404764339218611590775473820794030777767937769959884987503044073985539373739499613485847113065394409237649879153206627932077655407897442562112
31 7 0.458344245655469665770664050288436564092554454355141316857061688753618579817064016512804744731522163283478387451872909820730874092351988643641845790438
32 7 0.457699058983088568128500589560202319295777103311847289125818940108788841449300055862182580932019745564464658638600962929241213689044170241795134416394
33 7 0.457113370247770872214362772587732140229072418426828448576626605416924792077638257991896791385800504340125233227782972225453957387550256178133421616392
34 7 0.456580072615532500577378731531983816164725340049544473658138215999909783437113046249018618233728014449259604714032650681393712442332777441113672984366
35 7 0.456093088833933331109491429147394755585480468266138143728147933870139050208622939468948960535080675855747809142795776583776118930445148106090755053729
36 7 0.455647197700155823972272352336373009470875937762708837410054739552960262967327737286056997775534890342035016935450190806872337876312925282687327210489
37 7 0.455237893596163765953550796298151102796566539193407497770018797946361131345075588313616884915405439782171759565657826966508659469546413247160310940002
38 7 0.454861272113973099421354402929666255556956286560541546936635736822842567453649847752993147541626330948327235678516342059062808993758351997660137863078
39 7 0.454513936398585731975787819285592680936802958501757083892530943113694174181071275541956150793144095960595635310024608032824239705018574876917025019695
40 7 0.45419292004339187154098416034430937743504923681750894888412731443743145086663249433000750742197979945005741997410443269403831467251491126038182343642
41 7 0.453895623287689176896721983301822678217366063700758176069268737713278961888626491842931051188763681373805835650607190217614189812174541079819785968458
42 7 0.453619759963987335648742531303158477514104256345349363449043135987121608486106502845906445221221991094058537279973028525556369676341696625563974150089
43 7 0.453363313178868287375756549885491372244563621490541233740644866764538275519199002006161247053501233963308019188229444847863267709955384375599027061273
44 7 0.453124498125525301559479582918292345724364957718225892580294602294592798962848252646087166163894923337383538871665450323426588050049003008077928361666
45 7 0.452901730748306748674282473402388312039062422108238387753901928523820067483972098718148204941519993888593837325705943624206741837893009906928011741549
46 7 0.452693601231600572100758399236852228578850484734440738146045523712186204741946489187822850533016991498915061515639470502321816680605162689630582729936
47 7 0.452498851483610680248757710776024006125636639090625298046671755762396971085718409287814989878709164085261399102407528980458332953486885514053055919355
48 7 0.452316355942320063818307302670758741848346253237097511425220357534668144872355197551632840135579508476845622240288266065351246560441232765438043867804
49 7 0.452145105155525900004218470730870646164743051508881544366097936104460890097607016920645882048641502347709052101502734474642236394667289206669773546611
50 7 0.451984191686357454837857685524556877177093995133069830359029892551275075318484491147459981463863894874519056563950346602205050630447361911554539946931
51 7 0.451832797975570884431122369663479485828497982142323028378128305526282411088783922471462561063681417055892794945225610148724660743404026987786203758117
52 7 0.451690185856327453073980694872944715088412648286031478296947976558247845491929392746060855165440977426327285642183413158038818337744916486901622696908
53 7 0.451555687469329199557763823953295575527798969895007092651860096095371026638935619112076678420330092734832755558132006848015696043270113296275577098045
54 7 0.451428697368616354323457079694040876011020409532501411656245296624129445933238326816385553644994564406305159528983000875004354111872770997926128199868
55 7 0.45130866564298281380473965121390132252486510019677873156603138702283708321034703836005293698261011644542636143492784688694767460024180623455471158405
56 7 0.451195091906377391298525094660189084728590307801739745022504427584620576936467023155783764053429077124557715727359212835522453880204250344958301139191
57 7 0.451087520034041952883254097202766952233051348331027170718974543666584280082502634163128098024441839576910200655032502409029964800803610900288759489537
58 7 0.450985533540453379144589655858684274758965738246495222304202433576486341684465407548193020489320324409653058119922897464516237045266341340524533098813
59 7 0.450888751511148631686128434667180067277354987144997140731956378346330893752088820105015292392021382732175539388156535934980682176996003755751292767749
60 7 0.450796825013831403480361977335323977038734536312601137284614294899476977180969996171091832159015189985338150316578459541672840730682517991808274470235
61 7 0.450709433925274429579440759097692945681054753210608215178713105720992556035948466313546354029077684413508349926192329243194052428267023012356647716811
62 7 0.450626284119837691608497179427780406788915110253801428460622499391360477396388534526506093964018018248477143399242523562277648507139404216735184183036
63 7 0.450547104973238032121394851868108448246140633766861407471147169081592183381154475138931919038696713595957032699246576710872425650043784716580648945602
64 7 0.450471647141788511726785275934144085650937478285605486752739696748735959728055777201338720824747812869558085832981766710951710630687461075945273350639
65 7 0.450399680582886544001950045164135017336519922959340692136842275546490919984154333210324390163322573307466890676935441524139257000128082132723468738552
66 7 0.450330992787240247577289589408513239331656134970696699370372826405996970851537329110409418621865212243205101574303780430577550914458234902323005463055
67 7 0.45026538719732336839402492891171513675004345243968458816561122059423696414325593513700800632833768583537966243963354914852940795990361240970957558841
68 7 0.450202681789956312433981206240209688823134904194011562703184299246075629659943841403764825533580252720066075355497644470762927831509869999168550075935
69 7 0.45014270780381976225710983154844818741091165474042288914563338756785070144064724919343585668503887162754367631124084331194228177098547553895567305478
70 7 0.450085308595197004028650257572545264197541648374082074351878844727056996828981649287778115028906117250443522875105314211308357070481165124462634557424
71 7 0.450030338607376984646789312107608618687059986198833088569132884155050327907476853806592272958377253409267942535130491366280115485595047390615173314247
72 7 0.44997766244098676212992502467365373617074840366036918793858464731728411473688016943805770385913174261900860568897134932399062340533655762804532817063
73 7 0.449927154014104884197206552130350061909420513029378531299174266041106725188222092768299757467795815622299399964798259648417503028048113638141064472792
74 7 0.449878695802374372932202718873739003199850847100223146657151775339832020563014012704707840391364257768130649593651983771935418926588785470423412912987
75 7 0.449832178150517314223702729820395292852113004628216863534724477964170543958823053851149342006486142165445406449791871299434452021954931835805575117366
76 7 0.449787498647679377282458838988172356610370103642690149214415985674630332850965321852121143170511038634619191924638603669731984303055749073775017784487
77 7 0.449744561559924535145900893724212023154197368506474102474591288534261374333758187521409952304169647292780459610350063605122866093179055252970528549837
78 7 0.449703277313976927985708132011866258521160366261542532620904111833741487302219866828775901736571129030572104021536679993692424084894911617413699696205
79 7 0.449663562026984388080114080876395840306737093436169826577231175769437223667595336600663992532169711232539729259206345144897754566323933616175846700323
80 7 0.449625337077670362946980047646406361530446724106069467464927014477119155926310698621015054563286658400791047200146149405495277278492775400797497912434
81 7 0.449588528714759515017657910961253626211010017730915798722727718198622519624763420863722314433910819745638215284706282929018929945482158339338158408737
82 7 0.44955306769901710284721458595739083278705834170922346240337785283011448619548115767276867613472061845716989513734954121381355599810111677925871724227
83 7 0.449518888975641869448319854462431121357311579497925032381139704403206646846369771039224070904810263364780850802307658166938983700198461663200658100426
84 7 0.449485931374103862204321756648472645486832627904591512761907599838590054667688403672149115564067636070704690466879070606382264631636463221631379102546
85 7 0.449454137332828634069814603672612280963543172792066096988562936233887913471439768263651273962101699926906972184308068364365879040864903683492500755584
86 7 0.44942345264640299712349283411413131226844841068385571629789046546767444082267245469114671354656210396734550733750724622544588619941476716989247233507
87 7 0.449393826233219540555367437124289815474838478701798270559664262137006942474599949913956143389183403648368330583846099277350399471507709323069928393171
88 7 0.449365209921691474283246392672870122275557460880951854810905660792781041983630263591103020571538162213987190738504629760084552337030630596278397684687
89 7 0.449337558253359463361987285929525686476512610847232222766219380594247201586631124776547781451106505224729596554972060085750979958733889416229195455038
90 7 0.44931082830138096106713283340464650478864189161644638167926919574710624099447853888572036768619278046153499472204460831635816036740390951902836136596
91 7 0.449284979503042717627101016803949559147978581196655511822622797347171357474399139555210141302155250085965061090502225700267762491840167793828577795194
92 7 0.449259973505070884793287687565898055854478932147287173144164787870255271446972354132266545769334522283671713802827452991562961274206459908858396676326
93 7 0.449235774020632409490070265628438199430366895898979334976936170981108181017200020445776177854863113215154660226533049042262561522654166740804295612405
94 7 0.449212346697027917026576798333004167196343589510211522433604648301985043267585223361743826465400866150716975634839053078270398801220093085775077714749
95 7 0.449189658993171513397773667262646873323687032188093226344845666694823834040916852651011441340872469922232654448413450234035949446507249247426369921767
96 7 0.449167680066038187489758878074780738934491224939766027397390553725659294470214119040293544098411638813648734895120100150811483671680430118281766508911
97 7 0.449146380665335906041077442032743365627693020936804762900873199749712294572295324975394922030150873346686440922031764609093393030243379707037385694618
98 7 0.449125733035728065201260855342365998808151052386193306511430417223365329885554362150823045778829029432805309475178715989620739175839325254895015364844
99 7 0.449105710825993568912080348476940118570730232171475282771322071432930436123499039311399149349963306518251092501196939850478304496791490262734260752322
100 7 0.449086289004567216729545840209037399402493162470647357097664590789747801338898718419252481801827165086034539473181442361365141767593007413242511398735
