4 8 -0.260467310763382219933315834579994810332729453736499367031945139321721158653140248758872057568371185217421893950334730123120186699471430116292474889115
5 8 3.48197352472839742328962746534867576491477942857385964922075898533702727675382188373554283461623165188459565853423870018190780406982006523205747615789
6 8 0.875362932896285318796029315950029470421471333326200635589074353462916253065673575001752914228938166142969048730480440306996100083622412347596054375006
7 8 0.796055226435343716943078567694079702096671948014549960050914220199520738991444145802809137217743318041606560450335788211590793371446925994364678777373
8 8 0.743223563095742555621533282832473154364678907244833042588729551501842760198173662200932532215747881209899637129871526595102760669575863997753559857807
9 8 0.703778761109308655914911673855573143267764735181148885635285604878904981950654124911534956098803511645592055912906978809736585762880819490456532110992
10 8 0.673093832814256450345778014580254113765194543649884031516435686727019559432496894652362279640551931491687420983779743781950212948898073827190905654522
11 8 0.648868667344697272075315958732112490155815089478210858586563345642061573758060723835971842378408705291284124069049215003570482345192637855273993563517
12 8 0.629564726448224014312736538230486629695469713752031293491973349599813125292289036511280157493773121494382825733711334147861709257672405434555276426546
13 8 0.614041186778357773001447010277695775908572004850139824187929598955897073217720053240087202108100506138840978626395087355221059409130757360072278848202
14 8 0.601436556223309954239756632222676596081629068333878266156032207726940919668172167416886563018276170559736119046173232194605792435710400654339698178921
15 8 0.591100393168120549560579282874346582256551317428365374905931055931148577080064921480951432815268650995504484605115990855683389851618192099758229406169
16 8 0.582541574384559837671446275441614225284490102770444059166105018577416054215583484545355299916613076442428755233484794193559615820188905143582955634999
17 8 0.575388027745992788051178456193657842837164939886147131757732393479499749409130921298929754953514252834583734226106481548446712694815921282787978539851
18 8 0.569356150789326498600676114808192241122018712853082578003545045886228964013262868635055654848014715535898164669934185607027995107838575932449094370601
19 8 0.564228077679113736235396209816318376926684398678540439543445429073646360930821300167225644227192217622223874372550714098102822593841096969278373463898
20 8 0.559834974678377496529199591755967046771261504022638629841533266873995124986124430224101764236728911151564260612525275882075068294025608829263882468157
21 8 0.556044811471945974602879333157070471157824744647524020187261477305320892222791099452480035365780561334943762314055626322004025918834545364885499555689
22 8 0.552753396342254892896105819487789729672387605066027268815328860641964467823709859747582810576911560855526380841955265535470923383759724206235150111161
23 8 0.549877773483560017414668006042529805879207646596425442269790081179334663271521123411112742970623779563731959010436162390660687037759563183296325679954
24 8 0.54735132804528962555490154262128563491947549692589150425493121371718714927271053579088062344812259457788306930217871748862295319181362792681019424224
25 8 0.54512012940156871300192376747794731672506818418205963077744666432826229295430584852792795374496255702220028895535926563159822979445106541003842909537
26 8 0.54314017701723587967422396695945564984596187697937361541975325960487056489382987518812035280851829396088294244555879627188946822848391227518147962351
27 8 0.541375308705582825836327156639819382463764711441357386706013534855033565748719303315635263347024993424428024388823966298454277307450987751469422843785
28 8 0.539795598670492321944394676879887510958700947563557791923631143226854072942895439924819458892860030257513068612918973716006762890498932592458215265684
29 8 0.538376120579424350282728218561192153988033123414965521860591160962399856487812206332137821644274049083319901058317032440355796811335285904199194836407
30 8 0.537095984883284997968153782289199892412617896847689006566913804209773256344353554063467409551238547771435877797886850562961373838564498491065812354606
31 8 0.535937583829313862556524421043221509837164157659567601284828303320593611495203869350173804324777867750713063451315601199962273384451698599053778138862
32 8 0.534885995001539660380287511148508532904842516389432309876277565237872132646825996212938386408525012244040954225782560403327390600204551595101193767163
33 8 0.533928506787315614789901008494760428093333587201657806298696328639508147377395811722488465148932961061421182648835279684184496523635847034344688010001
34 8 0.533054238312301671806664261091854081930723076533403808267810247121937261461635341673078032959358424004371647707292012774230633141946511850472376779765
35 8 0.532253833090424969773335838028957278654591215644826437340201731723308590213851269555112509457102205839457026338513302555831605471674404047579651491452
36 8 0.531519210587388447556208928587627950161894306321761918761660018251763055180151682340353605107765959372451899672294508262235319765243500973616535218747
37 8 0.53084336358111329887788252237311061194231548512318110354919431652609851633564147712412835824378393501937700507452556725391520495717019487598012324917
38 8 0.530220191964223209057497784722214929191709706129359909888546256007559998690624014525596815533071678768936046810177045265853186502231101627431303655954
39 8 0.529644365718161505168796212452410439156399222340602861393609801644464268514614316378992801707894154637775303679756134191671492257594078363734866911017
40 8 0.529111211372628271924051194248004913792472731073020038639831094106894402852027499191693217842282435746691777379841183923635626502373063866287856851276
41 8 0.528616617475830971006987202878804888656823205837838158013524387963392208228102596044220004435316437235319153205522520068025710192986382040133461005998
42 8 0.528156955533984343167723974182061927104705671540070026877768960226218117621673061330930165478072082488025926319271375939193802569509448190446489995891
43 8 0.52772901360117557512834973361726956122478842707663327393389392733656518212587886867614713527348225904874632781800114725665415303122870741140528898605
44 8 0.527329940263840584516077813370634843418752466856714419735088990817971653539061517352237214229840140147287908041671379194528643082279164334519917916172
45 8 0.526957197205408555734208492316311031462762147153461757171919307231668840670231655567819828231146428520633900762775691039743806892129873395061969368107
46 8 0.526608518884417165910040560170940297493306252105745674898364277072434254089890873466454811452201714392877092742720614639712915470540687994275662681644
47 8 0.526281878134865788044827471933080050144152862678247085367079651051026240670522924133280215138897531611813200833951243846302279655930527216112898487374
48 8 0.52597545671689083513298530520901720031559490243994425364958859772826391656724332068390373693674603456085594781719547906393160410956431451308845498287
49 8 0.525687620021314117984125746462833725988689166616703649550209762116802648517028833457557017675435973912412957166575528558907448160582248977829992918117
50 8 0.525416895272658787083872054144937382227982789161794919016564781835420753402524123176131769106259309826874382159882638078878653718761924718546098562745
51 8 0.525161952689113855171559474911953768753840622645773021911418785805409886272618049436318467511027099634785803726156749183351647853210572486879381332649
52 8 0.524921589150286641974235466002953123508803978131086467569839361014308788824903619248694456992401006232239815182580970279337292804609059994281212418572
53 8 0.524694713998796052075180957178010108511906902474281153835697991889316338683093084102166722685517481157050524673641228517794924990962013423708440650211
54 8 0.524480336663258225586826413618163870819361044748141231943331355128863496866620795635913046126692339491610890234270580680547005711696580512824186343528
55 8 0.524277555840696211233613788540123125230274555818355059177140915692897253921316145791827075998498875477325823250460737887322405716407823106721314532726
56 8 0.524085550017996397854992094996583429150481560051227162154882641053272543332741063785518560387449047267432052922873875540725042501564024705292574234755
57 8 0.523903569146425671241093795422689038273628775745188568623571259807882018540627513661223964649801502959882742513155180058948270560938289572366844866318
58 8 0.523730927311760227496879823670247377141024320075425469010463865282020955202517212986655666608013023597102624568486731052937625634791494590380379983769
59 8 0.523566996266335973064204824968357760628933323505783492368114736610751653131557857172546978151844552985875282633388153375453977141932254480849176292622
60 8 0.52341119970917580264898594234073961395157578049002476123705579802330557324608568282886101218189661589596265192010896164745227702246172201220471687326
61 8 0.523263008216977539611864871335295829439677418605516730358270476633895583143346208571487940794537500290502105942290816961904547219934633148998085994023
62 8 0.523121934742721733356045464522314394476793438421161940764992933001965706885769183761378388748871789754254663996273212753968739065093308807782584689375
63 8 0.522987530610438657845368259395368475690992347221377576468764111246763084434373273028871461929350098329029153271396954956515995314704688513821730613357
64 8 0.522859381944631817135006283347988980119578199036090271756134592948443429087276781790323713073511640306420803429933345008325804398963332899528286407845
65 8 0.522737106481296074855060930540291884565173504649069164451985167211597564362884560845744854201004026993676907745548295334017620720777642040406822046672
66 8 0.522620350714642409874003120225733869962381626793206846594145545531427648787512998790338799368633939668998920466275844068194744930712172659496289877542
67 8 0.522508787339754172604716424734020610255545874454143965632551468097731643662518810408839454041284434130880116522812360408361654640633221007469800620582
68 8 0.522402112956621544279470941085078068854005607476202862988320955746871382704714009527289236300045147631528162197596552585910555452798369957029539292878
69 8 0.522300046005472402400732479080327668961370110604525781859008674711394289893896497956298338169916621727295145114350470859642593751441650492469629170761
70 8 0.522202324907155806767022202921827395023137754682417683596977453626975803816531910874280660558973191147925679945502660815073888774004161819766154881698
71 8 0.522108706385636124170268761587568476981483580678176561321679878483039089447969204003029914847845183168321994822172208940761210085879501673418780178143
72 8 0.522018963952502627026726641964395031422751699835504614878867005337289799454243676253524107450270790045920459811197563183840233577308791322384569211737
73 8 0.521932886535859222936744512954408377016806211150140441664990100333037920272785008014810196574652725281386420489398001983016080170767027016820346978669
74 8 0.521850277238088861220665138228264323276770719869732295578778758392165176566422418890523387380681006591347064880203635310868375823824171999259019782461
75 8 0.521770952208835129649019410826002891054266343327142695060121336903331493244603997872726412493785255651715420124319510292914938944151490472006166799511
76 8 0.521694739621150092961033060397537454088177400938734337211270447330446155639974493397863135374676772785788011056827754286121654791912065176980921422778
77 8 0.521621478740156767726484556023848208154571446205576605538602929868893633558001091895849956533219721382741254936177864220867099798185451301770809088014
78 8 0.521551019074795783670050191177125285972666623475980285657510718752989215354934550429198661727208381142660953936394437005449376592215056274471216234258
79 8 0.521483219604293385117643798632555949094448894955669655753923616477225489148429492188187734533085330839701261791944506127210953814054408110827923452508
80 8 0.521417948071922945282858544820933568512725317680443335879534532694978585714382154863216833680678967721371788430609930098203498573089399554115329533246
81 8 0.521355080339452484439184685952610824944589075794275529500938756029055090991749318517904815532478437299249451674777441755744536871572540897732121985319
82 8 0.521294499796391585736728592344141340334748550307755565061644878094972840155173668313354546776936061716807877845957228684274008964571871201745049653763
83 8 0.521236096818785679988831113224776559000082969732554247775055843076316462959367549957924631535535415170304477018199737757782687878470337792536388087687
84 8 0.521179768272865156178827665131432074388955836120544380147815584737848831994279075831944276902154270103385402606874915680781416067005854746777824081322
85 8 0.521125417059350805334884717394308797814432055970190004151227706104023340989725977479930944564564355713125862836438946494474321518654080873669440330938
86 8 0.52107295169465404051322885855207119009241544380133145117282728085870273345993856972938505210385236496819457541238987718547842072621652359049629059432
87 8 0.521022285925597333462597130062382245083975154990049134206248904282281389823831687461839897059172700590119125342448534496462561495951579674592012309699
88 8 0.520973338374623574810721418572786619998247132951037980474636680371272637987956233810191823786149507551423042112202808189279139789468471254975346874299
89 8 0.520926032212767973349473097328543576387308932561826843208058695286142261634594741543094358738516318966554600888377238550151232268818312852961585160676
90 8 0.520880294857937322941081274832283895638045198744085922325901344513363173731276104425414361199942128514622309027748169786577765253510960687914044256959
91 8 0.520836057696283033304219354861069064618825885188952612460524646396707183673791712458172953610310872835043688415673823732860194031568504056716545608441
92 8 0.520793255824669768723434261014464289363915696027946879481105024243014634442183278212314575225197418310613986610523933945363412072585905324012527745039
93 8 0.520751827812433939491174506341832541449976657759104246160269513370632884106215880164863000539026752811478671662095515158639742897825524191389190146949
94 8 0.520711715480798327439403506624992986185401546137868626241405628972702293157567065966912485931102769844586809182853718288804598967341587661320111075581
95 8 0.520672863698463144999291280024383480545778250922037034078864708579863743659022259116736775776962669829714842881689733777897143194836976332127077653061
96 8 0.520635220192031880932977375780922222525365545732551701467845184585539270751232335805598563051001732344031631249804001929284190277067254514688492011485
97 8 0.520598735370054176514064756424298095849389261049656235847414638673199568873445482707326209189379547174071205098189869358559911765159002925813582182578
98 8 0.520563362159579285362052325464595929575826036377194354429487146530102503414435790474985970877185173034323227722341258834449341434155674203990795106965
99 8 0.520529055854213789456912991470786283051956854273807217164808175371267380730909681710162652846047919008598708603419079462974151489990754105768559160714
100 8 0.520495773972767398069420124195534463129213972147726338882191578920229550583572750088903022264957581923515693493880014725598279481558798226665295274947
