4 9 0.643453647550034355247645204886218725440865542425386138276340808778822750982085932907795333269904860112964030610511288211801208671665745078851742979067
5 9 -6.62027113199850885658935240566685568298136870790471825810558658916336567235740664569971160935243640401764355533577469520693586125983244683727775364289
6 9 0.333333333333333333333333333333333333333333333333333333333333333333333333333333333333333333333333333333333333333333333333333333333333333333333333333333
7 9 0.461671803097823713882352882016334823014728547363827105199875711399288535542640749658591766545223985264753610267956442095391678792212703635066301533044
8 9 0.499037745210388534110796921695289944499605393666905225158706039598947334982112487487233675715933972584359333957989330474483987897519281499407016838852
9 9 0.506521107681140858819709360427277771893479459794389380639746996538553879922282993103606041656555416762461724367487810673175993006390349940417370150077
10 9 0.504095490650431664441876192952198899625669687744014537669997888779611799858237603715304552131021076639348812543995919238336650270093930182535744560289
11 9 0.498610275671831961176080624140047228630077643377139423913234816456948934993910753240950379063364997727944181487726626445264021393039342167661507271172
12 9 0.492577617415171892884672944532658381855660983044089652562850248508190041431113807269971773393882167830817273080095844615592098252409428633381024613009
13 9 0.486903346899798480524164048798401295404261743105670610447700485876293464927954941496623677522928874589707253132749800026693061679667108998778157670482
14 9 0.481867553155455974430967510174223581628670294082103693703069913287192028453345919482887030132075420719670863297240280387271701604856726838485108693242
15 9 0.477506160965267954467737070487534919809071160408226208352960731336218932177288368957596647719759047909260187219150066222210762222214524481235786847022
16 9 0.473765456848913107699676671931535650476237264032602987767972285153463093775769238716456418966456969120905243347774192091570559511440311200619764741705
17 9 0.470565313045242993674778683296858928266229073026501849499761608802111642198928219374266888610875058877137097650039470432249645062035656763317470086581
18 9 0.467824425857405406429947977774413817546973703850890057259019329687485540445024127938218880987795945905278372885840642708910554167639821174466712541458
19 9 0.465469513966084022991613548498015966289669272613886411699411785857503808844837387260561795050482903459532786995903874802073139551437606148698887938545
20 9 0.463437791343214880844050000789074384796607452088604048857665058548100254875669322992926156631146123646330663047375341730291927743600463660585687603743
21 9 0.461676737676682581677317274398408109434543925235454156105245671988509238100268240695865663952705402189274966181762931230353003706646647504122189226483
22 9 0.460142908024119104814362999251721642877414980853509731093895107708046920050044040246905590984682088145052176070055861723628527181516169296130061426829
23 9 0.458800521348381616035195719925510809238971938910101093500023553579710911727350960992956784336810984472364782287208272013801315256047024010969958233955
24 9 0.457620123887776183906332552789676323148546784916809062215313939447119469243756301265992884883524112581732906285054838134378711617596468125488194826975
25 9 0.456577428158960504136948029888036169755651953139767226046806739742273325021168711293718243525724939379134941165882772287828658676720916330716890640841
26 9 0.455652345124178771680726125041735391588331692203847519309604144804674667127902281645365961827903283088115504082590789271888833553425069122193370819384
27 9 0.454828194195977707188940142081251936745173627548448078500528743496164607312949312474577662167201087637437909321471243533312949461581984394109013279899
28 9 0.454091065271355908601858484066341266161220496003053591631264710765125709510855904768336923036967682627734948947436571458581462118877847562854138137244
29 9 0.453429306035099168484370830167067410757058705739886976220791930502533302354017689903425671122380838716379753867966053859847408533562197999909209378628
30 9 0.452833110491983339366831743620957196058529838196004123943259073047470465080006779458773572096934080716820675047170372590572752984903585925158752588074
31 9 0.45229418846912278296536879981217888847054045350562377029203021121182501128221719032636555729347437359977796195033291275872172488866931995310958520072
32 9 0.451805499570352742534137534766300178805451793266255200654756514438362656172433315529379427746770315964927201452997229896629270519093863277189621473269
33 9 0.451361038353902079743956197717349910548892010733885931729615435159181819852875811797068002925419551477667553483623674517957927181619593784028980859013
34 9 0.450955660240919621846360055232276559213488713255235108779274476600834645585818695130148783003526869581007102467324171314055469675989053715472446803067
35 9 0.450584939872277320568455716156997828989180747596942531152168424525651160009386492695714903174551333932357676242168359536581756015003328382738638567417
36 9 0.450245055386575887427342742465869838994488931486953781721541181377981311480781713708269907906470937557256219744508897948863498223712268644268840659492
37 9 0.449932693474209991292079735315207144784440969330400167014695545417350544613394237486756336597231253428785945777067814807365089315539377515953457107046
38 9 0.449644971145199013068388051194567137495180999968171230476990497968912602977526646393805819713248450438823267109476778957263152380321705106441986467648
39 9 0.44937937099549352024164101110228487689797457145510553098545819678346932567646321007304506656438055143572861948450733716149092061281750323883844576162
40 9 0.449133687419073202903054684492060093711871178773548738512993778660951547570052975103008893334279857735367160610679110655313578119308070890180008473314
41 9 0.448905981732220075835062530521810720504229239067873314449049369553406982548016920045590470378771432109377702220353182723299824414655130028493372278733
42 9 0.448694544583886238052978892677744988611379418558481231469451596965407918186769907172308684188320358958360939193003917495747740102075586230973953196639
43 9 0.448497864346947559160940380097604769170771497354644219145997147728341140732752727743400268069149484344467974804853418021604635948519135517642703379471
44 9 0.448314600438586236257587057090960884167879724113583382260303365378729757663795646050804230016092497978590477104186653133259597535207569362202819425806
45 9 0.448143560718939524080206775776480780111828266578661608804757092851590395921042819967049752480891757178686242928725155019111146130377274505161495946559
46 9 0.447983682276968457076970055289672152495885131139044681328155681317578413189510380636429726877412050100847833910395486599606338946976087255201749987274
47 9 0.447834015040114307331029187478977209328987095872955481778896520959423251356272994940574382391068290136579739842948547517389681647710362309998120218379
48 9 0.447693707746596538245014801829631604167184117376454880571794646933083009194074855613560674994648626647486980610215230850988567561102694632008535860068
49 9 0.44756199590150213791225525721049221897679464267186764596235120374283141323733911580380016084300095398022243576804294588618583604950673063317978707147
50 9 0.447438191404279023411543570170064063785767480568038983740215809924654973395892153119731275344116395585091354652466193523805978185322292149007303208242
51 9 0.447321673589122377947797111845592883257440687026316591981114713116147253720606227379304561828178804085054293533283526654012432578617545951423733284645
52 9 0.447211881463576642857479848605883123384562245035325442448943755687322649816166578994707179541318606701939219773169905942140742722650454855400207780587
53 9 0.447108306966468164204896653863742539341920821386424526224340376957585672026305866384177080605944332172564197747522897451392416930778158128562316945577
54 9 0.447010489095612951496456811348585395099825163486236862715601879912631957615589935963212845377577903608660721884519995947003408074690102934030509038611
55 9 0.446918008779860828536102431179501501289620577352758082205782803863374726398448090060084059948311542856904263712886268627862198897116998362606603461185
56 9 0.446830484389934933202685050209880705366942253902186021254006001036315421066921311075431339714421827443581753113433641098442155144788001256051460472097
57 9 0.446747567798996333277263840292014986181903540459285094448379410465965567233151348104011591174096386016193737323490702075942365511359131939143667159075
58 9 0.446668940917541494291845743768673950356988308735418808921752970975877781304610964132468792563119904939960510918819018728578069725106676678198197556878
59 9 0.446594312638634593355515540416083259386529656050024338313640510284530863504213134975550597186167014695495493800957652075109497711869781881348925807031
60 9 0.446523416138997447907669190245912968297812412558310809491713795968951913800173596520079033588410863878926187101461805636680588081357267139323703131184
61 9 0.446456006489458762195325431255568321863377908263590011302856138755996961146284396643193790888875107044673816542790103547552602203585161165424166822105
62 9 0.446391858534970476213235786664503997931505989924948434669704184347145751829997170846910441126525290684545854630535120401049656122531774583023433137704
63 9 0.446330765010051105636650280328202104439747773660556949315655782352625233213637091809985073443539987484841710327993774654132357527953534216910529548931
64 9 0.446272534860292742456359131956103568853108792638363421049696974671662713801970447031857296267378214849704145595085658772302146951928930528392687319401
65 9 0.446216991744616120762239677855605890123361220873658573665863564058177125427851674506477800728811735386336478934898650613782864280172545760084630171866
66 9 0.446163972696396965850469951659621502986952405382799066244700464713227018556524067605651877529369483817045908732130700888747997448279089188155457314599
67 9 0.446113326924515677272796687899043167784855490950267941555800243803808336632421343144561088087261236622397706617780019523435153084286358963290210596331
68 9 0.446064914737882971840186879702118069446624626937877292318968257945359014864070919784443095340542109545021974731695264671961864549070186302174966963096
69 9 0.446018606579134124287476649395356699377839718322896733979959567588979278734267938075347936867799176200917896083152639843305497322558211548599966042038
70 9 0.445974282155020115977866148756937483138890118478847352334543977461807596667623193479632220662290590263521193874942213410001873926382558367465432759429
71 9 0.445931829652602159316027935064598002002869233407554587851119751064617117597723133689177240833713259127959391144373075686275215126766375332227524214534
72 9 0.445891145031715803465998676504890771743403079709158766415839893080718411164891604074831275294071505695172046343447040920039312895526624155236213015086
73 9 0.445852131385344872193605025949905004779782670447449218133672289334519332698440880749707515756498446821555750546593245680887040226935035233563099950853
74 9 0.445814698360561300031515259032064182968230581255350790513560754275890436599978113515756210515033628562192136653361057551127407807301270599300734747496
75 9 0.445778761633567619916054183518244828049256480615576166289427944916107897379360415215381373345184537224714761665608243628537380337783423533573032064113
76 9 0.44574424243314389244163080923024698237784954859281049703699649973080010612535970943447754708859451964681206471931830877968630561865674155358004858404
77 9 0.445711067107466715435238717504239571752243554396556814223261934012914817218982779899671900218630301790427591490390358846284044073483307920246482637689
78 9 0.445679166729848555764773765703125414571962074004230867022893949414131625801949501513433979074954940850126670441585790937989690228091938824638102003525
79 9 0.445648476739452839017537742501161412454570510144331578221856219445457848603088028214888456113125935285541346402876684198976386422679297236405331595288
80 9 0.445618936613484085508077751731737801710232166079098747227011951099652294275586272046802123180063833847660140016404458936058891296363837416920926731052
81 9 0.445590489567741476090839856767014032801426030892347628435062076760657866918527708413825849996893291462579202238515517146230948946291361251539191237191
82 9 0.445563082282765900151056696641577260177521854842480531854465446391703699284225548878643291118412232621025614964373146322360184866158261949209324261811
83 9 0.44553666465311105613664300374896705527834579035082780674515633138733443255842013349185424005857286207227180067636284804905334981793259173614428033818
84 9 0.445511189557533923489764490688392132682669130443487288055560200902755016366360644903638008419593630733187238685671499009779564744946127446224073790502
85 9 0.445486612648133527534011675404242263465550373719627887399072364416607197945970204814618172314182244843363352739415013288228775336497170877389182113156
86 9 0.445462892156673355810443017810346402684187916700725226325600113290077949906214533688284355672232119636922541249242154470937951313759372471312396233922
87 9 0.445439988716505487732481754095247510506114514918329771278091029228000653928076249244335940206027546716122995427374788989167303932725188668950735715431
88 9 0.445417865198676434261152834221458185361444920245519922638054707099890603529768064916877580370031648609097093888332988953930740115888412627775973857779
89 9 0.445396486560938416450797680444970167482067229338411243798860035761687801708576070084225579414074989323714192412490400360825243546296334248174711745656
90 9 0.44537581970851756538688227064533852580359748253548966464965030992313467484297183621303481204991129545705979542036950146609010878182304548843160544678
91 9 0.445355833365604232468278752134094766646078781850974236687273337359616161021331029002178646553236087645009857967502436491452870089924885047080799189695
92 9 0.445336497956631937750299263904216096046145585518700301069175619045902218107934968774312168618186332378311805579894305271267867973651905936477620407713
93 9 0.445317785496501918182918917492200436961379533638157990500829502978056488289182290516844705058481343313225765882492042294140704270980811404980409394485
94 9 0.445299669488991043416637336637011797912222366687549665219229047046793791278783850331692963428568908796235064220668460883931940841271799422565863361777
95 9 0.445282124832653159620197305451874951802988369354198291090631122667427015799491331157788145130249529288958215314119221632571421757886394795403681655026
96 9 0.445265127733588677316224096914910601465681908725177856704485507377784757924543691975056104002157969448962144721180457230794910172539789720601019560998
97 9 0.445248655624515292747370215238522102776092037450146674791899081713412877936787938146270375296682710532502136317333638032990174719195986825013605283131
98 9 0.445232687089624874185916768616537027917174806257758470105873873076285553436452147211493157007558019770789322865657866599591616036200205458054200444729
99 9 0.445217201794758414376122947915494468651568117484276445053864489284137059462823009075352060088588574989100002549365386693186823847043493439317326380054
100 9 0.445202180422473128284206451476715765151476364871906656286933194974316514714529224183270673221185413642033633776827936101444476323474750672403046757818
